Generation,O,Y,B,sim
0,0.3348,0.3358,0.3294,1
1,0.4411,0.4902,0.0687,1
2,0.1168,0.7658,0.1174,1
3,0.046,0.6719,0.2821,1
4,0.0642,0.4531,0.4827,1
5,0.0948,0.265,0.6402,1
6,0.1361,0.1333,0.7306,1
7,0.1798,0.1006,0.7196,1
8,0.1971,0.1372,0.6657,1
9,0.1838,0.1988,0.6174,1
10,0.202,0.2197,0.5783,1
11,0.2204,0.2267,0.5529,1
12,0.2369,0.2404,0.5227,1
13,0.2569,0.2577,0.4854,1
14,0.2663,0.2884,0.4453,1
15,0.2273,0.3468,0.4259,1
16,0.2039,0.3786,0.4175,1
17,0.1852,0.3904,0.4244,1
18,0.1548,0.3965,0.4487,1
19,0.1583,0.3512,0.4905,1
20,0.1714,0.3264,0.5022,1
21,0.1919,0.3146,0.4935,1
22,0.1993,0.3238,0.4769,1
23,0.223,0.3403,0.4367,1
24,0.2302,0.3731,0.3967,1
25,0.1955,0.4251,0.3794,1
26,0.1526,0.4467,0.4007,1
27,0.1614,0.4016,0.437,1
28,0.1718,0.3623,0.4659,1
29,0.1883,0.3677,0.444,1
30,0.1838,0.4016,0.4146,1
31,0.1972,0.4184,0.3844,1
32,0.205,0.4138,0.3812,1
33,0.2038,0.4472,0.349,1
34,0.1796,0.49,0.3304,1
35,0.1746,0.4824,0.343,1
36,0.1684,0.4707,0.3609,1
37,0.1809,0.4364,0.3827,1
38,0.1699,0.4202,0.4099,1
39,0.1876,0.395,0.4174,1
40,0.1775,0.4092,0.4133,1
41,0.1887,0.4078,0.4035,1
42,0.1841,0.4244,0.3915,1
43,0.1744,0.4307,0.3949,1
44,0.1672,0.4202,0.4126,1
45,0.1492,0.3995,0.4513,1
46,0.1478,0.3453,0.5069,1
47,0.1624,0.303,0.5346,1
48,0.1835,0.2608,0.5557,1
49,0.2032,0.265,0.5318,1
50,0.2367,0.2828,0.4805,1
51,0.2292,0.3334,0.4374,1
52,0.238,0.3461,0.4159,1
53,0.2208,0.3626,0.4166,1
54,0.197,0.3622,0.4408,1
55,0.2152,0.3377,0.4471,1
56,0.2471,0.3094,0.4435,1
57,0.2886,0.3149,0.3965,1
58,0.2758,0.3929,0.3313,1
59,0.2109,0.465,0.3241,1
60,0.1653,0.4828,0.3519,1
61,0.1483,0.4468,0.4049,1
62,0.1782,0.3854,0.4364,1
63,0.1975,0.3414,0.4611,1
64,0.2075,0.3447,0.4478,1
65,0.2152,0.3521,0.4327,1
66,0.2035,0.365,0.4315,1
67,0.1774,0.3617,0.4609,1
68,0.1676,0.3486,0.4838,1
69,0.1894,0.2916,0.519,1
70,0.2134,0.2901,0.4965,1
71,0.2184,0.3092,0.4724,1
72,0.2449,0.3274,0.4277,1
73,0.2615,0.3359,0.4026,1
74,0.2679,0.3702,0.3619,1
75,0.274,0.3884,0.3376,1
76,0.237,0.4079,0.3551,1
77,0.2125,0.3816,0.4059,1
78,0.2124,0.3616,0.426,1
79,0.234,0.3484,0.4176,1
80,0.2123,0.3875,0.4002,1
81,0.1952,0.4152,0.3896,1
82,0.2067,0.4128,0.3805,1
83,0.2221,0.3909,0.387,1
84,0.2062,0.42,0.3738,1
85,0.2095,0.3805,0.41,1
86,0.2016,0.3523,0.4461,1
87,0.2065,0.3213,0.4722,1
88,0.2196,0.3193,0.4611,1
89,0.2203,0.3506,0.4291,1
90,0.24,0.3677,0.3923,1
91,0.2635,0.385,0.3515,1
92,0.239,0.417,0.344,1
93,0.1968,0.3953,0.4079,1
94,0.2007,0.3158,0.4835,1
95,0.2275,0.2446,0.5279,1
96,0.2516,0.2602,0.4882,1
97,0.2435,0.3331,0.4234,1
98,0.2425,0.4012,0.3563,1
99,0.2233,0.4585,0.3182,1
100,0.197,0.4845,0.3185,1
101,0.1518,0.4802,0.368,1
102,0.1577,0.4187,0.4236,1
103,0.1725,0.3448,0.4827,1
104,0.1881,0.3147,0.4972,1
105,0.1968,0.3198,0.4834,1
106,0.2121,0.2996,0.4883,1
107,0.224,0.3092,0.4668,1
108,0.208,0.3413,0.4507,1
109,0.1868,0.3522,0.461,1
110,0.1994,0.3235,0.4771,1
111,0.2311,0.2957,0.4732,1
112,0.2228,0.3444,0.4328,1
113,0.2353,0.3573,0.4074,1
114,0.2212,0.3801,0.3987,1
115,0.2277,0.3692,0.4031,1
116,0.2119,0.3683,0.4198,1
117,0.2187,0.3473,0.434,1
118,0.2226,0.3297,0.4477,1
119,0.2202,0.3366,0.4432,1
120,0.2116,0.3414,0.447,1
121,0.2304,0.3282,0.4414,1
122,0.2492,0.3384,0.4124,1
123,0.2502,0.3655,0.3843,1
124,0.2417,0.3973,0.361,1
125,0.2335,0.3812,0.3853,1
126,0.2191,0.3575,0.4234,1
127,0.2364,0.3251,0.4385,1
128,0.227,0.3526,0.4204,1
129,0.2534,0.3539,0.3927,1
130,0.2589,0.3795,0.3616,1
131,0.2322,0.406,0.3618,1
132,0.2176,0.4101,0.3723,1
133,0.2032,0.3802,0.4166,1
134,0.2029,0.3472,0.4499,1
135,0.2152,0.3255,0.4593,1
136,0.2426,0.3156,0.4418,1
137,0.2717,0.3342,0.3941,1
138,0.272,0.3814,0.3466,1
139,0.2022,0.4417,0.3561,1
140,0.2048,0.3987,0.3965,1
141,0.2113,0.3376,0.4511,1
142,0.2188,0.3154,0.4658,1
143,0.2199,0.3318,0.4483,1
144,0.2115,0.3698,0.4187,1
145,0.245,0.3985,0.3565,1
146,0.2128,0.4636,0.3236,1
147,0.1776,0.4661,0.3563,1
148,0.1655,0.4033,0.4312,1
149,0.1839,0.3064,0.5097,1
150,0.2037,0.2674,0.5289,1
151,0.2481,0.268,0.4839,1
152,0.2761,0.3233,0.4006,1
153,0.2822,0.3842,0.3336,1
154,0.2314,0.4548,0.3138,1
155,0.1874,0.4481,0.3645,1
156,0.1673,0.3943,0.4384,1
157,0.1821,0.3136,0.5043,1
158,0.218,0.2799,0.5021,1
159,0.2464,0.3128,0.4408,1
160,0.2501,0.3568,0.3931,1
161,0.2456,0.4055,0.3489,1
162,0.2023,0.4365,0.3612,1
163,0.1581,0.4345,0.4074,1
164,0.1702,0.3423,0.4875,1
165,0.193,0.2581,0.5489,1
166,0.2299,0.2656,0.5045,1
167,0.2546,0.3245,0.4209,1
168,0.2482,0.3857,0.3661,1
169,0.1973,0.4413,0.3614,1
170,0.1828,0.3969,0.4203,1
171,0.1839,0.3462,0.4699,1
172,0.2203,0.2962,0.4835,1
173,0.2232,0.3012,0.4756,1
174,0.2361,0.3151,0.4488,1
175,0.2734,0.3048,0.4218,1
176,0.3162,0.2772,0.4066,1
177,0.3207,0.318,0.3613,1
178,0.2993,0.3858,0.3149,1
179,0.2356,0.4625,0.3019,1
180,0.1779,0.4627,0.3594,1
181,0.1755,0.3913,0.4332,1
182,0.1892,0.3348,0.476,1
183,0.2168,0.3034,0.4798,1
184,0.2254,0.3153,0.4593,1
185,0.2086,0.3514,0.44,1
186,0.2148,0.3649,0.4203,1
187,0.2131,0.3685,0.4184,1
188,0.2137,0.3497,0.4366,1
189,0.2003,0.3558,0.4439,1
190,0.2104,0.3423,0.4473,1
191,0.2229,0.3488,0.4283,1
192,0.239,0.3799,0.3811,1
193,0.2314,0.437,0.3316,1
194,0.2277,0.4371,0.3352,1
195,0.2057,0.4142,0.3801,1
196,0.1957,0.3688,0.4355,1
197,0.1957,0.3403,0.464,1
198,0.1968,0.3082,0.495,1
199,0.2187,0.2925,0.4888,1
200,0.237,0.3261,0.4369,1
0,0.3368,0.3332,0.33,2
1,0.427,0.5081,0.0649,2
2,0.0923,0.8022,0.1055,2
3,0.0222,0.7202,0.2576,2
4,0.0373,0.4994,0.4633,2
5,0.0776,0.2776,0.6448,2
6,0.1302,0.1442,0.7256,2
7,0.1876,0.0877,0.7247,2
8,0.2417,0.1062,0.6521,2
9,0.2846,0.1531,0.5623,2
10,0.336,0.2056,0.4584,2
11,0.3772,0.2512,0.3716,2
12,0.4207,0.2809,0.2984,2
13,0.4545,0.3181,0.2274,2
14,0.452,0.3791,0.1689,2
15,0.4036,0.4402,0.1562,2
16,0.3253,0.5094,0.1653,2
17,0.2456,0.5548,0.1996,2
18,0.1708,0.5792,0.25,2
19,0.1028,0.5833,0.3139,2
20,0.0633,0.56,0.3767,2
21,0.0533,0.5091,0.4376,2
22,0.0542,0.4357,0.5101,2
23,0.0659,0.3344,0.5997,2
24,0.0768,0.2399,0.6833,2
25,0.0968,0.1457,0.7575,2
26,0.1117,0.1393,0.749,2
27,0.1185,0.159,0.7225,2
28,0.1262,0.1744,0.6994,2
29,0.1404,0.1974,0.6622,2
30,0.179,0.2042,0.6168,2
31,0.2034,0.2373,0.5593,2
32,0.2176,0.2987,0.4837,2
33,0.2268,0.336,0.4372,2
34,0.2154,0.3702,0.4144,2
35,0.195,0.3883,0.4167,2
36,0.2303,0.3694,0.4003,2
37,0.2483,0.3616,0.3901,2
38,0.2418,0.3926,0.3656,2
39,0.2443,0.4427,0.313,2
40,0.2068,0.4794,0.3138,2
41,0.2091,0.4294,0.3615,2
42,0.2234,0.3573,0.4193,2
43,0.2272,0.361,0.4118,2
44,0.2573,0.3549,0.3878,2
45,0.2493,0.3776,0.3731,2
46,0.2012,0.4108,0.388,2
47,0.1895,0.401,0.4095,2
48,0.2004,0.3592,0.4404,2
49,0.2516,0.3005,0.4479,2
50,0.2737,0.3202,0.4061,2
51,0.2639,0.3593,0.3768,2
52,0.2511,0.3944,0.3545,2
53,0.2343,0.4143,0.3514,2
54,0.1977,0.4222,0.3801,2
55,0.1995,0.3622,0.4383,2
56,0.2073,0.3323,0.4604,2
57,0.208,0.3273,0.4647,2
58,0.219,0.312,0.469,2
59,0.2262,0.3389,0.4349,2
60,0.2423,0.3752,0.3825,2
61,0.2508,0.4071,0.3421,2
62,0.22,0.4396,0.3404,2
63,0.1733,0.4539,0.3728,2
64,0.1794,0.3845,0.4361,2
65,0.2052,0.3027,0.4921,2
66,0.2237,0.284,0.4923,2
67,0.2197,0.3302,0.4501,2
68,0.2181,0.3672,0.4147,2
69,0.1941,0.4072,0.3987,2
70,0.1862,0.411,0.4028,2
71,0.1942,0.4064,0.3994,2
72,0.207,0.3958,0.3972,2
73,0.2105,0.3654,0.4241,2
74,0.2173,0.334,0.4487,2
75,0.2224,0.3317,0.4459,2
76,0.228,0.322,0.45,2
77,0.2425,0.331,0.4265,2
78,0.2674,0.3207,0.4119,2
79,0.2432,0.3555,0.4013,2
80,0.2346,0.3609,0.4045,2
81,0.2505,0.311,0.4385,2
82,0.288,0.2742,0.4378,2
83,0.2874,0.3038,0.4088,2
84,0.2566,0.3658,0.3776,2
85,0.2289,0.3943,0.3768,2
86,0.2121,0.4109,0.377,2
87,0.1981,0.4017,0.4002,2
88,0.194,0.3629,0.4431,2
89,0.2013,0.3266,0.4721,2
90,0.1917,0.3165,0.4918,2
91,0.2173,0.2876,0.4951,2
92,0.2453,0.2912,0.4635,2
93,0.2673,0.3252,0.4075,2
94,0.2398,0.4016,0.3586,2
95,0.2065,0.4268,0.3667,2
96,0.2054,0.3851,0.4095,2
97,0.1907,0.3515,0.4578,2
98,0.2057,0.3124,0.4819,2
99,0.2361,0.3009,0.463,2
100,0.2576,0.3138,0.4286,2
101,0.2373,0.3832,0.3795,2
102,0.2085,0.4307,0.3608,2
103,0.1958,0.4053,0.3989,2
104,0.1978,0.355,0.4472,2
105,0.2085,0.3162,0.4753,2
106,0.2196,0.2957,0.4847,2
107,0.2478,0.307,0.4452,2
108,0.249,0.3466,0.4044,2
109,0.2299,0.3783,0.3918,2
110,0.2104,0.3911,0.3985,2
111,0.2244,0.335,0.4406,2
112,0.2433,0.3214,0.4353,2
113,0.2455,0.3339,0.4206,2
114,0.2451,0.373,0.3819,2
115,0.2209,0.456,0.3231,2
116,0.1856,0.5299,0.2845,2
117,0.1689,0.5817,0.2494,2
118,0.1498,0.5763,0.2739,2
119,0.1525,0.5057,0.3418,2
120,0.1565,0.4208,0.4227,2
121,0.1601,0.327,0.5129,2
122,0.1897,0.2388,0.5715,2
123,0.2198,0.2397,0.5405,2
124,0.2154,0.3214,0.4632,2
125,0.2203,0.387,0.3927,2
126,0.2257,0.424,0.3503,2
127,0.2193,0.4735,0.3072,2
128,0.1779,0.498,0.3241,2
129,0.1417,0.451,0.4073,2
130,0.144,0.3378,0.5182,2
131,0.164,0.2616,0.5744,2
132,0.1896,0.2761,0.5343,2
133,0.2139,0.3072,0.4789,2
134,0.2248,0.3369,0.4383,2
135,0.2296,0.3613,0.4091,2
136,0.2152,0.4051,0.3797,2
137,0.1875,0.3994,0.4131,2
138,0.1583,0.368,0.4737,2
139,0.1883,0.2935,0.5182,2
140,0.2222,0.27,0.5078,2
141,0.2634,0.2914,0.4452,2
142,0.28,0.3388,0.3812,2
143,0.2598,0.4097,0.3305,2
144,0.2047,0.4614,0.3339,2
145,0.1615,0.4503,0.3882,2
146,0.1647,0.3712,0.4641,2
147,0.1795,0.3054,0.5151,2
148,0.2064,0.2945,0.4991,2
149,0.2221,0.3381,0.4398,2
150,0.2423,0.383,0.3747,2
151,0.252,0.4038,0.3442,2
152,0.1791,0.4316,0.3893,2
153,0.1616,0.3596,0.4788,2
154,0.1966,0.2702,0.5332,2
155,0.2528,0.2206,0.5266,2
156,0.2807,0.295,0.4243,2
157,0.3057,0.3848,0.3095,2
158,0.2819,0.4992,0.2189,2
159,0.2049,0.5777,0.2174,2
160,0.1178,0.5864,0.2958,2
161,0.1251,0.4519,0.423,2
162,0.1647,0.3238,0.5115,2
163,0.1952,0.2721,0.5327,2
164,0.213,0.2833,0.5037,2
165,0.2462,0.3095,0.4443,2
166,0.2141,0.3615,0.4244,2
167,0.1933,0.3721,0.4346,2
168,0.196,0.3514,0.4526,2
169,0.2314,0.2978,0.4708,2
170,0.2384,0.3154,0.4462,2
171,0.243,0.3467,0.4103,2
172,0.235,0.3804,0.3846,2
173,0.2289,0.415,0.3561,2
174,0.2101,0.4365,0.3534,2
175,0.1912,0.4335,0.3753,2
176,0.1798,0.4159,0.4043,2
177,0.1715,0.3953,0.4332,2
178,0.1735,0.3652,0.4613,2
179,0.1943,0.3543,0.4514,2
180,0.1967,0.3883,0.415,2
181,0.1932,0.4326,0.3742,2
182,0.1873,0.4745,0.3382,2
183,0.169,0.4907,0.3403,2
184,0.1565,0.4707,0.3728,2
185,0.1602,0.446,0.3938,2
186,0.1848,0.3967,0.4185,2
187,0.1864,0.3648,0.4488,2
188,0.1823,0.3487,0.469,2
189,0.1615,0.3465,0.492,2
190,0.1818,0.3045,0.5137,2
191,0.2088,0.306,0.4852,2
192,0.2321,0.3266,0.4413,2
193,0.2275,0.3851,0.3874,2
194,0.2088,0.4266,0.3646,2
195,0.1928,0.4219,0.3853,2
196,0.1864,0.4074,0.4062,2
197,0.1852,0.4234,0.3914,2
198,0.1814,0.4114,0.4072,2
199,0.2042,0.3916,0.4042,2
200,0.2158,0.3863,0.3979,2
0,0.3402,0.3357,0.3241,3
1,0.3927,0.5269,0.0804,3
2,0.0875,0.7663,0.1462,3
3,0.0474,0.6242,0.3284,3
4,0.053,0.3925,0.5545,3
5,0.0929,0.1964,0.7107,3
6,0.1417,0.1093,0.749,3
7,0.1965,0.1088,0.6947,3
8,0.2165,0.1822,0.6013,3
9,0.1824,0.293,0.5246,3
10,0.1762,0.3561,0.4677,3
11,0.166,0.3955,0.4385,3
12,0.1635,0.4102,0.4263,3
13,0.1604,0.4109,0.4287,3
14,0.1752,0.4089,0.4159,3
15,0.185,0.3992,0.4158,3
16,0.1811,0.3861,0.4328,3
17,0.2005,0.3412,0.4583,3
18,0.2335,0.3026,0.4639,3
19,0.244,0.2644,0.4916,3
20,0.2598,0.2132,0.527,3
21,0.2874,0.1892,0.5234,3
22,0.3272,0.181,0.4918,3
23,0.3546,0.2006,0.4448,3
24,0.3776,0.2161,0.4063,3
25,0.3716,0.2683,0.3601,3
26,0.3424,0.3168,0.3408,3
27,0.2903,0.3621,0.3476,3
28,0.2313,0.3822,0.3865,3
29,0.2111,0.3512,0.4377,3
30,0.1956,0.3222,0.4822,3
31,0.1995,0.3038,0.4967,3
32,0.2053,0.2995,0.4952,3
33,0.2061,0.3065,0.4874,3
34,0.2296,0.3197,0.4507,3
35,0.2292,0.3581,0.4127,3
36,0.2113,0.3706,0.4181,3
37,0.2256,0.3486,0.4258,3
38,0.2174,0.3735,0.4091,3
39,0.2134,0.4047,0.3819,3
40,0.2021,0.4367,0.3612,3
41,0.2052,0.4154,0.3794,3
42,0.18,0.3965,0.4235,3
43,0.1862,0.35,0.4638,3
44,0.2171,0.3149,0.468,3
45,0.2365,0.3097,0.4538,3
46,0.2497,0.3171,0.4332,3
47,0.2813,0.3135,0.4052,3
48,0.3018,0.3292,0.369,3
49,0.3068,0.3257,0.3675,3
50,0.3113,0.3154,0.3733,3
51,0.2867,0.339,0.3743,3
52,0.2712,0.3612,0.3676,3
53,0.2447,0.4007,0.3546,3
54,0.1979,0.445,0.3571,3
55,0.1915,0.4346,0.3739,3
56,0.1863,0.3986,0.4151,3
57,0.1709,0.3678,0.4613,3
58,0.1718,0.3362,0.492,3
59,0.1846,0.2962,0.5192,3
60,0.2055,0.3048,0.4897,3
61,0.2357,0.3279,0.4364,3
62,0.2187,0.3843,0.397,3
63,0.1921,0.4211,0.3868,3
64,0.1684,0.42,0.4116,3
65,0.1678,0.3759,0.4563,3
66,0.1599,0.342,0.4981,3
67,0.1823,0.2914,0.5263,3
68,0.1962,0.2858,0.518,3
69,0.185,0.326,0.489,3
70,0.1813,0.3669,0.4518,3
71,0.1833,0.3952,0.4215,3
72,0.1894,0.4036,0.407,3
73,0.2088,0.4041,0.3871,3
74,0.2086,0.383,0.4084,3
75,0.2133,0.3684,0.4183,3
76,0.2341,0.3398,0.4261,3
77,0.24,0.3305,0.4295,3
78,0.2207,0.3488,0.4305,3
79,0.1943,0.3826,0.4231,3
80,0.2156,0.3581,0.4263,3
81,0.2304,0.3364,0.4332,3
82,0.2468,0.3371,0.4161,3
83,0.2724,0.35,0.3776,3
84,0.2427,0.3701,0.3872,3
85,0.2126,0.3799,0.4075,3
86,0.1798,0.3805,0.4397,3
87,0.1962,0.3372,0.4666,3
88,0.2311,0.2954,0.4735,3
89,0.2575,0.2946,0.4479,3
90,0.2699,0.3221,0.408,3
91,0.2627,0.3438,0.3935,3
92,0.2549,0.3756,0.3695,3
93,0.2211,0.4201,0.3588,3
94,0.1851,0.4793,0.3356,3
95,0.1831,0.4967,0.3202,3
96,0.1692,0.5022,0.3286,3
97,0.18,0.4762,0.3438,3
98,0.18,0.4551,0.3649,3
99,0.189,0.4355,0.3755,3
100,0.197,0.445,0.358,3
101,0.1978,0.4319,0.3703,3
102,0.157,0.4266,0.4164,3
103,0.1682,0.3577,0.4741,3
104,0.1843,0.3024,0.5133,3
105,0.2196,0.2529,0.5275,3
106,0.2385,0.2795,0.482,3
107,0.2335,0.3544,0.4121,3
108,0.2348,0.3903,0.3749,3
109,0.2186,0.3837,0.3977,3
110,0.2124,0.3959,0.3917,3
111,0.2307,0.3713,0.398,3
112,0.2335,0.3478,0.4187,3
113,0.2257,0.3068,0.4675,3
114,0.2416,0.3033,0.4551,3
115,0.2516,0.3189,0.4295,3
116,0.2594,0.3496,0.391,3
117,0.2484,0.3886,0.363,3
118,0.2065,0.4308,0.3627,3
119,0.1947,0.3944,0.4109,3
120,0.2,0.3328,0.4672,3
121,0.2249,0.279,0.4961,3
122,0.2472,0.3012,0.4516,3
123,0.2755,0.329,0.3955,3
124,0.2805,0.3795,0.34,3
125,0.2613,0.4217,0.317,3
126,0.2067,0.4639,0.3294,3
127,0.1943,0.4239,0.3818,3
128,0.1993,0.3693,0.4314,3
129,0.2132,0.3353,0.4515,3
130,0.2383,0.3288,0.4329,3
131,0.2471,0.3317,0.4212,3
132,0.2521,0.369,0.3789,3
133,0.2174,0.435,0.3476,3
134,0.2214,0.4439,0.3347,3
135,0.2112,0.4321,0.3567,3
136,0.1998,0.4022,0.398,3
137,0.206,0.3443,0.4497,3
138,0.2364,0.304,0.4596,3
139,0.2526,0.3243,0.4231,3
140,0.234,0.3798,0.3862,3
141,0.1982,0.4316,0.3702,3
142,0.1759,0.4311,0.393,3
143,0.1524,0.4056,0.442,3
144,0.1531,0.3362,0.5107,3
145,0.1726,0.2821,0.5453,3
146,0.207,0.2646,0.5284,3
147,0.2448,0.2871,0.4681,3
148,0.2322,0.3555,0.4123,3
149,0.231,0.4134,0.3556,3
150,0.2307,0.44,0.3293,3
151,0.1812,0.476,0.3428,3
152,0.1694,0.4165,0.4141,3
153,0.1838,0.3318,0.4844,3
154,0.2212,0.2728,0.506,3
155,0.2396,0.2747,0.4857,3
156,0.2522,0.3006,0.4472,3
157,0.2664,0.3563,0.3773,3
158,0.2546,0.41,0.3354,3
159,0.2159,0.4355,0.3486,3
160,0.1808,0.4125,0.4067,3
161,0.1849,0.337,0.4781,3
162,0.1966,0.3023,0.5011,3
163,0.2107,0.3015,0.4878,3
164,0.2097,0.3292,0.4611,3
165,0.1952,0.3499,0.4549,3
166,0.1872,0.3512,0.4616,3
167,0.1642,0.3344,0.5014,3
168,0.1862,0.2757,0.5381,3
169,0.217,0.2561,0.5269,3
170,0.2241,0.3084,0.4675,3
171,0.2053,0.3669,0.4278,3
172,0.2061,0.3817,0.4122,3
173,0.1967,0.3811,0.4222,3
174,0.1807,0.3808,0.4385,3
175,0.1838,0.3714,0.4448,3
176,0.216,0.3274,0.4566,3
177,0.2533,0.3456,0.4011,3
178,0.2457,0.3765,0.3778,3
179,0.2295,0.4189,0.3516,3
180,0.2319,0.4044,0.3637,3
181,0.2202,0.4059,0.3739,3
182,0.2095,0.406,0.3845,3
183,0.2234,0.3866,0.39,3
184,0.2351,0.3681,0.3968,3
185,0.2438,0.3526,0.4036,3
186,0.2187,0.3629,0.4184,3
187,0.2346,0.3341,0.4313,3
188,0.2382,0.3397,0.4221,3
189,0.2493,0.3468,0.4039,3
190,0.2474,0.36,0.3926,3
191,0.2315,0.3886,0.3799,3
192,0.2186,0.4108,0.3706,3
193,0.202,0.4213,0.3767,3
194,0.202,0.4028,0.3952,3
195,0.1999,0.3683,0.4318,3
196,0.1979,0.3288,0.4733,3
197,0.208,0.3208,0.4712,3
198,0.219,0.3193,0.4617,3
199,0.246,0.3414,0.4126,3
200,0.2599,0.3632,0.3769,3
0,0.3358,0.3338,0.3304,4
1,0.4294,0.4946,0.076,4
2,0.1165,0.7412,0.1423,4
3,0.0373,0.6364,0.3263,4
4,0.064,0.418,0.518,4
5,0.1217,0.2257,0.6526,4
6,0.1791,0.1335,0.6874,4
7,0.2242,0.1133,0.6625,4
8,0.2433,0.1606,0.5961,4
9,0.2296,0.244,0.5264,4
10,0.2226,0.2968,0.4806,4
11,0.2142,0.3366,0.4492,4
12,0.2205,0.367,0.4125,4
13,0.2122,0.4101,0.3777,4
14,0.2048,0.4356,0.3596,4
15,0.1915,0.4495,0.359,4
16,0.1701,0.446,0.3839,4
17,0.1524,0.4309,0.4167,4
18,0.1561,0.3986,0.4453,4
19,0.1464,0.3859,0.4677,4
20,0.1336,0.3742,0.4922,4
21,0.1362,0.3276,0.5362,4
22,0.1605,0.2724,0.5671,4
23,0.1946,0.2829,0.5225,4
24,0.2131,0.3029,0.484,4
25,0.2119,0.3421,0.446,4
26,0.2073,0.3737,0.419,4
27,0.2052,0.386,0.4088,4
28,0.2212,0.3523,0.4265,4
29,0.2405,0.3572,0.4023,4
30,0.2479,0.3681,0.384,4
31,0.2541,0.3823,0.3636,4
32,0.2175,0.4042,0.3783,4
33,0.1734,0.3994,0.4272,4
34,0.2115,0.3411,0.4474,4
35,0.2222,0.3253,0.4525,4
36,0.2235,0.3501,0.4264,4
37,0.24,0.3561,0.4039,4
38,0.2485,0.3594,0.3921,4
39,0.2831,0.3406,0.3763,4
40,0.2692,0.3616,0.3692,4
41,0.2687,0.3643,0.367,4
42,0.2656,0.383,0.3514,4
43,0.2118,0.4455,0.3427,4
44,0.2021,0.4432,0.3547,4
45,0.2102,0.3848,0.405,4
46,0.2202,0.3277,0.4521,4
47,0.2195,0.3349,0.4456,4
48,0.2527,0.2927,0.4546,4
49,0.2899,0.2894,0.4207,4
50,0.2913,0.3283,0.3804,4
51,0.2528,0.4057,0.3415,4
52,0.2277,0.447,0.3253,4
53,0.214,0.4334,0.3526,4
54,0.2087,0.4211,0.3702,4
55,0.203,0.405,0.392,4
56,0.2329,0.3771,0.39,4
57,0.2123,0.3883,0.3994,4
58,0.1878,0.41,0.4022,4
59,0.186,0.409,0.405,4
60,0.1782,0.3839,0.4379,4
61,0.1828,0.3318,0.4854,4
62,0.1978,0.2975,0.5047,4
63,0.2124,0.2902,0.4974,4
64,0.2223,0.312,0.4657,4
65,0.2212,0.3486,0.4302,4
66,0.1848,0.403,0.4122,4
67,0.2099,0.3877,0.4024,4
68,0.2253,0.3815,0.3932,4
69,0.2151,0.3967,0.3882,4
70,0.1871,0.4247,0.3882,4
71,0.1842,0.393,0.4228,4
72,0.1675,0.3692,0.4633,4
73,0.1742,0.324,0.5018,4
74,0.1787,0.3052,0.5161,4
75,0.1951,0.2918,0.5131,4
76,0.2063,0.3059,0.4878,4
77,0.224,0.3406,0.4354,4
78,0.2287,0.3658,0.4055,4
79,0.1739,0.4177,0.4084,4
80,0.1792,0.3714,0.4494,4
81,0.2196,0.2981,0.4823,4
82,0.2345,0.31,0.4555,4
83,0.263,0.305,0.432,4
84,0.2515,0.3709,0.3776,4
85,0.2254,0.4352,0.3394,4
86,0.1957,0.4419,0.3624,4
87,0.2146,0.3952,0.3902,4
88,0.2192,0.3691,0.4117,4
89,0.2312,0.3484,0.4204,4
90,0.2439,0.3516,0.4045,4
91,0.2441,0.3754,0.3805,4
92,0.2328,0.3938,0.3734,4
93,0.2042,0.424,0.3718,4
94,0.2108,0.3998,0.3894,4
95,0.2202,0.3745,0.4053,4
96,0.2305,0.3517,0.4178,4
97,0.244,0.3234,0.4326,4
98,0.2478,0.3366,0.4156,4
99,0.2456,0.3599,0.3945,4
100,0.2553,0.3643,0.3804,4
101,0.2393,0.3869,0.3738,4
102,0.2347,0.3748,0.3905,4
103,0.219,0.3793,0.4017,4
104,0.2378,0.3535,0.4087,4
105,0.2475,0.3455,0.407,4
106,0.244,0.3532,0.4028,4
107,0.2249,0.3885,0.3866,4
108,0.2203,0.4064,0.3733,4
109,0.216,0.427,0.357,4
110,0.1985,0.4326,0.3689,4
111,0.1685,0.4288,0.4027,4
112,0.1544,0.3754,0.4702,4
113,0.1669,0.3142,0.5189,4
114,0.1881,0.2754,0.5365,4
115,0.2213,0.2662,0.5125,4
116,0.236,0.3113,0.4527,4
117,0.2339,0.3568,0.4093,4
118,0.2303,0.3665,0.4032,4
119,0.2178,0.3855,0.3967,4
120,0.2092,0.3812,0.4096,4
121,0.2226,0.3518,0.4256,4
122,0.217,0.3474,0.4356,4
123,0.204,0.3606,0.4354,4
124,0.2161,0.36,0.4239,4
125,0.236,0.3367,0.4273,4
126,0.2227,0.3636,0.4137,4
127,0.2265,0.3602,0.4133,4
128,0.2219,0.3629,0.4152,4
129,0.2178,0.3652,0.417,4
130,0.2194,0.3463,0.4343,4
131,0.207,0.3659,0.4271,4
132,0.2507,0.3278,0.4215,4
133,0.2658,0.3385,0.3957,4
134,0.2511,0.3824,0.3665,4
135,0.2083,0.4118,0.3799,4
136,0.1889,0.397,0.4141,4
137,0.2026,0.3396,0.4578,4
138,0.2215,0.3103,0.4682,4
139,0.2492,0.3004,0.4504,4
140,0.273,0.3473,0.3797,4
141,0.2593,0.4171,0.3236,4
142,0.2307,0.4439,0.3254,4
143,0.1866,0.441,0.3724,4
144,0.1713,0.3964,0.4323,4
145,0.2046,0.3249,0.4705,4
146,0.2335,0.2932,0.4733,4
147,0.2518,0.3146,0.4336,4
148,0.268,0.3577,0.3743,4
149,0.2671,0.3856,0.3473,4
150,0.2606,0.4101,0.3293,4
151,0.2493,0.4176,0.3331,4
152,0.2395,0.4049,0.3556,4
153,0.2309,0.3742,0.3949,4
154,0.2292,0.3306,0.4402,4
155,0.2142,0.3154,0.4704,4
156,0.2082,0.3087,0.4831,4
157,0.2049,0.3064,0.4887,4
158,0.232,0.284,0.484,4
159,0.2293,0.3242,0.4465,4
160,0.2457,0.3385,0.4158,4
161,0.2284,0.3413,0.4303,4
162,0.184,0.3607,0.4553,4
163,0.1854,0.3125,0.5021,4
164,0.2055,0.256,0.5385,4
165,0.2056,0.2796,0.5148,4
166,0.2251,0.2815,0.4934,4
167,0.232,0.3429,0.4251,4
168,0.2361,0.3708,0.3931,4
169,0.2137,0.396,0.3903,4
170,0.1867,0.392,0.4213,4
171,0.1779,0.3494,0.4727,4
172,0.2019,0.2917,0.5064,4
173,0.2222,0.2958,0.482,4
174,0.2367,0.3296,0.4337,4
175,0.2406,0.3638,0.3956,4
176,0.2264,0.3887,0.3849,4
177,0.2087,0.3897,0.4016,4
178,0.1909,0.3689,0.4402,4
179,0.1766,0.3388,0.4846,4
180,0.2009,0.2925,0.5066,4
181,0.2306,0.2831,0.4863,4
182,0.245,0.3163,0.4387,4
183,0.2278,0.3672,0.405,4
184,0.2256,0.3641,0.4103,4
185,0.2093,0.378,0.4127,4
186,0.217,0.3715,0.4115,4
187,0.2263,0.3412,0.4325,4
188,0.2234,0.3361,0.4405,4
189,0.2252,0.3521,0.4227,4
190,0.2213,0.3516,0.4271,4
191,0.2219,0.3437,0.4344,4
192,0.2429,0.3506,0.4065,4
193,0.2349,0.3764,0.3887,4
194,0.217,0.3857,0.3973,4
195,0.2134,0.3809,0.4057,4
196,0.2042,0.3694,0.4264,4
197,0.1978,0.3616,0.4406,4
198,0.216,0.3183,0.4657,4
199,0.2484,0.2924,0.4592,4
200,0.2533,0.3288,0.4179,4
0,0.3351,0.3317,0.3332,5
1,0.4546,0.5039,0.0415,5
2,0.0782,0.8184,0.1034,5
3,0.0122,0.7333,0.2545,5
4,0.0271,0.56,0.4129,5
5,0.0551,0.3792,0.5657,5
6,0.091,0.2148,0.6942,5
7,0.1332,0.1098,0.757,5
8,0.1721,0.0909,0.737,5
9,0.2162,0.1142,0.6696,5
10,0.2553,0.1558,0.5889,5
11,0.2803,0.2124,0.5073,5
12,0.2938,0.271,0.4352,5
13,0.3123,0.3187,0.369,5
14,0.3093,0.3626,0.3281,5
15,0.2735,0.4189,0.3076,5
16,0.2405,0.4525,0.307,5
17,0.1847,0.5088,0.3065,5
18,0.1422,0.536,0.3218,5
19,0.1171,0.5381,0.3448,5
20,0.0948,0.4978,0.4074,5
21,0.1104,0.4073,0.4823,5
22,0.1347,0.3308,0.5345,5
23,0.1483,0.2492,0.6025,5
24,0.1611,0.2348,0.6041,5
25,0.1417,0.274,0.5843,5
26,0.1615,0.2559,0.5826,5
27,0.1815,0.2604,0.5581,5
28,0.197,0.2906,0.5124,5
29,0.2236,0.3103,0.4661,5
30,0.2353,0.351,0.4137,5
31,0.2142,0.3929,0.3929,5
32,0.2068,0.3961,0.3971,5
33,0.2379,0.3708,0.3913,5
34,0.2006,0.4151,0.3843,5
35,0.194,0.401,0.405,5
36,0.1991,0.3634,0.4375,5
37,0.2145,0.3247,0.4608,5
38,0.229,0.3351,0.4359,5
39,0.253,0.3596,0.3874,5
40,0.2652,0.3867,0.3481,5
41,0.2162,0.4335,0.3503,5
42,0.194,0.432,0.374,5
43,0.1937,0.3638,0.4425,5
44,0.2326,0.3041,0.4633,5
45,0.2577,0.3127,0.4296,5
46,0.2615,0.3568,0.3817,5
47,0.2473,0.3766,0.3761,5
48,0.1917,0.399,0.4093,5
49,0.1694,0.36,0.4706,5
50,0.2018,0.2978,0.5004,5
51,0.2201,0.2858,0.4941,5
52,0.2184,0.3109,0.4707,5
53,0.2343,0.3285,0.4372,5
54,0.2358,0.3573,0.4069,5
55,0.2194,0.4048,0.3758,5
56,0.2048,0.4058,0.3894,5
57,0.192,0.3611,0.4469,5
58,0.2024,0.3201,0.4775,5
59,0.2223,0.2919,0.4858,5
60,0.2273,0.3252,0.4475,5
61,0.2368,0.3714,0.3918,5
62,0.2404,0.4004,0.3592,5
63,0.2168,0.4226,0.3606,5
64,0.1786,0.4403,0.3811,5
65,0.1892,0.3572,0.4536,5
66,0.2106,0.2882,0.5012,5
67,0.2186,0.295,0.4864,5
68,0.2296,0.3368,0.4336,5
69,0.2398,0.3597,0.4005,5
70,0.2121,0.4156,0.3723,5
71,0.2032,0.4141,0.3827,5
72,0.196,0.4014,0.4026,5
73,0.1736,0.363,0.4634,5
74,0.1922,0.3258,0.482,5
75,0.2127,0.298,0.4893,5
76,0.2048,0.3334,0.4618,5
77,0.1928,0.3586,0.4486,5
78,0.2114,0.3383,0.4503,5
79,0.1974,0.3746,0.428,5
80,0.2226,0.3314,0.446,5
81,0.2229,0.3521,0.425,5
82,0.2351,0.3594,0.4055,5
83,0.2173,0.4084,0.3743,5
84,0.2018,0.3925,0.4057,5
85,0.2299,0.3793,0.3908,5
86,0.2534,0.3734,0.3732,5
87,0.2054,0.4261,0.3685,5
88,0.1999,0.3893,0.4108,5
89,0.1989,0.3653,0.4358,5
90,0.2178,0.3257,0.4565,5
91,0.2413,0.3308,0.4279,5
92,0.2668,0.3152,0.418,5
93,0.2357,0.3983,0.366,5
94,0.2155,0.4503,0.3342,5
95,0.1944,0.4731,0.3325,5
96,0.1979,0.4226,0.3795,5
97,0.1897,0.368,0.4423,5
98,0.1985,0.3251,0.4764,5
99,0.2394,0.2856,0.475,5
100,0.2667,0.2876,0.4457,5
101,0.2411,0.3762,0.3827,5
102,0.2175,0.4282,0.3543,5
103,0.2244,0.3907,0.3849,5
104,0.2205,0.3601,0.4194,5
105,0.2367,0.3375,0.4258,5
106,0.2275,0.3646,0.4079,5
107,0.2223,0.3483,0.4294,5
108,0.202,0.3501,0.4479,5
109,0.2032,0.3433,0.4535,5
110,0.2291,0.2952,0.4757,5
111,0.2515,0.3038,0.4447,5
112,0.2444,0.345,0.4106,5
113,0.2358,0.3805,0.3837,5
114,0.2354,0.3767,0.3879,5
115,0.2371,0.3688,0.3941,5
116,0.2368,0.3691,0.3941,5
117,0.2325,0.3803,0.3872,5
118,0.2419,0.3577,0.4004,5
119,0.2283,0.3729,0.3988,5
120,0.2107,0.3803,0.409,5
121,0.2113,0.36,0.4287,5
122,0.2364,0.3251,0.4385,5
123,0.2172,0.3563,0.4265,5
124,0.2182,0.3673,0.4145,5
125,0.2607,0.3392,0.4001,5
126,0.2496,0.3727,0.3777,5
127,0.2058,0.4274,0.3668,5
128,0.2014,0.417,0.3816,5
129,0.213,0.3873,0.3997,5
130,0.2246,0.3811,0.3943,5
131,0.2191,0.3992,0.3817,5
132,0.2117,0.3863,0.402,5
133,0.2144,0.3541,0.4315,5
134,0.2018,0.3363,0.4619,5
135,0.2086,0.3242,0.4672,5
136,0.2183,0.3148,0.4669,5
137,0.2401,0.3193,0.4406,5
138,0.2363,0.367,0.3967,5
139,0.2119,0.4507,0.3374,5
140,0.2182,0.4815,0.3003,5
141,0.1963,0.499,0.3047,5
142,0.1583,0.4705,0.3712,5
143,0.1535,0.3785,0.468,5
144,0.1937,0.2834,0.5229,5
145,0.2215,0.2506,0.5279,5
146,0.2544,0.2829,0.4627,5
147,0.2666,0.3583,0.3751,5
148,0.2482,0.4205,0.3313,5
149,0.2251,0.4269,0.348,5
150,0.1808,0.4103,0.4089,5
151,0.1888,0.3401,0.4711,5
152,0.2134,0.2718,0.5148,5
153,0.2157,0.2863,0.498,5
154,0.2121,0.3059,0.482,5
155,0.1855,0.352,0.4625,5
156,0.204,0.3314,0.4646,5
157,0.1956,0.3451,0.4593,5
158,0.1963,0.3317,0.472,5
159,0.2052,0.3054,0.4894,5
160,0.2033,0.3098,0.4869,5
161,0.2308,0.3093,0.4599,5
162,0.2415,0.3266,0.4319,5
163,0.2453,0.365,0.3897,5
164,0.2576,0.3509,0.3915,5
165,0.2398,0.3456,0.4146,5
166,0.2431,0.3335,0.4234,5
167,0.2678,0.2967,0.4355,5
168,0.2857,0.2978,0.4165,5
169,0.3187,0.3117,0.3696,5
170,0.2723,0.3966,0.3311,5
171,0.2286,0.4165,0.3549,5
172,0.1955,0.386,0.4185,5
173,0.1871,0.3309,0.482,5
174,0.1875,0.2992,0.5133,5
175,0.213,0.2754,0.5116,5
176,0.2468,0.2899,0.4633,5
177,0.2523,0.3322,0.4155,5
178,0.2145,0.4126,0.3729,5
179,0.1678,0.4435,0.3887,5
180,0.1771,0.3848,0.4381,5
181,0.1931,0.341,0.4659,5
182,0.1997,0.3612,0.4391,5
183,0.178,0.3861,0.4359,5
184,0.1768,0.3855,0.4377,5
185,0.1937,0.3596,0.4467,5
186,0.1907,0.3483,0.461,5
187,0.1787,0.3453,0.476,5
188,0.2004,0.3173,0.4823,5
189,0.2182,0.2978,0.484,5
190,0.191,0.3322,0.4768,5
191,0.1985,0.3251,0.4764,5
192,0.1979,0.3308,0.4713,5
193,0.2081,0.3353,0.4566,5
194,0.2231,0.3373,0.4396,5
195,0.2247,0.3552,0.4201,5
196,0.2097,0.3692,0.4211,5
197,0.2048,0.3775,0.4177,5
198,0.2011,0.3789,0.42,5
199,0.2132,0.3587,0.4281,5
200,0.2255,0.3332,0.4413,5
0,0.3364,0.3342,0.3294,6
1,0.4503,0.483,0.0667,6
2,0.0875,0.7874,0.1251,6
3,0.0321,0.6915,0.2764,6
4,0.0588,0.4885,0.4527,6
5,0.1044,0.2972,0.5984,6
6,0.1693,0.1747,0.656,6
7,0.234,0.1233,0.6427,6
8,0.2874,0.123,0.5896,6
9,0.3215,0.1653,0.5132,6
10,0.3438,0.2056,0.4506,6
11,0.3512,0.267,0.3818,6
12,0.3587,0.3111,0.3302,6
13,0.3178,0.3745,0.3077,6
14,0.263,0.4027,0.3343,6
15,0.2113,0.3971,0.3916,6
16,0.1933,0.383,0.4237,6
17,0.1775,0.3748,0.4477,6
18,0.1505,0.3666,0.4829,6
19,0.1379,0.3266,0.5355,6
20,0.1379,0.2875,0.5746,6
21,0.1476,0.2537,0.5987,6
22,0.1721,0.2394,0.5885,6
23,0.1904,0.2658,0.5438,6
24,0.2153,0.2942,0.4905,6
25,0.2205,0.3582,0.4213,6
26,0.1986,0.3869,0.4145,6
27,0.2121,0.3851,0.4028,6
28,0.1932,0.3861,0.4207,6
29,0.2167,0.353,0.4303,6
30,0.222,0.3699,0.4081,6
31,0.2415,0.3867,0.3718,6
32,0.2151,0.4311,0.3538,6
33,0.1953,0.4178,0.3869,6
34,0.1912,0.3767,0.4321,6
35,0.2132,0.3171,0.4697,6
36,0.2283,0.3258,0.4459,6
37,0.2778,0.3196,0.4026,6
38,0.2923,0.3852,0.3225,6
39,0.2467,0.468,0.2853,6
40,0.1922,0.4899,0.3179,6
41,0.1636,0.4444,0.392,6
42,0.1714,0.3527,0.4759,6
43,0.21,0.292,0.498,6
44,0.2444,0.3138,0.4418,6
45,0.2466,0.3702,0.3832,6
46,0.2409,0.4157,0.3434,6
47,0.1953,0.468,0.3367,6
48,0.1633,0.4405,0.3962,6
49,0.1453,0.3808,0.4739,6
50,0.1776,0.2784,0.544,6
51,0.2013,0.2552,0.5435,6
52,0.2307,0.2703,0.499,6
53,0.2227,0.3435,0.4338,6
54,0.2317,0.3867,0.3816,6
55,0.2073,0.433,0.3597,6
56,0.1951,0.4311,0.3738,6
57,0.2015,0.38,0.4185,6
58,0.1839,0.356,0.4601,6
59,0.1919,0.3303,0.4778,6
60,0.2392,0.2955,0.4653,6
61,0.2404,0.3422,0.4174,6
62,0.2314,0.3689,0.3997,6
63,0.2138,0.3847,0.4015,6
64,0.2325,0.326,0.4415,6
65,0.2348,0.291,0.4742,6
66,0.2251,0.279,0.4959,6
67,0.2423,0.2508,0.5069,6
68,0.231,0.3033,0.4657,6
69,0.2309,0.3707,0.3984,6
70,0.2165,0.4353,0.3482,6
71,0.1801,0.4526,0.3673,6
72,0.154,0.4232,0.4228,6
73,0.1782,0.3485,0.4733,6
74,0.1964,0.3113,0.4923,6
75,0.2355,0.2815,0.483,6
76,0.2603,0.2924,0.4473,6
77,0.2574,0.3157,0.4269,6
78,0.2501,0.3615,0.3884,6
79,0.2486,0.3609,0.3905,6
80,0.2393,0.3674,0.3933,6
81,0.2154,0.3851,0.3995,6
82,0.2142,0.3618,0.424,6
83,0.2067,0.3639,0.4294,6
84,0.2119,0.3471,0.441,6
85,0.2171,0.3536,0.4293,6
86,0.2199,0.3654,0.4147,6
87,0.2285,0.3483,0.4232,6
88,0.216,0.3655,0.4185,6
89,0.1983,0.373,0.4287,6
90,0.2318,0.3196,0.4486,6
91,0.226,0.3498,0.4242,6
92,0.2323,0.3943,0.3734,6
93,0.2241,0.4326,0.3433,6
94,0.2026,0.4284,0.369,6
95,0.1906,0.4138,0.3956,6
96,0.1863,0.3719,0.4418,6
97,0.2203,0.3263,0.4534,6
98,0.256,0.2957,0.4483,6
99,0.2649,0.3177,0.4174,6
100,0.2751,0.3205,0.4044,6
101,0.2837,0.3242,0.3921,6
102,0.2375,0.3778,0.3847,6
103,0.2074,0.3835,0.4091,6
104,0.2401,0.3463,0.4136,6
105,0.246,0.3621,0.3919,6
106,0.2165,0.4013,0.3822,6
107,0.2003,0.4035,0.3962,6
108,0.2145,0.369,0.4165,6
109,0.2046,0.3507,0.4447,6
110,0.2162,0.3422,0.4416,6
111,0.2198,0.3281,0.4521,6
112,0.2306,0.3202,0.4492,6
113,0.2322,0.3419,0.4259,6
114,0.2328,0.3585,0.4087,6
115,0.2447,0.3767,0.3786,6
116,0.2693,0.3695,0.3612,6
117,0.2389,0.4155,0.3456,6
118,0.2123,0.4291,0.3586,6
119,0.1834,0.3858,0.4308,6
120,0.1735,0.343,0.4835,6
121,0.1951,0.2911,0.5138,6
122,0.2405,0.2635,0.496,6
123,0.2662,0.3037,0.4301,6
124,0.2703,0.3638,0.3659,6
125,0.2258,0.446,0.3282,6
126,0.191,0.4579,0.3511,6
127,0.1644,0.4142,0.4214,6
128,0.1789,0.3404,0.4807,6
129,0.1999,0.3203,0.4798,6
130,0.2194,0.3101,0.4705,6
131,0.2404,0.3148,0.4448,6
132,0.2115,0.3787,0.4098,6
133,0.1925,0.3868,0.4207,6
134,0.199,0.3453,0.4557,6
135,0.2077,0.3241,0.4682,6
136,0.2103,0.3185,0.4712,6
137,0.2138,0.3377,0.4485,6
138,0.2207,0.3377,0.4416,6
139,0.2359,0.325,0.4391,6
140,0.2349,0.3548,0.4103,6
141,0.247,0.3736,0.3794,6
142,0.229,0.3915,0.3795,6
143,0.2131,0.3878,0.3991,6
144,0.1933,0.3901,0.4166,6
145,0.2164,0.3577,0.4259,6
146,0.237,0.3336,0.4294,6
147,0.216,0.3507,0.4333,6
148,0.2036,0.3702,0.4262,6
149,0.2063,0.3477,0.446,6
150,0.2318,0.3173,0.4509,6
151,0.2534,0.3119,0.4347,6
152,0.2642,0.3516,0.3842,6
153,0.2478,0.396,0.3562,6
154,0.2375,0.3925,0.37,6
155,0.2109,0.3579,0.4312,6
156,0.1914,0.3677,0.4409,6
157,0.2056,0.3191,0.4753,6
158,0.2327,0.2948,0.4725,6
159,0.2818,0.2858,0.4324,6
160,0.2905,0.3215,0.388,6
161,0.2954,0.3576,0.347,6
162,0.3068,0.3413,0.3519,6
163,0.2868,0.3411,0.3721,6
164,0.2622,0.344,0.3938,6
165,0.2463,0.3534,0.4003,6
166,0.2357,0.3806,0.3837,6
167,0.2162,0.417,0.3668,6
168,0.176,0.4327,0.3913,6
169,0.1487,0.4072,0.4441,6
170,0.1534,0.3157,0.5309,6
171,0.1812,0.243,0.5758,6
172,0.1985,0.2474,0.5541,6
173,0.2438,0.2593,0.4969,6
174,0.2354,0.3275,0.4371,6
175,0.2134,0.3765,0.4101,6
176,0.1877,0.3851,0.4272,6
177,0.2005,0.3389,0.4606,6
178,0.2266,0.314,0.4594,6
179,0.2629,0.3164,0.4207,6
180,0.2567,0.367,0.3763,6
181,0.2297,0.4161,0.3542,6
182,0.192,0.4277,0.3803,6
183,0.1945,0.421,0.3845,6
184,0.2116,0.4019,0.3865,6
185,0.2156,0.3786,0.4058,6
186,0.2155,0.376,0.4085,6
187,0.2093,0.3628,0.4279,6
188,0.1991,0.3498,0.4511,6
189,0.218,0.3246,0.4574,6
190,0.2277,0.327,0.4453,6
191,0.2489,0.3412,0.4099,6
192,0.2485,0.3696,0.3819,6
193,0.2291,0.3876,0.3833,6
194,0.193,0.4215,0.3855,6
195,0.1977,0.3762,0.4261,6
196,0.1924,0.3371,0.4705,6
197,0.2111,0.3117,0.4772,6
198,0.221,0.3229,0.4561,6
199,0.246,0.3262,0.4278,6
200,0.2314,0.3778,0.3908,6
0,0.337,0.3335,0.3295,7
1,0.4337,0.5217,0.0446,7
2,0.0892,0.8041,0.1067,7
3,0.0122,0.6868,0.301,7
4,0.0268,0.4406,0.5326,7
5,0.0559,0.2539,0.6902,7
6,0.0924,0.1262,0.7814,7
7,0.1317,0.0728,0.7955,7
8,0.1699,0.0763,0.7538,7
9,0.2007,0.1031,0.6962,7
10,0.2138,0.1624,0.6238,7
11,0.2146,0.2165,0.5689,7
12,0.2245,0.2459,0.5296,7
13,0.1966,0.2731,0.5303,7
14,0.179,0.2723,0.5487,7
15,0.1698,0.2764,0.5538,7
16,0.1859,0.26,0.5541,7
17,0.185,0.2815,0.5335,7
18,0.1609,0.3191,0.52,7
19,0.1495,0.3533,0.4972,7
20,0.1715,0.3639,0.4646,7
21,0.1585,0.3896,0.4519,7
22,0.1466,0.3966,0.4568,7
23,0.1517,0.4028,0.4455,7
24,0.1651,0.3883,0.4466,7
25,0.1871,0.3716,0.4413,7
26,0.1841,0.3651,0.4508,7
27,0.1609,0.3762,0.4629,7
28,0.1614,0.3607,0.4779,7
29,0.1401,0.3389,0.521,7
30,0.1446,0.281,0.5744,7
31,0.1551,0.2371,0.6078,7
32,0.1765,0.2286,0.5949,7
33,0.1906,0.2637,0.5457,7
34,0.1971,0.3004,0.5025,7
35,0.2244,0.3317,0.4439,7
36,0.2283,0.3554,0.4163,7
37,0.2051,0.3916,0.4033,7
38,0.2213,0.3785,0.4002,7
39,0.2367,0.3645,0.3988,7
40,0.2283,0.3448,0.4269,7
41,0.2201,0.3478,0.4321,7
42,0.2251,0.3483,0.4266,7
43,0.2293,0.3619,0.4088,7
44,0.2423,0.359,0.3987,7
45,0.238,0.3807,0.3813,7
46,0.2255,0.3855,0.389,7
47,0.2137,0.3764,0.4099,7
48,0.2153,0.3308,0.4539,7
49,0.2507,0.2986,0.4507,7
50,0.2493,0.3262,0.4245,7
51,0.2496,0.3728,0.3776,7
52,0.2284,0.3991,0.3725,7
53,0.1944,0.4059,0.3997,7
54,0.152,0.3794,0.4686,7
55,0.1572,0.3203,0.5225,7
56,0.2002,0.2567,0.5431,7
57,0.2397,0.2551,0.5052,7
58,0.264,0.2996,0.4364,7
59,0.2528,0.3673,0.3799,7
60,0.2477,0.3971,0.3552,7
61,0.2251,0.4271,0.3478,7
62,0.2032,0.4288,0.368,7
63,0.2121,0.3791,0.4088,7
64,0.2324,0.319,0.4486,7
65,0.234,0.3277,0.4383,7
66,0.2444,0.3562,0.3994,7
67,0.2545,0.3854,0.3601,7
68,0.2088,0.4336,0.3576,7
69,0.188,0.4243,0.3877,7
70,0.192,0.3658,0.4422,7
71,0.2184,0.2997,0.4819,7
72,0.2215,0.2969,0.4816,7
73,0.2412,0.3232,0.4356,7
74,0.2494,0.3692,0.3814,7
75,0.2268,0.4331,0.3401,7
76,0.1943,0.4586,0.3471,7
77,0.2137,0.4115,0.3748,7
78,0.2278,0.369,0.4032,7
79,0.2096,0.3747,0.4157,7
80,0.2115,0.3399,0.4486,7
81,0.2148,0.3273,0.4579,7
82,0.2256,0.3413,0.4331,7
83,0.249,0.3499,0.4011,7
84,0.2393,0.3845,0.3762,7
85,0.2155,0.4017,0.3828,7
86,0.1937,0.3844,0.4219,7
87,0.2089,0.3267,0.4644,7
88,0.2334,0.2918,0.4748,7
89,0.2502,0.3017,0.4481,7
90,0.2343,0.3622,0.4035,7
91,0.2093,0.4155,0.3752,7
92,0.2231,0.3977,0.3792,7
93,0.2192,0.3978,0.383,7
94,0.2078,0.4232,0.369,7
95,0.2067,0.4034,0.3899,7
96,0.2001,0.3654,0.4345,7
97,0.2103,0.3183,0.4714,7
98,0.2244,0.3161,0.4595,7
99,0.2667,0.3121,0.4212,7
100,0.2602,0.351,0.3888,7
101,0.1997,0.4082,0.3921,7
102,0.2038,0.3869,0.4093,7
103,0.2033,0.3546,0.4421,7
104,0.2039,0.3121,0.484,7
105,0.2148,0.3106,0.4746,7
106,0.2303,0.3288,0.4409,7
107,0.2391,0.3521,0.4088,7
108,0.2368,0.3908,0.3724,7
109,0.2388,0.4079,0.3533,7
110,0.22,0.402,0.378,7
111,0.1968,0.3724,0.4308,7
112,0.2187,0.3188,0.4625,7
113,0.2365,0.3064,0.4571,7
114,0.2611,0.317,0.4219,7
115,0.2634,0.3725,0.3641,7
116,0.2466,0.4207,0.3327,7
117,0.2089,0.4532,0.3379,7
118,0.178,0.414,0.408,7
119,0.1722,0.3582,0.4696,7
120,0.1847,0.3132,0.5021,7
121,0.207,0.3091,0.4839,7
122,0.2425,0.3248,0.4327,7
123,0.242,0.375,0.383,7
124,0.2184,0.4228,0.3588,7
125,0.185,0.4221,0.3929,7
126,0.1795,0.3582,0.4623,7
127,0.1954,0.3053,0.4993,7
128,0.2416,0.2501,0.5083,7
129,0.2617,0.2869,0.4514,7
130,0.2506,0.3632,0.3862,7
131,0.2187,0.4379,0.3434,7
132,0.1914,0.4818,0.3268,7
133,0.184,0.5099,0.3061,7
134,0.1454,0.5423,0.3123,7
135,0.1379,0.5161,0.346,7
136,0.149,0.4677,0.3833,7
137,0.1355,0.4324,0.4321,7
138,0.1473,0.3865,0.4662,7
139,0.1533,0.3389,0.5078,7
140,0.1481,0.3072,0.5447,7
141,0.1514,0.2888,0.5598,7
142,0.1694,0.2758,0.5548,7
143,0.1859,0.283,0.5311,7
144,0.2068,0.2914,0.5018,7
145,0.2216,0.3125,0.4659,7
146,0.2419,0.3208,0.4373,7
147,0.2506,0.3569,0.3925,7
148,0.2343,0.3881,0.3776,7
149,0.1951,0.4217,0.3832,7
150,0.1704,0.3869,0.4427,7
151,0.1875,0.3127,0.4998,7
152,0.2151,0.2842,0.5007,7
153,0.2336,0.3064,0.46,7
154,0.2637,0.3284,0.4079,7
155,0.2712,0.3984,0.3304,7
156,0.2066,0.4721,0.3213,7
157,0.1824,0.4631,0.3545,7
158,0.1633,0.4119,0.4248,7
159,0.1778,0.3285,0.4937,7
160,0.2052,0.2871,0.5077,7
161,0.2167,0.2733,0.51,7
162,0.2479,0.2858,0.4663,7
163,0.269,0.3109,0.4201,7
164,0.2853,0.3408,0.3739,7
165,0.2706,0.399,0.3304,7
166,0.2351,0.447,0.3179,7
167,0.2104,0.4437,0.3459,7
168,0.2018,0.402,0.3962,7
169,0.2101,0.3543,0.4356,7
170,0.2452,0.3058,0.449,7
171,0.2427,0.3106,0.4467,7
172,0.2235,0.3254,0.4511,7
173,0.2,0.3529,0.4471,7
174,0.2027,0.3496,0.4477,7
175,0.2072,0.3327,0.4601,7
176,0.2009,0.3366,0.4625,7
177,0.2188,0.3418,0.4394,7
178,0.2396,0.3417,0.4187,7
179,0.2143,0.4009,0.3848,7
180,0.1905,0.4251,0.3844,7
181,0.1765,0.4041,0.4194,7
182,0.1856,0.3373,0.4771,7
183,0.196,0.3144,0.4896,7
184,0.2213,0.3001,0.4786,7
185,0.2535,0.306,0.4405,7
186,0.2565,0.3575,0.386,7
187,0.2677,0.3717,0.3606,7
188,0.2339,0.4264,0.3397,7
189,0.1976,0.4206,0.3818,7
190,0.2112,0.3455,0.4433,7
191,0.2398,0.2956,0.4646,7
192,0.2606,0.3232,0.4162,7
193,0.2699,0.3623,0.3678,7
194,0.2522,0.428,0.3198,7
195,0.1918,0.484,0.3242,7
196,0.1637,0.4681,0.3682,7
197,0.1567,0.4126,0.4307,7
198,0.1958,0.3643,0.4399,7
199,0.2129,0.3517,0.4354,7
200,0.2244,0.3547,0.4209,7
0,0.3405,0.3206,0.3389,8
1,0.5146,0.4495,0.0359,8
2,0.1138,0.8165,0.0697,8
3,0.0209,0.7719,0.2072,8
4,0.0112,0.5984,0.3904,8
5,0.0287,0.3968,0.5745,8
6,0.0537,0.2263,0.72,8
7,0.0883,0.1184,0.7933,8
8,0.1295,0.064,0.8065,8
9,0.1767,0.0309,0.7924,8
10,0.2303,0.0089,0.7608,8
11,0.2903,0.0,0.7097,8
12,0.3567,0.0,0.6433,8
13,0.4295,0.0,0.5705,8
14,0.4986,0.0,0.5014,8
15,0.56,0.0,0.44,8
16,0.614,0.0,0.386,8
17,0.6676,0.0,0.3324,8
18,0.7209,0.0,0.2791,8
19,0.7739,0.0,0.2261,8
20,0.8267,0.0,0.1733,8
21,0.8795,0.0,0.1205,8
22,0.9323,0.0,0.0677,8
23,0.9633,0.0,0.0367,8
24,0.9828,0.0,0.0172,8
25,0.9954,0.0,0.0046,8
26,1.0,0.0,0.0,8
27,1.0,0.0,0.0,8
28,1.0,0.0,0.0,8
29,1.0,0.0,0.0,8
30,1.0,0.0,0.0,8
31,1.0,0.0,0.0,8
32,1.0,0.0,0.0,8
33,1.0,0.0,0.0,8
34,1.0,0.0,0.0,8
35,1.0,0.0,0.0,8
36,1.0,0.0,0.0,8
37,1.0,0.0,0.0,8
38,1.0,0.0,0.0,8
39,1.0,0.0,0.0,8
40,1.0,0.0,0.0,8
41,1.0,0.0,0.0,8
42,1.0,0.0,0.0,8
43,1.0,0.0,0.0,8
44,1.0,0.0,0.0,8
45,1.0,0.0,0.0,8
46,1.0,0.0,0.0,8
47,1.0,0.0,0.0,8
48,1.0,0.0,0.0,8
49,1.0,0.0,0.0,8
50,1.0,0.0,0.0,8
51,1.0,0.0,0.0,8
52,1.0,0.0,0.0,8
53,1.0,0.0,0.0,8
54,1.0,0.0,0.0,8
55,1.0,0.0,0.0,8
56,1.0,0.0,0.0,8
57,1.0,0.0,0.0,8
58,1.0,0.0,0.0,8
59,1.0,0.0,0.0,8
60,1.0,0.0,0.0,8
61,1.0,0.0,0.0,8
62,1.0,0.0,0.0,8
63,1.0,0.0,0.0,8
64,1.0,0.0,0.0,8
65,1.0,0.0,0.0,8
66,1.0,0.0,0.0,8
67,1.0,0.0,0.0,8
68,1.0,0.0,0.0,8
69,1.0,0.0,0.0,8
70,1.0,0.0,0.0,8
71,1.0,0.0,0.0,8
72,1.0,0.0,0.0,8
73,1.0,0.0,0.0,8
74,1.0,0.0,0.0,8
75,1.0,0.0,0.0,8
76,1.0,0.0,0.0,8
77,1.0,0.0,0.0,8
78,1.0,0.0,0.0,8
79,1.0,0.0,0.0,8
80,1.0,0.0,0.0,8
81,1.0,0.0,0.0,8
82,1.0,0.0,0.0,8
83,1.0,0.0,0.0,8
84,1.0,0.0,0.0,8
85,1.0,0.0,0.0,8
86,1.0,0.0,0.0,8
87,1.0,0.0,0.0,8
88,1.0,0.0,0.0,8
89,1.0,0.0,0.0,8
90,1.0,0.0,0.0,8
91,1.0,0.0,0.0,8
92,1.0,0.0,0.0,8
93,1.0,0.0,0.0,8
94,1.0,0.0,0.0,8
95,1.0,0.0,0.0,8
96,1.0,0.0,0.0,8
97,1.0,0.0,0.0,8
98,1.0,0.0,0.0,8
99,1.0,0.0,0.0,8
100,1.0,0.0,0.0,8
101,1.0,0.0,0.0,8
102,1.0,0.0,0.0,8
103,1.0,0.0,0.0,8
104,1.0,0.0,0.0,8
105,1.0,0.0,0.0,8
106,1.0,0.0,0.0,8
107,1.0,0.0,0.0,8
108,1.0,0.0,0.0,8
109,1.0,0.0,0.0,8
110,1.0,0.0,0.0,8
111,1.0,0.0,0.0,8
112,1.0,0.0,0.0,8
113,1.0,0.0,0.0,8
114,1.0,0.0,0.0,8
115,1.0,0.0,0.0,8
116,1.0,0.0,0.0,8
117,1.0,0.0,0.0,8
118,1.0,0.0,0.0,8
119,1.0,0.0,0.0,8
120,1.0,0.0,0.0,8
121,1.0,0.0,0.0,8
122,1.0,0.0,0.0,8
123,1.0,0.0,0.0,8
124,1.0,0.0,0.0,8
125,1.0,0.0,0.0,8
126,1.0,0.0,0.0,8
127,1.0,0.0,0.0,8
128,1.0,0.0,0.0,8
129,1.0,0.0,0.0,8
130,1.0,0.0,0.0,8
131,1.0,0.0,0.0,8
132,1.0,0.0,0.0,8
133,1.0,0.0,0.0,8
134,1.0,0.0,0.0,8
135,1.0,0.0,0.0,8
136,1.0,0.0,0.0,8
137,1.0,0.0,0.0,8
138,1.0,0.0,0.0,8
139,1.0,0.0,0.0,8
140,1.0,0.0,0.0,8
141,1.0,0.0,0.0,8
142,1.0,0.0,0.0,8
143,1.0,0.0,0.0,8
144,1.0,0.0,0.0,8
145,1.0,0.0,0.0,8
146,1.0,0.0,0.0,8
147,1.0,0.0,0.0,8
148,1.0,0.0,0.0,8
149,1.0,0.0,0.0,8
150,1.0,0.0,0.0,8
151,1.0,0.0,0.0,8
152,1.0,0.0,0.0,8
153,1.0,0.0,0.0,8
154,1.0,0.0,0.0,8
155,1.0,0.0,0.0,8
156,1.0,0.0,0.0,8
157,1.0,0.0,0.0,8
158,1.0,0.0,0.0,8
159,1.0,0.0,0.0,8
160,1.0,0.0,0.0,8
161,1.0,0.0,0.0,8
162,1.0,0.0,0.0,8
163,1.0,0.0,0.0,8
164,1.0,0.0,0.0,8
165,1.0,0.0,0.0,8
166,1.0,0.0,0.0,8
167,1.0,0.0,0.0,8
168,1.0,0.0,0.0,8
169,1.0,0.0,0.0,8
170,1.0,0.0,0.0,8
171,1.0,0.0,0.0,8
172,1.0,0.0,0.0,8
173,1.0,0.0,0.0,8
174,1.0,0.0,0.0,8
175,1.0,0.0,0.0,8
