Generation,O,Y,B,sim
0,0.3348,0.3358,0.3294,1
1,0.417,0.4609,0.1221,1
2,0.1818,0.7405,0.0777,1
3,0.0573,0.8279,0.1148,1
4,0.0263,0.7963,0.1774,1
5,0.0317,0.7123,0.256,1
6,0.0406,0.6209,0.3385,1
7,0.0503,0.5397,0.41,1
8,0.0564,0.4716,0.472,1
9,0.0625,0.4059,0.5316,1
10,0.0719,0.3565,0.5716,1
11,0.0792,0.3212,0.5996,1
12,0.0909,0.2985,0.6106,1
13,0.1002,0.286,0.6138,1
14,0.1115,0.284,0.6045,1
15,0.1171,0.2931,0.5898,1
16,0.1278,0.306,0.5662,1
17,0.1385,0.3305,0.531,1
18,0.1414,0.3598,0.4988,1
19,0.1383,0.3876,0.4741,1
20,0.1349,0.4136,0.4515,1
21,0.1323,0.432,0.4357,1
22,0.1331,0.4452,0.4217,1
23,0.1389,0.4524,0.4087,1
24,0.1354,0.4647,0.3999,1
25,0.1306,0.4732,0.3962,1
26,0.117,0.4832,0.3998,1
27,0.1116,0.4788,0.4096,1
28,0.1103,0.4669,0.4228,1
29,0.1123,0.4528,0.4349,1
30,0.1173,0.4307,0.452,1
31,0.1288,0.4117,0.4595,1
32,0.1334,0.4048,0.4618,1
33,0.1373,0.4065,0.4562,1
34,0.1396,0.4079,0.4525,1
35,0.139,0.4095,0.4515,1
36,0.1323,0.4149,0.4528,1
37,0.1332,0.4122,0.4546,1
38,0.1389,0.4064,0.4547,1
39,0.1435,0.4042,0.4523,1
40,0.1429,0.4045,0.4526,1
41,0.1474,0.4019,0.4507,1
42,0.1516,0.3984,0.45,1
43,0.153,0.4005,0.4465,1
44,0.1531,0.407,0.4399,1
45,0.1506,0.4144,0.435,1
46,0.149,0.4197,0.4313,1
47,0.1488,0.4189,0.4323,1
48,0.1444,0.4253,0.4303,1
49,0.1404,0.4259,0.4337,1
50,0.142,0.4167,0.4413,1
51,0.1473,0.4063,0.4464,1
52,0.1497,0.405,0.4453,1
53,0.1566,0.402,0.4414,1
54,0.1549,0.4118,0.4333,1
55,0.1537,0.4153,0.431,1
56,0.1555,0.4178,0.4267,1
57,0.1551,0.4205,0.4244,1
58,0.1469,0.4244,0.4287,1
59,0.143,0.4233,0.4337,1
60,0.1497,0.4094,0.4409,1
61,0.1546,0.4007,0.4447,1
62,0.1505,0.4059,0.4436,1
63,0.1526,0.4038,0.4436,1
64,0.1568,0.4014,0.4418,1
65,0.1647,0.3986,0.4367,1
66,0.159,0.4151,0.4259,1
67,0.1604,0.4143,0.4253,1
68,0.1591,0.4167,0.4242,1
69,0.1574,0.4181,0.4245,1
70,0.1513,0.4228,0.4259,1
71,0.1556,0.4082,0.4362,1
72,0.154,0.4064,0.4396,1
73,0.1587,0.3972,0.4441,1
74,0.1626,0.3967,0.4407,1
75,0.1694,0.3907,0.4399,1
76,0.1622,0.4069,0.4309,1
77,0.1614,0.4084,0.4302,1
78,0.1584,0.4187,0.4229,1
79,0.1546,0.4231,0.4223,1
80,0.1498,0.425,0.4252,1
81,0.1563,0.4174,0.4263,1
82,0.1586,0.4154,0.426,1
83,0.1599,0.4126,0.4275,1
84,0.1548,0.4205,0.4247,1
85,0.1507,0.4196,0.4297,1
86,0.1504,0.4136,0.436,1
87,0.1556,0.4025,0.4419,1
88,0.1548,0.4017,0.4435,1
89,0.1559,0.3942,0.4499,1
90,0.1566,0.3937,0.4497,1
91,0.1568,0.3929,0.4503,1
92,0.1547,0.3919,0.4534,1
93,0.1566,0.3903,0.4531,1
94,0.1567,0.3915,0.4518,1
95,0.16,0.3867,0.4533,1
96,0.1603,0.388,0.4517,1
97,0.1593,0.3882,0.4525,1
98,0.1591,0.3859,0.455,1
99,0.1555,0.3897,0.4548,1
100,0.1597,0.388,0.4523,1
101,0.1562,0.3923,0.4515,1
102,0.1524,0.3948,0.4528,1
103,0.1534,0.3883,0.4583,1
104,0.1553,0.3861,0.4586,1
105,0.1578,0.3862,0.456,1
106,0.1593,0.3885,0.4522,1
107,0.1555,0.3974,0.4471,1
108,0.16,0.3963,0.4437,1
109,0.1595,0.397,0.4435,1
110,0.1579,0.3987,0.4434,1
111,0.1593,0.3989,0.4418,1
112,0.1639,0.3974,0.4387,1
113,0.1624,0.4022,0.4354,1
114,0.1653,0.4019,0.4328,1
115,0.1639,0.4071,0.429,1
116,0.1573,0.4109,0.4318,1
117,0.1515,0.4106,0.4379,1
118,0.1487,0.4065,0.4448,1
119,0.1468,0.3993,0.4539,1
120,0.146,0.3958,0.4582,1
121,0.1496,0.3883,0.4621,1
122,0.1506,0.3835,0.4659,1
123,0.1532,0.3803,0.4665,1
124,0.1548,0.3859,0.4593,1
125,0.1576,0.3871,0.4553,1
126,0.1545,0.3937,0.4518,1
127,0.1517,0.3955,0.4528,1
128,0.153,0.39,0.457,1
129,0.1516,0.3891,0.4593,1
130,0.1524,0.3915,0.4561,1
131,0.1539,0.3869,0.4592,1
132,0.1495,0.3894,0.4611,1
133,0.1513,0.3838,0.4649,1
134,0.1539,0.381,0.4651,1
135,0.153,0.3809,0.4661,1
136,0.1564,0.377,0.4666,1
137,0.1555,0.3803,0.4642,1
138,0.1597,0.3781,0.4622,1
139,0.1592,0.3821,0.4587,1
140,0.1587,0.3854,0.4559,1
141,0.1554,0.388,0.4566,1
142,0.156,0.3895,0.4545,1
143,0.1556,0.3884,0.456,1
144,0.1608,0.3826,0.4566,1
145,0.1605,0.3879,0.4516,1
146,0.1594,0.3927,0.4479,1
147,0.1609,0.3912,0.4479,1
148,0.1556,0.3999,0.4445,1
149,0.1512,0.4055,0.4433,1
150,0.1497,0.3989,0.4514,1
151,0.1477,0.3879,0.4644,1
152,0.1465,0.3817,0.4718,1
153,0.1473,0.3694,0.4833,1
154,0.1485,0.3642,0.4873,1
155,0.1447,0.3649,0.4904,1
156,0.1529,0.3605,0.4866,1
157,0.155,0.3672,0.4778,1
158,0.1585,0.3719,0.4696,1
159,0.1548,0.3788,0.4664,1
160,0.1533,0.3847,0.462,1
161,0.1529,0.3822,0.4649,1
162,0.153,0.384,0.463,1
163,0.1517,0.3819,0.4664,1
164,0.1575,0.3781,0.4644,1
165,0.1559,0.3799,0.4642,1
166,0.157,0.3772,0.4658,1
167,0.1582,0.3785,0.4633,1
168,0.1556,0.3841,0.4603,1
169,0.1638,0.3714,0.4648,1
170,0.1612,0.3809,0.4579,1
171,0.1644,0.3828,0.4528,1
172,0.156,0.3982,0.4458,1
173,0.1564,0.3938,0.4498,1
174,0.1552,0.3905,0.4543,1
175,0.1514,0.3892,0.4594,1
176,0.1534,0.3828,0.4638,1
177,0.1575,0.3734,0.4691,1
178,0.1589,0.3739,0.4672,1
179,0.1622,0.3726,0.4652,1
180,0.1626,0.3735,0.4639,1
181,0.1562,0.3799,0.4639,1
182,0.1594,0.3786,0.462,1
183,0.1581,0.3814,0.4605,1
184,0.1595,0.3809,0.4596,1
185,0.1567,0.3837,0.4596,1
186,0.1572,0.3822,0.4606,1
187,0.1606,0.3808,0.4586,1
188,0.1656,0.3776,0.4568,1
189,0.1599,0.3858,0.4543,1
190,0.1592,0.3838,0.457,1
191,0.1565,0.3888,0.4547,1
192,0.1558,0.384,0.4602,1
193,0.1547,0.3809,0.4644,1
194,0.156,0.3776,0.4664,1
195,0.1566,0.3794,0.464,1
196,0.1578,0.3755,0.4667,1
197,0.1623,0.3723,0.4654,1
198,0.1648,0.3755,0.4597,1
199,0.1633,0.386,0.4507,1
200,0.1595,0.3949,0.4456,1
0,0.3368,0.3332,0.33,2
1,0.4382,0.4524,0.1094,2
2,0.1811,0.7598,0.0591,2
3,0.0492,0.8565,0.0943,2
4,0.0268,0.8145,0.1587,2
5,0.0297,0.7287,0.2416,2
6,0.0403,0.6372,0.3225,2
7,0.0513,0.5526,0.3961,2
8,0.063,0.4807,0.4563,2
9,0.0753,0.4173,0.5074,2
10,0.085,0.3711,0.5439,2
11,0.0941,0.3427,0.5632,2
12,0.1025,0.3246,0.5729,2
13,0.1087,0.3155,0.5758,2
14,0.117,0.3067,0.5763,2
15,0.1256,0.3034,0.571,2
16,0.1332,0.3103,0.5565,2
17,0.1356,0.3301,0.5343,2
18,0.1402,0.352,0.5078,2
19,0.1444,0.3724,0.4832,2
20,0.147,0.3964,0.4566,2
21,0.1455,0.4202,0.4343,2
22,0.1422,0.4444,0.4134,2
23,0.1366,0.4604,0.403,2
24,0.1323,0.4733,0.3944,2
25,0.1357,0.4739,0.3904,2
26,0.1299,0.4763,0.3938,2
27,0.1308,0.4676,0.4016,2
28,0.1294,0.4609,0.4097,2
29,0.1281,0.4531,0.4188,2
30,0.1227,0.4505,0.4268,2
31,0.1281,0.4319,0.44,2
32,0.1293,0.4189,0.4518,2
33,0.1295,0.4116,0.4589,2
34,0.13,0.4024,0.4676,2
35,0.1246,0.4039,0.4715,2
36,0.125,0.3966,0.4784,2
37,0.1289,0.3877,0.4834,2
38,0.134,0.3809,0.4851,2
39,0.1412,0.3759,0.4829,2
40,0.1513,0.375,0.4737,2
41,0.1539,0.3846,0.4615,2
42,0.1549,0.3906,0.4545,2
43,0.1459,0.4027,0.4514,2
44,0.1405,0.4047,0.4548,2
45,0.1386,0.4028,0.4586,2
46,0.1409,0.3993,0.4598,2
47,0.1471,0.3902,0.4627,2
48,0.1459,0.3984,0.4557,2
49,0.1393,0.4015,0.4592,2
50,0.1419,0.3957,0.4624,2
51,0.1441,0.3954,0.4605,2
52,0.1539,0.3902,0.4559,2
53,0.1548,0.3935,0.4517,2
54,0.1476,0.4079,0.4445,2
55,0.145,0.4083,0.4467,2
56,0.1433,0.4079,0.4488,2
57,0.1395,0.4047,0.4558,2
58,0.1321,0.4025,0.4654,2
59,0.1405,0.3819,0.4776,2
60,0.1426,0.3739,0.4835,2
61,0.1484,0.3624,0.4892,2
62,0.1505,0.3607,0.4888,2
63,0.151,0.3643,0.4847,2
64,0.15,0.3686,0.4814,2
65,0.157,0.3636,0.4794,2
66,0.1569,0.3696,0.4735,2
67,0.1601,0.3706,0.4693,2
68,0.1617,0.3792,0.4591,2
69,0.1625,0.3806,0.4569,2
70,0.1631,0.3873,0.4496,2
71,0.1597,0.3969,0.4434,2
72,0.1534,0.402,0.4446,2
73,0.1499,0.3968,0.4533,2
74,0.1498,0.3927,0.4575,2
75,0.1492,0.3851,0.4657,2
76,0.1472,0.3804,0.4724,2
77,0.1538,0.3717,0.4745,2
78,0.1545,0.3772,0.4683,2
79,0.1568,0.3783,0.4649,2
80,0.1595,0.3816,0.4589,2
81,0.1537,0.3934,0.4529,2
82,0.1601,0.3917,0.4482,2
83,0.1573,0.3968,0.4459,2
84,0.1516,0.402,0.4464,2
85,0.1489,0.3969,0.4542,2
86,0.1451,0.3936,0.4613,2
87,0.151,0.3782,0.4708,2
88,0.1557,0.3744,0.4699,2
89,0.1682,0.3702,0.4616,2
90,0.168,0.386,0.446,2
91,0.1637,0.3987,0.4376,2
92,0.1533,0.4123,0.4344,2
93,0.1543,0.4103,0.4354,2
94,0.1581,0.4061,0.4358,2
95,0.1546,0.4069,0.4385,2
96,0.1514,0.4055,0.4431,2
97,0.1515,0.3964,0.4521,2
98,0.1465,0.3956,0.4579,2
99,0.1497,0.3873,0.463,2
100,0.1528,0.376,0.4712,2
101,0.1559,0.3714,0.4727,2
102,0.1599,0.37,0.4701,2
103,0.1649,0.371,0.4641,2
104,0.1723,0.3709,0.4568,2
105,0.1734,0.3832,0.4434,2
106,0.1717,0.3971,0.4312,2
107,0.1659,0.4089,0.4252,2
108,0.1616,0.4162,0.4222,2
109,0.1575,0.4198,0.4227,2
110,0.152,0.4217,0.4263,2
111,0.1525,0.4119,0.4356,2
112,0.1513,0.4066,0.4421,2
113,0.1585,0.3959,0.4456,2
114,0.1574,0.3957,0.4469,2
115,0.1696,0.388,0.4424,2
116,0.1631,0.4021,0.4348,2
117,0.1647,0.404,0.4313,2
118,0.164,0.4085,0.4275,2
119,0.1649,0.4038,0.4313,2
120,0.1584,0.4126,0.429,2
121,0.1604,0.4062,0.4334,2
122,0.1595,0.4034,0.4371,2
123,0.1629,0.3975,0.4396,2
124,0.161,0.3971,0.4419,2
125,0.1683,0.3868,0.4449,2
126,0.1671,0.3959,0.437,2
127,0.1751,0.3939,0.431,2
128,0.171,0.4107,0.4183,2
129,0.1588,0.4239,0.4173,2
130,0.1511,0.4254,0.4235,2
131,0.1545,0.4125,0.433,2
132,0.1603,0.4016,0.4381,2
133,0.1629,0.3954,0.4417,2
134,0.1674,0.3872,0.4454,2
135,0.1648,0.395,0.4402,2
136,0.1623,0.3982,0.4395,2
137,0.1606,0.3984,0.441,2
138,0.1584,0.4031,0.4385,2
139,0.1525,0.4085,0.439,2
140,0.1495,0.4069,0.4436,2
141,0.1485,0.3984,0.4531,2
142,0.1536,0.3836,0.4628,2
143,0.1547,0.379,0.4663,2
144,0.1605,0.3774,0.4621,2
145,0.1677,0.3788,0.4535,2
146,0.1652,0.395,0.4398,2
147,0.1668,0.4006,0.4326,2
148,0.1614,0.4098,0.4288,2
149,0.1619,0.4132,0.4249,2
150,0.1614,0.4155,0.4231,2
151,0.1614,0.4146,0.424,2
152,0.1615,0.4143,0.4242,2
153,0.1606,0.4166,0.4228,2
154,0.1599,0.4145,0.4256,2
155,0.1561,0.4105,0.4334,2
156,0.1579,0.403,0.4391,2
157,0.1641,0.3917,0.4442,2
158,0.1634,0.3895,0.4471,2
159,0.1659,0.3883,0.4458,2
160,0.1689,0.3899,0.4412,2
161,0.1621,0.4008,0.4371,2
162,0.1604,0.3995,0.4401,2
163,0.1541,0.3994,0.4465,2
164,0.1597,0.3855,0.4548,2
165,0.1566,0.3861,0.4573,2
166,0.1592,0.3818,0.459,2
167,0.1608,0.38,0.4592,2
168,0.1636,0.377,0.4594,2
169,0.1692,0.3781,0.4527,2
170,0.1727,0.3816,0.4457,2
171,0.1708,0.3832,0.446,2
172,0.1674,0.3864,0.4462,2
173,0.1672,0.3885,0.4443,2
174,0.1676,0.3874,0.445,2
175,0.1649,0.3905,0.4446,2
176,0.1652,0.3892,0.4456,2
177,0.1666,0.3898,0.4436,2
178,0.1652,0.3899,0.4449,2
179,0.1643,0.3911,0.4446,2
180,0.1647,0.389,0.4463,2
181,0.1666,0.3872,0.4462,2
182,0.1735,0.3838,0.4427,2
183,0.1769,0.388,0.4351,2
184,0.1731,0.3945,0.4324,2
185,0.1669,0.4024,0.4307,2
186,0.1686,0.3989,0.4325,2
187,0.1696,0.3993,0.4311,2
188,0.1739,0.3954,0.4307,2
189,0.171,0.3956,0.4334,2
190,0.1694,0.3979,0.4327,2
191,0.1687,0.3982,0.4331,2
192,0.1693,0.3991,0.4316,2
193,0.1659,0.4038,0.4303,2
194,0.1612,0.407,0.4318,2
195,0.1608,0.4061,0.4331,2
196,0.1602,0.4083,0.4315,2
197,0.1589,0.4042,0.4369,2
198,0.1605,0.3977,0.4418,2
199,0.1637,0.3938,0.4425,2
200,0.1682,0.3881,0.4437,2
0,0.3402,0.3357,0.3241,3
1,0.4126,0.4776,0.1098,3
2,0.173,0.7527,0.0743,3
3,0.0554,0.8265,0.1181,3
4,0.0255,0.7841,0.1904,3
5,0.0266,0.6906,0.2828,3
6,0.0308,0.5933,0.3759,3
7,0.0401,0.4922,0.4677,3
8,0.049,0.4039,0.5471,3
9,0.0583,0.3367,0.605,3
10,0.0679,0.2806,0.6515,3
11,0.0798,0.2382,0.682,3
12,0.097,0.2134,0.6896,3
13,0.1141,0.212,0.6739,3
14,0.1273,0.2267,0.646,3
15,0.1374,0.2511,0.6115,3
16,0.142,0.2827,0.5753,3
17,0.1501,0.3122,0.5377,3
18,0.1565,0.3411,0.5024,3
19,0.1569,0.3751,0.468,3
20,0.1545,0.4079,0.4376,3
21,0.151,0.4381,0.4109,3
22,0.1504,0.4591,0.3905,3
23,0.1466,0.4828,0.3706,3
24,0.1382,0.5057,0.3561,3
25,0.1261,0.5251,0.3488,3
26,0.1214,0.5225,0.3561,3
27,0.116,0.516,0.368,3
28,0.114,0.4995,0.3865,3
29,0.1098,0.479,0.4112,3
30,0.1109,0.4555,0.4336,3
31,0.1075,0.4372,0.4553,3
32,0.1126,0.4104,0.477,3
33,0.1181,0.393,0.4889,3
34,0.1273,0.379,0.4937,3
35,0.1385,0.377,0.4845,3
36,0.1441,0.3806,0.4753,3
37,0.1522,0.3834,0.4644,3
38,0.1533,0.396,0.4507,3
39,0.1505,0.4101,0.4394,3
40,0.1418,0.4175,0.4407,3
41,0.1348,0.4172,0.448,3
42,0.142,0.4066,0.4514,3
43,0.1417,0.4054,0.4529,3
44,0.1369,0.4037,0.4594,3
45,0.1346,0.397,0.4684,3
46,0.1366,0.3891,0.4743,3
47,0.1363,0.3859,0.4778,3
48,0.1391,0.3813,0.4796,3
49,0.1435,0.3829,0.4736,3
50,0.141,0.3946,0.4644,3
51,0.1386,0.4029,0.4585,3
52,0.1394,0.4014,0.4592,3
53,0.1377,0.4012,0.4611,3
54,0.1374,0.3947,0.4679,3
55,0.1312,0.3947,0.4741,3
56,0.1312,0.3913,0.4775,3
57,0.1282,0.39,0.4818,3
58,0.137,0.3807,0.4823,3
59,0.1357,0.3842,0.4801,3
60,0.1443,0.3718,0.4839,3
61,0.1483,0.3685,0.4832,3
62,0.1465,0.3733,0.4802,3
63,0.1461,0.3759,0.478,3
64,0.1441,0.3755,0.4804,3
65,0.1425,0.3749,0.4826,3
66,0.1427,0.3767,0.4806,3
67,0.1443,0.3812,0.4745,3
68,0.1474,0.3838,0.4688,3
69,0.1455,0.3939,0.4606,3
70,0.1463,0.3966,0.4571,3
71,0.1539,0.3889,0.4572,3
72,0.15,0.3971,0.4529,3
73,0.1475,0.3943,0.4582,3
74,0.1513,0.383,0.4657,3
75,0.1579,0.3802,0.4619,3
76,0.168,0.3724,0.4596,3
77,0.1688,0.3831,0.4481,3
78,0.1646,0.4025,0.4329,3
79,0.1551,0.4191,0.4258,3
80,0.1538,0.4212,0.425,3
81,0.1524,0.4264,0.4212,3
82,0.1511,0.4306,0.4183,3
83,0.1454,0.4321,0.4225,3
84,0.1456,0.4248,0.4296,3
85,0.1411,0.4239,0.435,3
86,0.1493,0.4083,0.4424,3
87,0.1527,0.4073,0.44,3
88,0.1577,0.4021,0.4402,3
89,0.1546,0.4028,0.4426,3
90,0.1515,0.4075,0.441,3
91,0.1518,0.405,0.4432,3
92,0.1554,0.4019,0.4427,3
93,0.1532,0.4008,0.446,3
94,0.1543,0.3974,0.4483,3
95,0.1495,0.4014,0.4491,3
96,0.1525,0.3959,0.4516,3
97,0.1545,0.397,0.4485,3
98,0.1608,0.3948,0.4444,3
99,0.1561,0.4027,0.4412,3
100,0.1607,0.3952,0.4441,3
101,0.1583,0.4029,0.4388,3
102,0.1563,0.4034,0.4403,3
103,0.1565,0.4056,0.4379,3
104,0.1581,0.4075,0.4344,3
105,0.1497,0.4107,0.4396,3
106,0.1484,0.4027,0.4489,3
107,0.1487,0.3945,0.4568,3
108,0.1494,0.3914,0.4592,3
109,0.1506,0.3913,0.4581,3
110,0.1573,0.3899,0.4528,3
111,0.1549,0.3973,0.4478,3
112,0.1487,0.4027,0.4486,3
113,0.1484,0.4032,0.4484,3
114,0.1454,0.406,0.4486,3
115,0.1488,0.3956,0.4556,3
116,0.1532,0.3901,0.4567,3
117,0.1571,0.3866,0.4563,3
118,0.1526,0.3926,0.4548,3
119,0.1543,0.3878,0.4579,3
120,0.1526,0.3924,0.455,3
121,0.1507,0.3928,0.4565,3
122,0.1544,0.3852,0.4604,3
123,0.1498,0.3845,0.4657,3
124,0.1479,0.3828,0.4693,3
125,0.1474,0.3812,0.4714,3
126,0.1518,0.3725,0.4757,3
127,0.1519,0.3735,0.4746,3
128,0.1516,0.3692,0.4792,3
129,0.1545,0.3646,0.4809,3
130,0.1575,0.3643,0.4782,3
131,0.164,0.3638,0.4722,3
132,0.1653,0.3725,0.4622,3
133,0.1584,0.3885,0.4531,3
134,0.1537,0.3933,0.453,3
135,0.1489,0.3968,0.4543,3
136,0.1538,0.3907,0.4555,3
137,0.1545,0.388,0.4575,3
138,0.1563,0.3859,0.4578,3
139,0.1546,0.3871,0.4583,3
140,0.1544,0.3893,0.4563,3
141,0.1509,0.3966,0.4525,3
142,0.1497,0.3979,0.4524,3
143,0.1514,0.3951,0.4535,3
144,0.151,0.3949,0.4541,3
145,0.1514,0.3883,0.4603,3
146,0.1557,0.3811,0.4632,3
147,0.161,0.3769,0.4621,3
148,0.1584,0.385,0.4566,3
149,0.1595,0.3859,0.4546,3
150,0.1556,0.3945,0.4499,3
151,0.1532,0.3967,0.4501,3
152,0.1555,0.3941,0.4504,3
153,0.1572,0.3945,0.4483,3
154,0.1543,0.394,0.4517,3
155,0.155,0.3866,0.4584,3
156,0.1516,0.3825,0.4659,3
157,0.1508,0.375,0.4742,3
158,0.1545,0.3658,0.4797,3
159,0.1562,0.3601,0.4837,3
160,0.1582,0.3545,0.4873,3
161,0.1604,0.351,0.4886,3
162,0.167,0.3485,0.4845,3
163,0.1674,0.3578,0.4748,3
164,0.1657,0.367,0.4673,3
165,0.1728,0.3673,0.4599,3
166,0.1694,0.3795,0.4511,3
167,0.1627,0.3877,0.4496,3
168,0.1573,0.3889,0.4538,3
169,0.1515,0.3913,0.4572,3
170,0.1527,0.3834,0.4639,3
171,0.1627,0.3742,0.4631,3
172,0.1583,0.3802,0.4615,3
173,0.164,0.3772,0.4588,3
174,0.1611,0.3855,0.4534,3
175,0.1639,0.3839,0.4522,3
176,0.1648,0.3868,0.4484,3
177,0.1714,0.3808,0.4478,3
178,0.1716,0.385,0.4434,3
179,0.1674,0.3911,0.4415,3
180,0.1687,0.3897,0.4416,3
181,0.1718,0.3934,0.4348,3
182,0.1742,0.3964,0.4294,3
183,0.1747,0.4041,0.4212,3
184,0.1667,0.4115,0.4218,3
185,0.1692,0.4057,0.4251,3
186,0.1669,0.4093,0.4238,3
187,0.1678,0.403,0.4292,3
188,0.1704,0.3949,0.4347,3
189,0.1693,0.3924,0.4383,3
190,0.1694,0.3959,0.4347,3
191,0.177,0.3947,0.4283,3
192,0.1773,0.4052,0.4175,3
193,0.1818,0.4046,0.4136,3
194,0.1748,0.4211,0.4041,3
195,0.1781,0.4195,0.4024,3
196,0.1728,0.4275,0.3997,3
197,0.1693,0.4212,0.4095,3
198,0.169,0.4133,0.4177,3
199,0.1701,0.4045,0.4254,3
200,0.1728,0.3975,0.4297,3
0,0.3358,0.3338,0.3304,4
1,0.4272,0.4545,0.1183,4
2,0.1904,0.7409,0.0687,4
3,0.0605,0.8356,0.1039,4
4,0.0255,0.8052,0.1693,4
5,0.0272,0.7237,0.2491,4
6,0.0332,0.6329,0.3339,4
7,0.0369,0.5434,0.4197,4
8,0.0449,0.4588,0.4963,4
9,0.0518,0.3797,0.5685,4
10,0.0611,0.3161,0.6228,4
11,0.0686,0.2737,0.6577,4
12,0.076,0.2459,0.6781,4
13,0.0781,0.2363,0.6856,4
14,0.0842,0.2296,0.6862,4
15,0.0921,0.2327,0.6752,4
16,0.0981,0.2428,0.6591,4
17,0.1054,0.2591,0.6355,4
18,0.1138,0.2776,0.6086,4
19,0.1158,0.3028,0.5814,4
20,0.1248,0.318,0.5572,4
21,0.1285,0.3435,0.528,4
22,0.1241,0.3756,0.5003,4
23,0.1199,0.3955,0.4846,4
24,0.1193,0.407,0.4737,4
25,0.1217,0.4136,0.4647,4
26,0.1237,0.4195,0.4568,4
27,0.1236,0.4232,0.4532,4
28,0.1256,0.4185,0.4559,4
29,0.1271,0.4102,0.4627,4
30,0.1314,0.402,0.4666,4
31,0.1352,0.3996,0.4652,4
32,0.1333,0.402,0.4647,4
33,0.1379,0.3963,0.4658,4
34,0.1341,0.3999,0.466,4
35,0.1436,0.3908,0.4656,4
36,0.1411,0.4024,0.4565,4
37,0.1386,0.4101,0.4513,4
38,0.1363,0.4136,0.4501,4
39,0.1362,0.4186,0.4452,4
40,0.1431,0.4165,0.4404,4
41,0.1466,0.4172,0.4362,4
42,0.153,0.4158,0.4312,4
43,0.151,0.4248,0.4242,4
44,0.1506,0.4335,0.4159,4
45,0.1451,0.4422,0.4127,4
46,0.1383,0.4495,0.4122,4
47,0.1342,0.4434,0.4224,4
48,0.1343,0.4346,0.4311,4
49,0.1376,0.4214,0.441,4
50,0.136,0.4175,0.4465,4
51,0.1458,0.4043,0.4499,4
52,0.1467,0.4045,0.4488,4
53,0.143,0.4029,0.4541,4
54,0.1376,0.4026,0.4598,4
55,0.1328,0.4024,0.4648,4
56,0.1348,0.3947,0.4705,4
57,0.1321,0.3913,0.4766,4
58,0.1369,0.3827,0.4804,4
59,0.1415,0.3792,0.4793,4
60,0.1465,0.3779,0.4756,4
61,0.1525,0.3803,0.4672,4
62,0.1566,0.3815,0.4619,4
63,0.1544,0.3903,0.4553,4
64,0.1458,0.4003,0.4539,4
65,0.1486,0.3988,0.4526,4
66,0.1498,0.3986,0.4516,4
67,0.1515,0.3994,0.4491,4
68,0.1505,0.4019,0.4476,4
69,0.1508,0.4025,0.4467,4
70,0.148,0.4071,0.4449,4
71,0.1469,0.4,0.4531,4
72,0.151,0.3913,0.4577,4
73,0.1574,0.3858,0.4568,4
74,0.1595,0.3867,0.4538,4
75,0.1574,0.3971,0.4455,4
76,0.1591,0.3989,0.442,4
77,0.1593,0.4003,0.4404,4
78,0.1578,0.4007,0.4415,4
79,0.1525,0.4048,0.4427,4
80,0.1519,0.3956,0.4525,4
81,0.1508,0.3942,0.455,4
82,0.1561,0.3868,0.4571,4
83,0.1594,0.3878,0.4528,4
84,0.1638,0.3849,0.4513,4
85,0.1603,0.3917,0.448,4
86,0.1617,0.3904,0.4479,4
87,0.1567,0.3968,0.4465,4
88,0.1555,0.3984,0.4461,4
89,0.1621,0.3896,0.4483,4
90,0.1589,0.3961,0.445,4
91,0.1663,0.389,0.4447,4
92,0.1739,0.3854,0.4407,4
93,0.1679,0.3997,0.4324,4
94,0.163,0.4103,0.4267,4
95,0.1627,0.4133,0.424,4
96,0.158,0.4191,0.4229,4
97,0.1574,0.4212,0.4214,4
98,0.1607,0.4181,0.4212,4
99,0.1682,0.4168,0.415,4
100,0.1647,0.4287,0.4066,4
101,0.1623,0.426,0.4117,4
102,0.1557,0.4259,0.4184,4
103,0.1573,0.4151,0.4276,4
104,0.1556,0.4087,0.4357,4
105,0.1557,0.4069,0.4374,4
106,0.1613,0.3954,0.4433,4
107,0.1623,0.3944,0.4433,4
108,0.1692,0.3923,0.4385,4
109,0.1676,0.4045,0.4279,4
110,0.1672,0.4098,0.423,4
111,0.1634,0.4188,0.4178,4
112,0.1593,0.4246,0.4161,4
113,0.1529,0.4264,0.4207,4
114,0.1603,0.4082,0.4315,4
115,0.159,0.4081,0.4329,4
116,0.1628,0.3996,0.4376,4
117,0.162,0.3997,0.4383,4
118,0.1622,0.4001,0.4377,4
119,0.1589,0.4026,0.4385,4
120,0.165,0.3936,0.4414,4
121,0.1593,0.4008,0.4399,4
122,0.1618,0.3964,0.4418,4
123,0.1575,0.4013,0.4412,4
124,0.1558,0.3995,0.4447,4
125,0.145,0.4092,0.4458,4
126,0.1478,0.3969,0.4553,4
127,0.1513,0.3908,0.4579,4
128,0.1555,0.3852,0.4593,4
129,0.1609,0.3809,0.4582,4
130,0.1685,0.375,0.4565,4
131,0.167,0.3842,0.4488,4
132,0.1763,0.387,0.4367,4
133,0.1788,0.3961,0.4251,4
134,0.1676,0.4138,0.4186,4
135,0.158,0.4221,0.4199,4
136,0.1615,0.4133,0.4252,4
137,0.1611,0.4115,0.4274,4
138,0.1645,0.4019,0.4336,4
139,0.1663,0.4008,0.4329,4
140,0.1634,0.4034,0.4332,4
141,0.1606,0.4036,0.4358,4
142,0.1633,0.3951,0.4416,4
143,0.1657,0.3912,0.4431,4
144,0.1755,0.3855,0.439,4
145,0.1765,0.3941,0.4294,4
146,0.1725,0.4055,0.422,4
147,0.1701,0.4156,0.4143,4
148,0.1634,0.4215,0.4151,4
149,0.1641,0.4193,0.4166,4
150,0.1581,0.4229,0.419,4
151,0.1543,0.4194,0.4263,4
152,0.1535,0.4129,0.4336,4
153,0.1608,0.4033,0.4359,4
154,0.1696,0.3957,0.4347,4
155,0.172,0.4001,0.4279,4
156,0.1721,0.4086,0.4193,4
157,0.1716,0.4172,0.4112,4
158,0.1624,0.4296,0.408,4
159,0.1642,0.4299,0.4059,4
160,0.1557,0.4378,0.4065,4
161,0.1517,0.4353,0.413,4
162,0.1472,0.4338,0.419,4
163,0.1518,0.4161,0.4321,4
164,0.1582,0.4051,0.4367,4
165,0.1655,0.4019,0.4326,4
166,0.1655,0.407,0.4275,4
167,0.1587,0.4106,0.4307,4
168,0.1572,0.4068,0.436,4
169,0.1573,0.3989,0.4438,4
170,0.1622,0.3891,0.4487,4
171,0.1603,0.3916,0.4481,4
172,0.1609,0.3915,0.4476,4
173,0.1592,0.3964,0.4444,4
174,0.1628,0.3962,0.441,4
175,0.1617,0.397,0.4413,4
176,0.1644,0.3933,0.4423,4
177,0.174,0.3878,0.4382,4
178,0.1755,0.3924,0.4321,4
179,0.1703,0.4,0.4297,4
180,0.1718,0.3991,0.4291,4
181,0.1711,0.4038,0.4251,4
182,0.1696,0.4003,0.4301,4
183,0.1674,0.4048,0.4278,4
184,0.1707,0.3979,0.4314,4
185,0.1675,0.3981,0.4344,4
186,0.1649,0.3959,0.4392,4
187,0.1704,0.3892,0.4404,4
188,0.176,0.3902,0.4338,4
189,0.1756,0.3987,0.4257,4
190,0.1744,0.4061,0.4195,4
191,0.1723,0.416,0.4117,4
192,0.1698,0.4225,0.4077,4
193,0.1736,0.4166,0.4098,4
194,0.1667,0.4236,0.4097,4
195,0.1671,0.4214,0.4115,4
196,0.17,0.4256,0.4044,4
197,0.1691,0.427,0.4039,4
198,0.1662,0.4291,0.4047,4
199,0.1657,0.4304,0.4039,4
200,0.1617,0.4375,0.4008,4
0,0.3351,0.3317,0.3332,5
1,0.4185,0.4694,0.1121,5
2,0.179,0.7587,0.0623,5
3,0.0397,0.8629,0.0974,5
4,0.0182,0.8107,0.1711,5
5,0.024,0.7124,0.2636,5
6,0.0317,0.6135,0.3548,5
7,0.0399,0.5198,0.4403,5
8,0.0491,0.4304,0.5205,5
9,0.0591,0.353,0.5879,5
10,0.0696,0.2962,0.6342,5
11,0.0749,0.2631,0.662,5
12,0.0794,0.2405,0.6801,5
13,0.0842,0.2279,0.6879,5
14,0.0916,0.2205,0.6879,5
15,0.101,0.2198,0.6792,5
16,0.1145,0.2236,0.6619,5
17,0.125,0.2382,0.6368,5
18,0.1348,0.2575,0.6077,5
19,0.1355,0.2881,0.5764,5
20,0.142,0.311,0.547,5
21,0.1419,0.3414,0.5167,5
22,0.1394,0.3673,0.4933,5
23,0.1389,0.3886,0.4725,5
24,0.1357,0.4078,0.4565,5
25,0.1365,0.4154,0.4481,5
26,0.1353,0.4216,0.4431,5
27,0.1287,0.4304,0.4409,5
28,0.1322,0.4303,0.4375,5
29,0.127,0.4351,0.4379,5
30,0.1265,0.436,0.4375,5
31,0.1293,0.4328,0.4379,5
32,0.1287,0.4338,0.4375,5
33,0.1351,0.4264,0.4385,5
34,0.134,0.429,0.437,5
35,0.1329,0.4295,0.4376,5
36,0.1315,0.4293,0.4392,5
37,0.1378,0.4189,0.4433,5
38,0.1417,0.4194,0.4389,5
39,0.1448,0.4199,0.4353,5
40,0.1481,0.425,0.4269,5
41,0.1502,0.4303,0.4195,5
42,0.1499,0.4429,0.4072,5
43,0.1425,0.4468,0.4107,5
44,0.1316,0.4482,0.4202,5
45,0.133,0.4361,0.4309,5
46,0.1385,0.4193,0.4422,5
47,0.1419,0.4101,0.448,5
48,0.1402,0.4023,0.4575,5
49,0.14,0.3939,0.4661,5
50,0.1417,0.3915,0.4668,5
51,0.1415,0.3955,0.463,5
52,0.142,0.3969,0.4611,5
53,0.1427,0.3974,0.4599,5
54,0.1353,0.4052,0.4595,5
55,0.1337,0.4028,0.4635,5
56,0.1249,0.4041,0.471,5
57,0.1227,0.3948,0.4825,5
58,0.1304,0.3821,0.4875,5
59,0.1341,0.3721,0.4938,5
60,0.1429,0.3593,0.4978,5
61,0.1468,0.3598,0.4934,5
62,0.1509,0.3615,0.4876,5
63,0.1501,0.3734,0.4765,5
64,0.1526,0.3817,0.4657,5
65,0.1489,0.393,0.4581,5
66,0.1507,0.3923,0.457,5
67,0.1513,0.3933,0.4554,5
68,0.1543,0.3919,0.4538,5
69,0.1519,0.3968,0.4513,5
70,0.1566,0.3906,0.4528,5
71,0.1539,0.3958,0.4503,5
72,0.1517,0.3973,0.451,5
73,0.1565,0.3896,0.4539,5
74,0.1602,0.3886,0.4512,5
75,0.1591,0.3883,0.4526,5
76,0.1606,0.3835,0.4559,5
77,0.1512,0.3912,0.4576,5
78,0.1502,0.3853,0.4645,5
79,0.1537,0.3801,0.4662,5
80,0.1527,0.3787,0.4686,5
81,0.1506,0.378,0.4714,5
82,0.1538,0.3727,0.4735,5
83,0.1568,0.3725,0.4707,5
84,0.1579,0.3752,0.4669,5
85,0.1593,0.374,0.4667,5
86,0.1534,0.3779,0.4687,5
87,0.1421,0.3806,0.4773,5
88,0.145,0.3652,0.4898,5
89,0.1438,0.3623,0.4939,5
90,0.1498,0.354,0.4962,5
91,0.1541,0.3538,0.4921,5
92,0.163,0.3546,0.4824,5
93,0.1612,0.3677,0.4711,5
94,0.1573,0.3805,0.4622,5
95,0.1581,0.3874,0.4545,5
96,0.1574,0.3934,0.4492,5
97,0.1528,0.399,0.4482,5
98,0.1514,0.3967,0.4519,5
99,0.1471,0.3923,0.4606,5
100,0.147,0.3847,0.4683,5
101,0.1495,0.371,0.4795,5
102,0.1559,0.3651,0.479,5
103,0.1571,0.368,0.4749,5
104,0.162,0.3675,0.4705,5
105,0.1602,0.3678,0.472,5
106,0.165,0.3646,0.4704,5
107,0.1614,0.3773,0.4613,5
108,0.1674,0.3796,0.453,5
109,0.1659,0.3875,0.4466,5
110,0.163,0.3933,0.4437,5
111,0.1558,0.4015,0.4427,5
112,0.1514,0.4058,0.4428,5
113,0.1547,0.3988,0.4465,5
114,0.1563,0.3967,0.447,5
115,0.1523,0.4015,0.4462,5
116,0.1536,0.3952,0.4512,5
117,0.1521,0.3947,0.4532,5
118,0.1521,0.3954,0.4525,5
119,0.156,0.3933,0.4507,5
120,0.1514,0.3999,0.4487,5
121,0.1545,0.3983,0.4472,5
122,0.1552,0.3976,0.4472,5
123,0.1599,0.394,0.4461,5
124,0.1626,0.3929,0.4445,5
125,0.1634,0.3981,0.4385,5
126,0.1665,0.4004,0.4331,5
127,0.1642,0.412,0.4238,5
128,0.1646,0.4116,0.4238,5
129,0.1682,0.4124,0.4194,5
130,0.1616,0.4241,0.4143,5
131,0.1581,0.4223,0.4196,5
132,0.1553,0.42,0.4247,5
133,0.1574,0.4116,0.431,5
134,0.1548,0.4129,0.4323,5
135,0.157,0.406,0.437,5
136,0.1556,0.4013,0.4431,5
137,0.155,0.3953,0.4497,5
138,0.1594,0.3881,0.4525,5
139,0.1665,0.3799,0.4536,5
140,0.1716,0.382,0.4464,5
141,0.1701,0.3911,0.4388,5
142,0.1659,0.3974,0.4367,5
143,0.1662,0.3984,0.4354,5
144,0.1636,0.4026,0.4338,5
145,0.1593,0.406,0.4347,5
146,0.161,0.4021,0.4369,5
147,0.1636,0.3949,0.4415,5
148,0.163,0.396,0.441,5
149,0.1728,0.3861,0.4411,5
150,0.1704,0.393,0.4366,5
151,0.1664,0.3934,0.4402,5
152,0.1646,0.3986,0.4368,5
153,0.1689,0.3933,0.4378,5
154,0.1636,0.4029,0.4335,5
155,0.1623,0.401,0.4367,5
156,0.1579,0.4034,0.4387,5
157,0.1593,0.397,0.4437,5
158,0.1628,0.3922,0.445,5
159,0.1623,0.3904,0.4473,5
160,0.1621,0.3883,0.4496,5
161,0.1683,0.3882,0.4435,5
162,0.1723,0.3929,0.4348,5
163,0.1691,0.3994,0.4315,5
164,0.1695,0.4032,0.4273,5
165,0.1669,0.405,0.4281,5
166,0.1672,0.4051,0.4277,5
167,0.1695,0.4039,0.4266,5
168,0.1675,0.4085,0.424,5
169,0.1607,0.4111,0.4282,5
170,0.1617,0.4006,0.4377,5
171,0.1656,0.3934,0.441,5
172,0.1753,0.3847,0.44,5
173,0.177,0.3942,0.4288,5
174,0.1803,0.3971,0.4226,5
175,0.1689,0.4164,0.4147,5
176,0.1686,0.4168,0.4146,5
177,0.1698,0.42,0.4102,5
178,0.1675,0.4217,0.4108,5
179,0.1602,0.4283,0.4115,5
180,0.157,0.4209,0.4221,5
181,0.1563,0.4172,0.4265,5
182,0.1634,0.4064,0.4302,5
183,0.1626,0.4066,0.4308,5
184,0.1652,0.3993,0.4355,5
185,0.1683,0.3942,0.4375,5
186,0.1711,0.392,0.4369,5
187,0.1649,0.4021,0.433,5
188,0.1683,0.3987,0.433,5
189,0.1637,0.4056,0.4307,5
190,0.1676,0.4041,0.4283,5
191,0.1694,0.4055,0.4251,5
192,0.1668,0.4064,0.4268,5
193,0.1676,0.4087,0.4237,5
194,0.1643,0.4151,0.4206,5
195,0.1711,0.4099,0.419,5
196,0.1694,0.4193,0.4113,5
197,0.1668,0.4223,0.4109,5
198,0.1599,0.4292,0.4109,5
199,0.1625,0.4173,0.4202,5
200,0.1552,0.4177,0.4271,5
0,0.3364,0.3342,0.3294,6
1,0.4245,0.4633,0.1122,6
2,0.181,0.7537,0.0653,6
3,0.0491,0.8458,0.1051,6
4,0.0252,0.806,0.1688,6
5,0.0275,0.727,0.2455,6
6,0.0349,0.6392,0.3259,6
7,0.0429,0.5577,0.3994,6
8,0.0523,0.4813,0.4664,6
9,0.0602,0.4144,0.5254,6
10,0.067,0.366,0.567,6
11,0.0789,0.3226,0.5985,6
12,0.0952,0.2881,0.6167,6
13,0.1084,0.2732,0.6184,6
14,0.1145,0.2719,0.6136,6
15,0.1188,0.2761,0.6051,6
16,0.1242,0.286,0.5898,6
17,0.1279,0.2955,0.5766,6
18,0.1243,0.3138,0.5619,6
19,0.1244,0.3296,0.546,6
20,0.1333,0.3368,0.5299,6
21,0.1452,0.3456,0.5092,6
22,0.1508,0.3669,0.4823,6
23,0.1534,0.39,0.4566,6
24,0.1603,0.4144,0.4253,6
25,0.1582,0.4438,0.398,6
26,0.1499,0.4676,0.3825,6
27,0.1473,0.4798,0.3729,6
28,0.1405,0.4869,0.3726,6
29,0.1324,0.494,0.3736,6
30,0.1296,0.489,0.3814,6
31,0.1268,0.4803,0.3929,6
32,0.1196,0.4688,0.4116,6
33,0.12,0.4501,0.4299,6
34,0.122,0.4318,0.4462,6
35,0.1257,0.4125,0.4618,6
36,0.1344,0.394,0.4716,6
37,0.135,0.3887,0.4763,6
38,0.1314,0.3949,0.4737,6
39,0.1269,0.4014,0.4717,6
40,0.1334,0.3917,0.4749,6
41,0.1373,0.3865,0.4762,6
42,0.1374,0.383,0.4796,6
43,0.1364,0.3809,0.4827,6
44,0.138,0.3783,0.4837,6
45,0.1395,0.3781,0.4824,6
46,0.139,0.3797,0.4813,6
47,0.1399,0.3797,0.4804,6
48,0.1373,0.3781,0.4846,6
49,0.1412,0.3734,0.4854,6
50,0.1513,0.3663,0.4824,6
51,0.1597,0.3703,0.47,6
52,0.1629,0.3784,0.4587,6
53,0.1595,0.3893,0.4512,6
54,0.1593,0.3906,0.4501,6
55,0.1522,0.3967,0.4511,6
56,0.1541,0.3896,0.4563,6
57,0.1534,0.3905,0.4561,6
58,0.1558,0.3896,0.4546,6
59,0.1584,0.3904,0.4512,6
60,0.1507,0.4036,0.4457,6
61,0.1528,0.4038,0.4434,6
62,0.1435,0.4119,0.4446,6
63,0.1457,0.4079,0.4464,6
64,0.1414,0.4058,0.4528,6
65,0.1401,0.3959,0.464,6
66,0.1441,0.3845,0.4714,6
67,0.1451,0.3809,0.474,6
68,0.1466,0.3758,0.4776,6
69,0.1494,0.3729,0.4777,6
70,0.1512,0.3708,0.478,6
71,0.1485,0.379,0.4725,6
72,0.1482,0.3831,0.4687,6
73,0.1543,0.3816,0.4641,6
74,0.1493,0.3937,0.457,6
75,0.1483,0.394,0.4577,6
76,0.1539,0.3891,0.457,6
77,0.15,0.3963,0.4537,6
78,0.1469,0.3969,0.4562,6
79,0.1479,0.3957,0.4564,6
80,0.1522,0.3904,0.4574,6
81,0.1555,0.3903,0.4542,6
82,0.1538,0.3942,0.452,6
83,0.1523,0.3958,0.4519,6
84,0.1558,0.4019,0.4423,6
85,0.1539,0.4113,0.4348,6
86,0.1494,0.4216,0.429,6
87,0.1387,0.4283,0.433,6
88,0.1353,0.4192,0.4455,6
89,0.1352,0.4066,0.4582,6
90,0.1425,0.3889,0.4686,6
91,0.1492,0.3782,0.4726,6
92,0.1558,0.3689,0.4753,6
93,0.1601,0.3671,0.4728,6
94,0.1593,0.3736,0.4671,6
95,0.1621,0.376,0.4619,6
96,0.1595,0.3851,0.4554,6
97,0.1574,0.3935,0.4491,6
98,0.153,0.4015,0.4455,6
99,0.1506,0.4049,0.4445,6
100,0.1502,0.4042,0.4456,6
101,0.1501,0.3999,0.45,6
102,0.1513,0.3931,0.4556,6
103,0.1564,0.3914,0.4522,6
104,0.1562,0.397,0.4468,6
105,0.153,0.4005,0.4465,6
106,0.1516,0.3972,0.4512,6
107,0.1491,0.3981,0.4528,6
108,0.1503,0.3959,0.4538,6
109,0.1505,0.3975,0.452,6
110,0.1532,0.3903,0.4565,6
111,0.1444,0.3933,0.4623,6
112,0.1438,0.3803,0.4759,6
113,0.1497,0.3676,0.4827,6
114,0.1507,0.3705,0.4788,6
115,0.1566,0.3697,0.4737,6
116,0.1565,0.3773,0.4662,6
117,0.1511,0.3852,0.4637,6
118,0.1532,0.3803,0.4665,6
119,0.1545,0.3829,0.4626,6
120,0.1577,0.3796,0.4627,6
121,0.1616,0.3823,0.4561,6
122,0.1576,0.3948,0.4476,6
123,0.1537,0.4054,0.4409,6
124,0.1536,0.4076,0.4388,6
125,0.1552,0.4097,0.4351,6
126,0.1535,0.41,0.4365,6
127,0.1571,0.4081,0.4348,6
128,0.1558,0.4123,0.4319,6
129,0.1541,0.4194,0.4265,6
130,0.1489,0.4217,0.4294,6
131,0.1467,0.4208,0.4325,6
132,0.146,0.4155,0.4385,6
133,0.1476,0.4095,0.4429,6
134,0.1503,0.3994,0.4503,6
135,0.1569,0.3927,0.4504,6
136,0.1589,0.395,0.4461,6
137,0.1618,0.3979,0.4403,6
138,0.1608,0.3987,0.4405,6
139,0.1589,0.4024,0.4387,6
140,0.1586,0.3975,0.4439,6
141,0.1587,0.3976,0.4437,6
142,0.1596,0.3917,0.4487,6
143,0.1593,0.3911,0.4496,6
144,0.1611,0.3888,0.4501,6
145,0.169,0.3827,0.4483,6
146,0.161,0.3954,0.4436,6
147,0.1628,0.396,0.4412,6
148,0.1621,0.4063,0.4316,6
149,0.1599,0.4112,0.4289,6
150,0.1634,0.4116,0.425,6
151,0.1584,0.4178,0.4238,6
152,0.1559,0.417,0.4271,6
153,0.1526,0.41,0.4374,6
154,0.1546,0.4028,0.4426,6
155,0.1571,0.399,0.4439,6
156,0.1616,0.3923,0.4461,6
157,0.161,0.3956,0.4434,6
158,0.1544,0.4031,0.4425,6
159,0.157,0.3956,0.4474,6
160,0.1581,0.3934,0.4485,6
161,0.1668,0.3851,0.4481,6
162,0.1645,0.3948,0.4407,6
163,0.166,0.3961,0.4379,6
164,0.1585,0.4073,0.4342,6
165,0.1585,0.4014,0.4401,6
166,0.1528,0.4019,0.4453,6
167,0.1532,0.3945,0.4523,6
168,0.1564,0.3855,0.4581,6
169,0.1647,0.377,0.4583,6
170,0.1626,0.3875,0.4499,6
171,0.162,0.3925,0.4455,6
172,0.1549,0.4004,0.4447,6
173,0.1592,0.3956,0.4452,6
174,0.1521,0.402,0.4459,6
175,0.1513,0.398,0.4507,6
176,0.1493,0.396,0.4547,6
177,0.1475,0.3938,0.4587,6
178,0.1478,0.3901,0.4621,6
179,0.1544,0.3853,0.4603,6
180,0.1613,0.3818,0.4569,6
181,0.1517,0.3971,0.4512,6
182,0.1517,0.3957,0.4526,6
183,0.1534,0.3955,0.4511,6
184,0.1508,0.4018,0.4474,6
185,0.1494,0.4034,0.4472,6
186,0.1472,0.4044,0.4484,6
187,0.1481,0.401,0.4509,6
188,0.1531,0.3936,0.4533,6
189,0.1602,0.3875,0.4523,6
190,0.1615,0.3909,0.4476,6
191,0.162,0.3968,0.4412,6
192,0.1543,0.4061,0.4396,6
193,0.1514,0.4041,0.4445,6
194,0.1467,0.4051,0.4482,6
195,0.1569,0.3907,0.4524,6
196,0.1549,0.3938,0.4513,6
197,0.159,0.3859,0.4551,6
198,0.1592,0.39,0.4508,6
199,0.1712,0.3799,0.4489,6
200,0.1735,0.3859,0.4406,6
0,0.337,0.3335,0.3295,7
1,0.4185,0.4635,0.118,7
2,0.1865,0.7427,0.0708,7
3,0.0515,0.8388,0.1097,7
4,0.025,0.7926,0.1824,7
5,0.0312,0.6982,0.2706,7
6,0.045,0.5982,0.3568,7
7,0.0589,0.508,0.4331,7
8,0.0708,0.4293,0.4999,7
9,0.0868,0.3653,0.5479,7
10,0.0978,0.3235,0.5787,7
11,0.1144,0.2905,0.5951,7
12,0.1242,0.2902,0.5856,7
13,0.1336,0.2971,0.5693,7
14,0.1414,0.3123,0.5463,7
15,0.1466,0.3365,0.5169,7
16,0.1424,0.3659,0.4917,7
17,0.1373,0.3889,0.4738,7
18,0.1375,0.4027,0.4598,7
19,0.1417,0.4093,0.449,7
20,0.1435,0.4183,0.4382,7
21,0.145,0.4213,0.4337,7
22,0.1374,0.4278,0.4348,7
23,0.1331,0.4289,0.438,7
24,0.1372,0.4238,0.439,7
25,0.1401,0.4244,0.4355,7
26,0.1391,0.4271,0.4338,7
27,0.1385,0.4244,0.4371,7
28,0.1368,0.4261,0.4371,7
29,0.135,0.4223,0.4427,7
30,0.1351,0.4195,0.4454,7
31,0.1398,0.4164,0.4438,7
32,0.1399,0.421,0.4391,7
33,0.1345,0.422,0.4435,7
34,0.1344,0.4147,0.4509,7
35,0.1345,0.4091,0.4564,7
36,0.1349,0.4035,0.4616,7
37,0.1331,0.4008,0.4661,7
38,0.1333,0.3884,0.4783,7
39,0.1325,0.3785,0.489,7
40,0.1337,0.3703,0.496,7
41,0.1356,0.3666,0.4978,7
42,0.1423,0.3591,0.4986,7
43,0.1413,0.3665,0.4922,7
44,0.1377,0.3742,0.4881,7
45,0.1378,0.3721,0.4901,7
46,0.1357,0.3763,0.488,7
47,0.1466,0.3678,0.4856,7
48,0.1517,0.3662,0.4821,7
49,0.1465,0.3744,0.4791,7
50,0.1469,0.3708,0.4823,7
51,0.1428,0.3761,0.4811,7
52,0.1425,0.371,0.4865,7
53,0.1476,0.3653,0.4871,7
54,0.1523,0.3638,0.4839,7
55,0.157,0.3653,0.4777,7
56,0.1588,0.3735,0.4677,7
57,0.1588,0.3797,0.4615,7
58,0.1519,0.3891,0.459,7
59,0.1469,0.3902,0.4629,7
60,0.1426,0.3892,0.4682,7
61,0.1464,0.3793,0.4743,7
62,0.1442,0.3813,0.4745,7
63,0.1461,0.3747,0.4792,7
64,0.148,0.3743,0.4777,7
65,0.1445,0.3793,0.4762,7
66,0.1378,0.3822,0.48,7
67,0.134,0.3836,0.4824,7
68,0.1424,0.3698,0.4878,7
69,0.1427,0.3708,0.4865,7
70,0.1467,0.3697,0.4836,7
71,0.1464,0.3729,0.4807,7
72,0.1391,0.3788,0.4821,7
73,0.1439,0.372,0.4841,7
74,0.1401,0.3783,0.4816,7
75,0.1388,0.38,0.4812,7
76,0.1416,0.3807,0.4777,7
77,0.1457,0.3811,0.4732,7
78,0.1472,0.3826,0.4702,7
79,0.1481,0.3834,0.4685,7
80,0.1513,0.3879,0.4608,7
81,0.1539,0.3932,0.4529,7
82,0.1523,0.3986,0.4491,7
83,0.1504,0.4076,0.442,7
84,0.1421,0.4111,0.4468,7
85,0.1369,0.4122,0.4509,7
86,0.1342,0.4074,0.4584,7
87,0.1388,0.398,0.4632,7
88,0.137,0.3973,0.4657,7
89,0.1442,0.3867,0.4691,7
90,0.1418,0.3878,0.4704,7
91,0.1422,0.3829,0.4749,7
92,0.1393,0.3824,0.4783,7
93,0.1419,0.3818,0.4763,7
94,0.1484,0.3764,0.4752,7
95,0.1535,0.3794,0.4671,7
96,0.1586,0.3812,0.4602,7
97,0.1536,0.3967,0.4497,7
98,0.1548,0.4015,0.4437,7
99,0.1445,0.4194,0.4361,7
100,0.1389,0.4181,0.443,7
101,0.1449,0.4086,0.4465,7
102,0.1452,0.3987,0.4561,7
103,0.1393,0.3955,0.4652,7
104,0.1432,0.3793,0.4775,7
105,0.1462,0.3729,0.4809,7
106,0.1471,0.372,0.4809,7
107,0.1511,0.3708,0.4781,7
108,0.1564,0.3687,0.4749,7
109,0.1554,0.3734,0.4712,7
110,0.1578,0.3745,0.4677,7
111,0.1584,0.3817,0.4599,7
112,0.1535,0.3905,0.456,7
113,0.1527,0.3898,0.4575,7
114,0.1552,0.3898,0.455,7
115,0.1514,0.3917,0.4569,7
116,0.1523,0.3898,0.4579,7
117,0.164,0.3837,0.4523,7
118,0.1605,0.3943,0.4452,7
119,0.1576,0.3974,0.445,7
120,0.1615,0.3926,0.4459,7
121,0.162,0.3932,0.4448,7
122,0.1673,0.3906,0.4421,7
123,0.1727,0.3933,0.434,7
124,0.1764,0.4008,0.4228,7
125,0.1773,0.4144,0.4083,7
126,0.1746,0.4244,0.401,7
127,0.1767,0.4269,0.3964,7
128,0.17,0.4315,0.3985,7
129,0.1669,0.4267,0.4064,7
130,0.1678,0.4201,0.4121,7
131,0.173,0.417,0.41,7
132,0.1695,0.4251,0.4054,7
133,0.1607,0.4324,0.4069,7
134,0.163,0.4308,0.4062,7
135,0.157,0.4339,0.4091,7
136,0.1593,0.4223,0.4184,7
137,0.1575,0.4205,0.422,7
138,0.1571,0.4176,0.4253,7
139,0.1557,0.4149,0.4294,7
140,0.1615,0.4091,0.4294,7
141,0.1651,0.4013,0.4336,7
142,0.1679,0.3985,0.4336,7
143,0.1756,0.3903,0.4341,7
144,0.1696,0.4055,0.4249,7
145,0.1711,0.4053,0.4236,7
146,0.1693,0.4146,0.4161,7
147,0.1658,0.4179,0.4163,7
148,0.1663,0.4185,0.4152,7
149,0.1706,0.414,0.4154,7
150,0.1727,0.4175,0.4098,7
151,0.1719,0.4228,0.4053,7
152,0.1629,0.4269,0.4102,7
153,0.1585,0.4212,0.4203,7
154,0.1566,0.414,0.4294,7
155,0.167,0.4007,0.4323,7
156,0.1665,0.4059,0.4276,7
157,0.1724,0.4031,0.4245,7
158,0.1736,0.4093,0.4171,7
159,0.1697,0.4169,0.4134,7
160,0.1685,0.4269,0.4046,7
161,0.1722,0.4264,0.4014,7
162,0.1696,0.4351,0.3953,7
163,0.169,0.4329,0.3981,7
164,0.1684,0.436,0.3956,7
165,0.1623,0.4363,0.4014,7
166,0.168,0.4267,0.4053,7
167,0.1642,0.4295,0.4063,7
168,0.1646,0.4221,0.4133,7
169,0.1673,0.4138,0.4189,7
170,0.1779,0.4023,0.4198,7
171,0.1746,0.4139,0.4115,7
172,0.1695,0.4218,0.4087,7
173,0.1691,0.4217,0.4092,7
174,0.1639,0.4234,0.4127,7
175,0.1598,0.4202,0.42,7
176,0.1576,0.4181,0.4243,7
177,0.1618,0.4107,0.4275,7
178,0.1625,0.409,0.4285,7
179,0.162,0.4075,0.4305,7
180,0.1675,0.3989,0.4336,7
181,0.1685,0.3953,0.4362,7
182,0.167,0.4005,0.4325,7
183,0.174,0.3936,0.4324,7
184,0.1804,0.3966,0.423,7
185,0.1814,0.4023,0.4163,7
186,0.1773,0.4146,0.4081,7
187,0.1788,0.4207,0.4005,7
188,0.1791,0.4266,0.3943,7
189,0.1706,0.4336,0.3958,7
190,0.1686,0.4337,0.3977,7
191,0.1648,0.4333,0.4019,7
192,0.1639,0.4268,0.4093,7
193,0.1625,0.4221,0.4154,7
194,0.1611,0.4098,0.4291,7
195,0.165,0.3965,0.4385,7
196,0.1684,0.3903,0.4413,7
197,0.168,0.389,0.443,7
198,0.1673,0.3886,0.4441,7
199,0.1683,0.3919,0.4398,7
200,0.1682,0.3972,0.4346,7
0,0.3405,0.3206,0.3389,8
1,0.4548,0.4417,0.1035,8
2,0.1853,0.7642,0.0505,8
3,0.0331,0.8842,0.0827,8
4,0.0205,0.8403,0.1392,8
5,0.0258,0.7664,0.2078,8
6,0.0311,0.6854,0.2835,8
7,0.0395,0.6039,0.3566,8
8,0.0493,0.5231,0.4276,8
9,0.0569,0.4531,0.49,8
10,0.0692,0.3913,0.5395,8
11,0.0755,0.3502,0.5743,8
12,0.0812,0.3189,0.5999,8
13,0.089,0.2963,0.6147,8
14,0.0998,0.2848,0.6154,8
15,0.1057,0.2839,0.6104,8
16,0.103,0.2979,0.5991,8
17,0.1117,0.3024,0.5859,8
18,0.1183,0.3126,0.5691,8
19,0.1218,0.3237,0.5545,8
20,0.1215,0.3404,0.5381,8
21,0.1284,0.3508,0.5208,8
22,0.1314,0.3693,0.4993,8
23,0.1304,0.3895,0.4801,8
24,0.1282,0.404,0.4678,8
25,0.1241,0.4145,0.4614,8
26,0.1277,0.4142,0.4581,8
27,0.1281,0.4156,0.4563,8
28,0.1274,0.4189,0.4537,8
29,0.125,0.4167,0.4583,8
30,0.1281,0.4064,0.4655,8
31,0.1297,0.3992,0.4711,8
32,0.1276,0.3973,0.4751,8
33,0.1272,0.398,0.4748,8
34,0.1361,0.3942,0.4697,8
35,0.1341,0.3992,0.4667,8
36,0.1384,0.3981,0.4635,8
37,0.1358,0.4074,0.4568,8
38,0.1357,0.4109,0.4534,8
39,0.1305,0.4176,0.4519,8
40,0.1236,0.4183,0.4581,8
41,0.1296,0.4065,0.4639,8
42,0.1308,0.4036,0.4656,8
43,0.1306,0.4049,0.4645,8
44,0.1338,0.399,0.4672,8
45,0.1337,0.3971,0.4692,8
46,0.1389,0.3943,0.4668,8
47,0.144,0.3964,0.4596,8
48,0.1505,0.397,0.4525,8
49,0.1464,0.4066,0.447,8
50,0.141,0.4136,0.4454,8
51,0.1412,0.4107,0.4481,8
52,0.1471,0.4027,0.4502,8
53,0.1471,0.4025,0.4504,8
54,0.1513,0.3946,0.4541,8
55,0.1574,0.3983,0.4443,8
56,0.1536,0.4165,0.4299,8
57,0.1603,0.4182,0.4215,8
58,0.1579,0.4385,0.4036,8
59,0.1532,0.4509,0.3959,8
60,0.1501,0.4532,0.3967,8
61,0.1466,0.4521,0.4013,8
62,0.1372,0.4539,0.4089,8
63,0.1326,0.4452,0.4222,8
64,0.1378,0.4302,0.432,8
65,0.1377,0.4246,0.4377,8
66,0.1371,0.423,0.4399,8
67,0.1412,0.4138,0.445,8
68,0.1394,0.4136,0.447,8
69,0.1375,0.4108,0.4517,8
70,0.1374,0.4042,0.4584,8
71,0.1435,0.392,0.4645,8
72,0.1448,0.3854,0.4698,8
73,0.1456,0.3788,0.4756,8
74,0.1466,0.3767,0.4767,8
75,0.144,0.3805,0.4755,8
76,0.1472,0.3751,0.4777,8
77,0.1481,0.3707,0.4812,8
78,0.1528,0.367,0.4802,8
79,0.1549,0.3656,0.4795,8
80,0.1528,0.3716,0.4756,8
81,0.1438,0.3772,0.479,8
82,0.1424,0.3732,0.4844,8
83,0.1434,0.3706,0.486,8
84,0.1531,0.3648,0.4821,8
85,0.1553,0.3714,0.4733,8
86,0.1548,0.3806,0.4646,8
87,0.157,0.3832,0.4598,8
88,0.1516,0.3959,0.4525,8
89,0.1534,0.3958,0.4508,8
90,0.1561,0.3973,0.4466,8
91,0.1504,0.3982,0.4514,8
92,0.1479,0.3984,0.4537,8
93,0.1465,0.3962,0.4573,8
94,0.1506,0.3899,0.4595,8
95,0.1541,0.3892,0.4567,8
96,0.1546,0.3931,0.4523,8
97,0.1562,0.3926,0.4512,8
98,0.1492,0.401,0.4498,8
99,0.1426,0.4053,0.4521,8
100,0.1406,0.4011,0.4583,8
101,0.1456,0.3891,0.4653,8
102,0.1479,0.3838,0.4683,8
103,0.1511,0.3775,0.4714,8
104,0.1482,0.3851,0.4667,8
105,0.1488,0.3816,0.4696,8
106,0.1459,0.3822,0.4719,8
107,0.1499,0.3762,0.4739,8
108,0.1497,0.3777,0.4726,8
109,0.1545,0.3692,0.4763,8
110,0.1539,0.3705,0.4756,8
111,0.1539,0.3706,0.4755,8
112,0.1554,0.3718,0.4728,8
113,0.1566,0.3732,0.4702,8
114,0.1579,0.3688,0.4733,8
115,0.1577,0.3683,0.474,8
116,0.1641,0.362,0.4739,8
117,0.1624,0.3726,0.465,8
118,0.1627,0.3782,0.4591,8
119,0.1661,0.3835,0.4504,8
120,0.1627,0.3914,0.4459,8
121,0.1674,0.3903,0.4423,8
122,0.1697,0.3905,0.4398,8
