Generation,O,Y,B,sim
0,0.3348,0.3358,0.3294,1
1,0.5598,0.3436,0.0966,1
2,0.2432,0.7245,0.0323,1
3,0.0603,0.8894,0.0503,1
4,0.0318,0.8713,0.0969,1
5,0.0421,0.7955,0.1624,1
6,0.0542,0.7072,0.2386,1
7,0.0743,0.6059,0.3198,1
8,0.0967,0.5093,0.394,1
9,0.1149,0.4318,0.4533,1
10,0.137,0.3708,0.4922,1
11,0.1525,0.3383,0.5092,1
12,0.1654,0.3273,0.5073,1
13,0.1744,0.3295,0.4961,1
14,0.183,0.3411,0.4759,1
15,0.1946,0.3576,0.4478,1
16,0.2016,0.3849,0.4135,1
17,0.2006,0.4202,0.3792,1
18,0.2052,0.4499,0.3449,1
19,0.2062,0.4809,0.3129,1
20,0.2021,0.5134,0.2845,1
21,0.1907,0.5458,0.2635,1
22,0.1821,0.5633,0.2546,1
23,0.183,0.5677,0.2493,1
24,0.1773,0.5728,0.2499,1
25,0.172,0.5701,0.2579,1
26,0.1732,0.5599,0.2669,1
27,0.1724,0.5498,0.2778,1
28,0.1718,0.5336,0.2946,1
29,0.1768,0.5064,0.3168,1
30,0.1899,0.4782,0.3319,1
31,0.1957,0.4607,0.3436,1
32,0.2024,0.4432,0.3544,1
33,0.2096,0.4278,0.3626,1
34,0.2154,0.4134,0.3712,1
35,0.2166,0.4116,0.3718,1
36,0.222,0.4079,0.3701,1
37,0.2167,0.4273,0.356,1
38,0.2238,0.4346,0.3416,1
39,0.2224,0.4497,0.3279,1
40,0.2221,0.4593,0.3186,1
41,0.2171,0.4737,0.3092,1
42,0.2122,0.4802,0.3076,1
43,0.2012,0.4857,0.3131,1
44,0.1963,0.4805,0.3232,1
45,0.1928,0.4721,0.3351,1
46,0.1889,0.4572,0.3539,1
47,0.1802,0.4462,0.3736,1
48,0.1876,0.4286,0.3838,1
49,0.1948,0.4183,0.3869,1
50,0.1956,0.4176,0.3868,1
51,0.1993,0.4135,0.3872,1
52,0.2071,0.4084,0.3845,1
53,0.2099,0.4159,0.3742,1
54,0.2137,0.4199,0.3664,1
55,0.2095,0.4305,0.36,1
56,0.2131,0.4342,0.3527,1
57,0.2129,0.4443,0.3428,1
58,0.2136,0.449,0.3374,1
59,0.2155,0.4521,0.3324,1
60,0.225,0.4479,0.3271,1
61,0.2231,0.4557,0.3212,1
62,0.2242,0.4518,0.324,1
63,0.218,0.4476,0.3344,1
64,0.22,0.4401,0.3399,1
65,0.2174,0.4429,0.3397,1
66,0.2249,0.4375,0.3376,1
67,0.2291,0.4416,0.3293,1
68,0.2338,0.4464,0.3198,1
69,0.2332,0.4546,0.3122,1
70,0.2342,0.4548,0.311,1
71,0.2395,0.4538,0.3067,1
72,0.2379,0.4543,0.3078,1
73,0.2272,0.4649,0.3079,1
74,0.2194,0.4685,0.3121,1
75,0.2252,0.4624,0.3124,1
76,0.2335,0.4532,0.3133,1
77,0.235,0.4502,0.3148,1
78,0.2336,0.4552,0.3112,1
79,0.2334,0.4576,0.309,1
80,0.2235,0.4703,0.3062,1
81,0.212,0.4797,0.3083,1
82,0.2038,0.4837,0.3125,1
83,0.2099,0.4738,0.3163,1
84,0.2162,0.4644,0.3194,1
85,0.2273,0.4545,0.3182,1
86,0.2247,0.4619,0.3134,1
87,0.2164,0.4722,0.3114,1
88,0.2155,0.4773,0.3072,1
89,0.2171,0.4819,0.301,1
90,0.2188,0.4803,0.3009,1
91,0.2236,0.4675,0.3089,1
92,0.2329,0.4446,0.3225,1
93,0.2233,0.4482,0.3285,1
94,0.2271,0.4361,0.3368,1
95,0.2375,0.4285,0.334,1
96,0.2422,0.4296,0.3282,1
97,0.2439,0.4334,0.3227,1
98,0.2397,0.4435,0.3168,1
99,0.2328,0.4583,0.3089,1
100,0.2307,0.4671,0.3022,1
101,0.2264,0.4725,0.3011,1
102,0.2263,0.475,0.2987,1
103,0.2274,0.4753,0.2973,1
104,0.2165,0.484,0.2995,1
105,0.2204,0.4707,0.3089,1
106,0.23,0.4534,0.3166,1
107,0.2336,0.4471,0.3193,1
108,0.2374,0.4424,0.3202,1
109,0.2418,0.4369,0.3213,1
110,0.2321,0.4409,0.327,1
111,0.2183,0.4517,0.33,1
112,0.2223,0.4394,0.3383,1
113,0.2283,0.433,0.3387,1
114,0.2305,0.4291,0.3404,1
115,0.231,0.4285,0.3405,1
116,0.2368,0.4253,0.3379,1
117,0.2492,0.423,0.3278,1
118,0.2624,0.4196,0.318,1
119,0.2664,0.4278,0.3058,1
120,0.2546,0.451,0.2944,1
121,0.2377,0.479,0.2833,1
122,0.2268,0.4864,0.2868,1
123,0.2254,0.4817,0.2929,1
124,0.2247,0.4691,0.3062,1
125,0.2308,0.4518,0.3174,1
126,0.24,0.4371,0.3229,1
127,0.2451,0.4335,0.3214,1
128,0.2519,0.4326,0.3155,1
129,0.2611,0.435,0.3039,1
130,0.2592,0.4526,0.2882,1
131,0.2504,0.4721,0.2775,1
132,0.2455,0.4842,0.2703,1
133,0.2391,0.485,0.2759,1
134,0.2288,0.4857,0.2855,1
135,0.2326,0.4672,0.3002,1
136,0.2362,0.457,0.3068,1
137,0.2403,0.4473,0.3124,1
138,0.2529,0.4329,0.3142,1
139,0.2605,0.4302,0.3093,1
140,0.2597,0.4381,0.3022,1
141,0.2527,0.4483,0.299,1
142,0.2535,0.4435,0.303,1
143,0.2533,0.4362,0.3105,1
144,0.2544,0.4321,0.3135,1
145,0.2539,0.4339,0.3122,1
146,0.2553,0.4352,0.3095,1
147,0.2545,0.4325,0.313,1
148,0.2502,0.4378,0.312,1
149,0.2497,0.4411,0.3092,1
150,0.2538,0.4366,0.3096,1
151,0.2599,0.4256,0.3145,1
152,0.2624,0.4205,0.3171,1
153,0.2604,0.4203,0.3193,1
154,0.2542,0.4258,0.32,1
155,0.2473,0.4317,0.321,1
156,0.2499,0.4289,0.3212,1
157,0.2527,0.4308,0.3165,1
158,0.2549,0.4341,0.311,1
159,0.2494,0.4379,0.3127,1
160,0.2376,0.4491,0.3133,1
161,0.2341,0.4444,0.3215,1
162,0.2357,0.4361,0.3282,1
163,0.2294,0.4375,0.3331,1
164,0.2331,0.4315,0.3354,1
165,0.2373,0.4253,0.3374,1
166,0.2443,0.4219,0.3338,1
167,0.2475,0.425,0.3275,1
168,0.255,0.4282,0.3168,1
169,0.248,0.4444,0.3076,1
170,0.241,0.4523,0.3067,1
171,0.2408,0.4522,0.307,1
172,0.2459,0.4446,0.3095,1
173,0.2419,0.4451,0.313,1
174,0.2321,0.4451,0.3228,1
175,0.2232,0.4377,0.3391,1
176,0.2306,0.4243,0.3451,1
177,0.2323,0.42,0.3477,1
178,0.2354,0.4148,0.3498,1
179,0.2338,0.4169,0.3493,1
180,0.2268,0.4218,0.3514,1
181,0.2208,0.4284,0.3508,1
182,0.2216,0.4299,0.3485,1
183,0.2239,0.4295,0.3466,1
184,0.2316,0.4332,0.3352,1
185,0.2306,0.4445,0.3249,1
186,0.2277,0.4555,0.3168,1
187,0.2171,0.4684,0.3145,1
188,0.2135,0.4745,0.312,1
189,0.2136,0.4717,0.3147,1
190,0.2239,0.4707,0.3054,1
191,0.2293,0.4715,0.2992,1
192,0.226,0.4834,0.2906,1
193,0.2125,0.4864,0.3011,1
194,0.2011,0.4832,0.3157,1
195,0.2051,0.4589,0.336,1
196,0.2135,0.4332,0.3533,1
197,0.2214,0.4134,0.3652,1
198,0.2248,0.4078,0.3674,1
199,0.2247,0.41,0.3653,1
200,0.2238,0.4153,0.3609,1
0,0.3368,0.3332,0.33,2
1,0.5867,0.3309,0.0824,2
2,0.2296,0.7494,0.021,2
3,0.0469,0.9169,0.0362,2
4,0.0173,0.911,0.0717,2
5,0.0201,0.863,0.1169,2
6,0.0273,0.8026,0.1701,2
7,0.0355,0.7353,0.2292,2
8,0.044,0.6618,0.2942,2
9,0.0543,0.5828,0.3629,2
10,0.0648,0.5039,0.4313,2
11,0.079,0.4264,0.4946,2
12,0.0935,0.3583,0.5482,2
13,0.1094,0.2995,0.5911,2
14,0.1218,0.2565,0.6217,2
15,0.1383,0.2326,0.6291,2
16,0.1523,0.2294,0.6183,2
17,0.1633,0.2396,0.5971,2
18,0.1745,0.2641,0.5614,2
19,0.192,0.2925,0.5155,2
20,0.2017,0.334,0.4643,2
21,0.2045,0.3749,0.4206,2
22,0.1971,0.4189,0.384,2
23,0.1957,0.4544,0.3499,2
24,0.1913,0.4869,0.3218,2
25,0.1933,0.5043,0.3024,2
26,0.1981,0.5172,0.2847,2
27,0.2015,0.5275,0.271,2
28,0.1968,0.5448,0.2584,2
29,0.1927,0.5526,0.2547,2
30,0.1879,0.5565,0.2556,2
31,0.1859,0.551,0.2631,2
32,0.1732,0.562,0.2648,2
33,0.1711,0.5558,0.2731,2
34,0.1764,0.539,0.2846,2
35,0.1719,0.5321,0.296,2
36,0.1706,0.5238,0.3056,2
37,0.174,0.518,0.308,2
38,0.1746,0.5142,0.3112,2
39,0.1794,0.5027,0.3179,2
40,0.1791,0.497,0.3239,2
41,0.1762,0.4985,0.3253,2
42,0.1766,0.4959,0.3275,2
43,0.1843,0.4827,0.333,2
44,0.1871,0.4711,0.3418,2
45,0.1887,0.4589,0.3524,2
46,0.1867,0.4544,0.3589,2
47,0.1946,0.4408,0.3646,2
48,0.1974,0.4364,0.3662,2
49,0.2048,0.4304,0.3648,2
50,0.207,0.434,0.359,2
51,0.2099,0.4343,0.3558,2
52,0.2104,0.439,0.3506,2
53,0.2054,0.4465,0.3481,2
54,0.2063,0.4457,0.348,2
55,0.2084,0.4494,0.3422,2
56,0.2104,0.4547,0.3349,2
57,0.2117,0.4588,0.3295,2
58,0.2055,0.4651,0.3294,2
59,0.203,0.4682,0.3288,2
60,0.2009,0.4712,0.3279,2
61,0.2062,0.4679,0.3259,2
62,0.2118,0.465,0.3232,2
63,0.2212,0.4621,0.3167,2
64,0.2126,0.4759,0.3115,2
65,0.21,0.4813,0.3087,2
66,0.2109,0.4821,0.307,2
67,0.2117,0.4863,0.302,2
68,0.2101,0.4856,0.3043,2
69,0.2114,0.4843,0.3043,2
70,0.2024,0.4915,0.3061,2
71,0.1972,0.4877,0.3151,2
72,0.2002,0.4753,0.3245,2
73,0.2053,0.4601,0.3346,2
74,0.21,0.4443,0.3457,2
75,0.2195,0.4312,0.3493,2
76,0.2208,0.4319,0.3473,2
77,0.2182,0.4375,0.3443,2
78,0.218,0.441,0.341,2
79,0.2225,0.4402,0.3373,2
80,0.2147,0.4517,0.3336,2
81,0.2135,0.4481,0.3384,2
82,0.2134,0.4423,0.3443,2
83,0.2193,0.428,0.3527,2
84,0.2176,0.4238,0.3586,2
85,0.2152,0.4201,0.3647,2
86,0.211,0.4171,0.3719,2
87,0.2164,0.4106,0.373,2
88,0.2245,0.4076,0.3679,2
89,0.2264,0.4098,0.3638,2
90,0.2285,0.4124,0.3591,2
91,0.2376,0.4063,0.3561,2
92,0.2444,0.4091,0.3465,2
93,0.2421,0.4258,0.3321,2
94,0.2448,0.436,0.3192,2
95,0.2318,0.458,0.3102,2
96,0.2292,0.4631,0.3077,2
97,0.2213,0.4685,0.3102,2
98,0.2096,0.476,0.3144,2
99,0.2082,0.4735,0.3183,2
100,0.2056,0.4702,0.3242,2
101,0.2169,0.4619,0.3212,2
102,0.2161,0.4616,0.3223,2
103,0.2166,0.4558,0.3276,2
104,0.2147,0.4548,0.3305,2
105,0.2125,0.4527,0.3348,2
106,0.211,0.4465,0.3425,2
107,0.2116,0.4366,0.3518,2
108,0.2096,0.4248,0.3656,2
109,0.2135,0.4101,0.3764,2
110,0.2243,0.4033,0.3724,2
111,0.228,0.4131,0.3589,2
112,0.2285,0.4308,0.3407,2
113,0.2357,0.435,0.3293,2
114,0.2357,0.4509,0.3134,2
115,0.2324,0.4638,0.3038,2
116,0.2241,0.4757,0.3002,2
117,0.2213,0.478,0.3007,2
118,0.213,0.4811,0.3059,2
119,0.2174,0.4674,0.3152,2
120,0.221,0.4585,0.3205,2
121,0.2253,0.4515,0.3232,2
122,0.2237,0.4531,0.3232,2
123,0.2259,0.4458,0.3283,2
124,0.2337,0.4429,0.3234,2
125,0.2363,0.4424,0.3213,2
126,0.2323,0.4508,0.3169,2
127,0.2355,0.4488,0.3157,2
128,0.2323,0.4527,0.315,2
129,0.2288,0.4554,0.3158,2
130,0.2313,0.4518,0.3169,2
131,0.2296,0.4464,0.324,2
132,0.2317,0.4423,0.326,2
133,0.2282,0.4392,0.3326,2
134,0.2295,0.4337,0.3368,2
135,0.2245,0.4268,0.3487,2
136,0.2255,0.4202,0.3543,2
137,0.2284,0.4127,0.3589,2
138,0.2268,0.4214,0.3518,2
139,0.2272,0.4303,0.3425,2
140,0.2255,0.4428,0.3317,2
141,0.2208,0.4579,0.3213,2
142,0.2173,0.4712,0.3115,2
143,0.2197,0.4689,0.3114,2
144,0.2188,0.4689,0.3123,2
145,0.2234,0.4666,0.31,2
146,0.2274,0.4655,0.3071,2
147,0.2239,0.4677,0.3084,2
148,0.2204,0.4704,0.3092,2
149,0.2153,0.4707,0.314,2
150,0.219,0.4604,0.3206,2
151,0.222,0.4517,0.3263,2
152,0.2162,0.4601,0.3237,2
153,0.2094,0.4744,0.3162,2
154,0.215,0.4722,0.3128,2
155,0.2173,0.4719,0.3108,2
156,0.2174,0.4723,0.3103,2
157,0.2195,0.4726,0.3079,2
158,0.2228,0.4731,0.3041,2
159,0.2172,0.4797,0.3031,2
160,0.227,0.4748,0.2982,2
161,0.2311,0.4792,0.2897,2
162,0.2296,0.4911,0.2793,2
163,0.2265,0.4983,0.2752,2
164,0.2208,0.5035,0.2757,2
165,0.2233,0.4945,0.2822,2
166,0.2277,0.4858,0.2865,2
167,0.2342,0.4798,0.286,2
168,0.2371,0.4782,0.2847,2
169,0.233,0.4732,0.2938,2
170,0.2219,0.4711,0.307,2
171,0.2237,0.458,0.3183,2
172,0.2322,0.439,0.3288,2
173,0.2384,0.43,0.3316,2
174,0.2385,0.4304,0.3311,2
175,0.2437,0.4326,0.3237,2
176,0.2482,0.4374,0.3144,2
177,0.2497,0.445,0.3053,2
178,0.2477,0.4484,0.3039,2
179,0.2423,0.4516,0.3061,2
180,0.2415,0.4472,0.3113,2
181,0.2359,0.4488,0.3153,2
182,0.2348,0.4442,0.321,2
183,0.2435,0.4277,0.3288,2
184,0.2494,0.4281,0.3225,2
185,0.2513,0.4327,0.316,2
186,0.2393,0.4471,0.3136,2
187,0.2302,0.4554,0.3144,2
188,0.2277,0.4576,0.3147,2
189,0.2207,0.4584,0.3209,2
190,0.2163,0.4512,0.3325,2
191,0.2149,0.4355,0.3496,2
192,0.2186,0.4212,0.3602,2
193,0.229,0.4016,0.3694,2
194,0.2343,0.3926,0.3731,2
195,0.2384,0.389,0.3726,2
196,0.2491,0.3832,0.3677,2
197,0.2524,0.384,0.3636,2
198,0.2517,0.3934,0.3549,2
199,0.2529,0.4083,0.3388,2
200,0.2391,0.4282,0.3327,2
0,0.3402,0.3357,0.3241,3
1,0.5511,0.362,0.0869,3
2,0.2219,0.7498,0.0283,3
3,0.0485,0.9001,0.0514,3
4,0.0322,0.8671,0.1007,3
5,0.0425,0.7935,0.164,3
6,0.0547,0.7094,0.2359,3
7,0.0674,0.6241,0.3085,3
8,0.0796,0.5429,0.3775,3
9,0.0977,0.4663,0.436,3
10,0.1179,0.3965,0.4856,3
11,0.138,0.3446,0.5174,3
12,0.1545,0.3188,0.5267,3
13,0.173,0.3023,0.5247,3
14,0.1746,0.313,0.5124,3
15,0.1749,0.333,0.4921,3
16,0.1795,0.3543,0.4662,3
17,0.1885,0.3764,0.4351,3
18,0.1879,0.4079,0.4042,3
19,0.198,0.424,0.378,3
20,0.1979,0.4478,0.3543,3
21,0.1943,0.4659,0.3398,3
22,0.1905,0.4808,0.3287,3
23,0.1852,0.488,0.3268,3
24,0.184,0.4861,0.3299,3
25,0.1813,0.4857,0.333,3
26,0.1879,0.4732,0.3389,3
27,0.196,0.4598,0.3442,3
28,0.2031,0.4576,0.3393,3
29,0.201,0.4665,0.3325,3
30,0.2002,0.4736,0.3262,3
31,0.2079,0.4663,0.3258,3
32,0.2062,0.4668,0.327,3
33,0.1987,0.4723,0.329,3
34,0.2002,0.467,0.3328,3
35,0.2083,0.4572,0.3345,3
36,0.2083,0.4544,0.3373,3
37,0.2157,0.4509,0.3334,3
38,0.209,0.4665,0.3245,3
39,0.2102,0.4717,0.3181,3
40,0.2084,0.4724,0.3192,3
41,0.2052,0.4721,0.3227,3
42,0.2193,0.4523,0.3284,3
43,0.2309,0.4359,0.3332,3
44,0.2462,0.4258,0.328,3
45,0.2538,0.4238,0.3224,3
46,0.2556,0.4274,0.317,3
47,0.2585,0.4374,0.3041,3
48,0.255,0.4606,0.2844,3
49,0.2393,0.4867,0.274,3
50,0.2277,0.4982,0.2741,3
51,0.2065,0.5094,0.2841,3
52,0.1978,0.5022,0.3,3
53,0.1975,0.4811,0.3214,3
54,0.2063,0.4543,0.3394,3
55,0.2089,0.4354,0.3557,3
56,0.2218,0.4201,0.3581,3
57,0.2345,0.4109,0.3546,3
58,0.2364,0.426,0.3376,3
59,0.2451,0.4364,0.3185,3
60,0.2362,0.4654,0.2984,3
61,0.2261,0.4882,0.2857,3
62,0.2068,0.5066,0.2866,3
63,0.1996,0.5116,0.2888,3
64,0.1961,0.5154,0.2885,3
65,0.196,0.5123,0.2917,3
66,0.1926,0.5063,0.3011,3
67,0.1868,0.4984,0.3148,3
68,0.1915,0.4823,0.3262,3
69,0.1955,0.4676,0.3369,3
70,0.2073,0.4413,0.3514,3
71,0.2193,0.4198,0.3609,3
72,0.2179,0.4216,0.3605,3
73,0.2194,0.4229,0.3577,3
74,0.21,0.4333,0.3567,3
75,0.2135,0.4326,0.3539,3
76,0.2228,0.4274,0.3498,3
77,0.2229,0.4266,0.3505,3
78,0.2134,0.4312,0.3554,3
79,0.2139,0.4277,0.3584,3
80,0.2183,0.421,0.3607,3
81,0.2228,0.4196,0.3576,3
82,0.2229,0.4242,0.3529,3
83,0.2271,0.4281,0.3448,3
84,0.2222,0.44,0.3378,3
85,0.2205,0.4483,0.3312,3
86,0.2174,0.455,0.3276,3
87,0.2164,0.4494,0.3342,3
88,0.2285,0.435,0.3365,3
89,0.2338,0.4321,0.3341,3
90,0.2348,0.4398,0.3254,3
91,0.2336,0.452,0.3144,3
92,0.2386,0.4604,0.301,3
93,0.2207,0.4857,0.2936,3
94,0.2163,0.492,0.2917,3
95,0.2175,0.4906,0.2919,3
96,0.2128,0.4866,0.3006,3
97,0.2066,0.4841,0.3093,3
98,0.2038,0.4759,0.3203,3
99,0.2108,0.4587,0.3305,3
100,0.2174,0.4542,0.3284,3
101,0.2133,0.4581,0.3286,3
102,0.2118,0.4562,0.332,3
103,0.2157,0.4469,0.3374,3
104,0.221,0.4395,0.3395,3
105,0.2236,0.445,0.3314,3
106,0.2258,0.4533,0.3209,3
107,0.2284,0.4593,0.3123,3
108,0.2225,0.4679,0.3096,3
109,0.2077,0.4821,0.3102,3
110,0.2051,0.4786,0.3163,3
111,0.2093,0.4701,0.3206,3
112,0.2162,0.4596,0.3242,3
113,0.2136,0.4647,0.3217,3
114,0.2077,0.4628,0.3295,3
115,0.2125,0.4573,0.3302,3
116,0.2183,0.4457,0.336,3
117,0.2184,0.4445,0.3371,3
118,0.2216,0.4418,0.3366,3
119,0.2157,0.4564,0.3279,3
120,0.2181,0.4551,0.3268,3
121,0.2171,0.4581,0.3248,3
122,0.2206,0.4576,0.3218,3
123,0.2276,0.4601,0.3123,3
124,0.235,0.465,0.3,3
125,0.2347,0.4756,0.2897,3
126,0.2147,0.4952,0.2901,3
127,0.2076,0.4912,0.3012,3
128,0.2111,0.4753,0.3136,3
129,0.2113,0.4599,0.3288,3
130,0.2229,0.4397,0.3374,3
131,0.2329,0.4315,0.3356,3
132,0.2293,0.436,0.3347,3
133,0.2278,0.4411,0.3311,3
134,0.2386,0.4378,0.3236,3
135,0.2358,0.442,0.3222,3
136,0.2305,0.4434,0.3261,3
137,0.2291,0.4392,0.3317,3
138,0.2247,0.4372,0.3381,3
139,0.2193,0.4362,0.3445,3
140,0.2243,0.4302,0.3455,3
141,0.2342,0.4174,0.3484,3
142,0.2408,0.4186,0.3406,3
143,0.2401,0.4256,0.3343,3
144,0.2414,0.4361,0.3225,3
145,0.2384,0.4431,0.3185,3
146,0.2295,0.4625,0.308,3
147,0.2279,0.4684,0.3037,3
148,0.2368,0.4679,0.2953,3
149,0.2457,0.4659,0.2884,3
150,0.2418,0.4735,0.2847,3
151,0.2324,0.4849,0.2827,3
152,0.2257,0.4825,0.2918,3
153,0.2173,0.478,0.3047,3
154,0.2188,0.4567,0.3245,3
155,0.2205,0.4438,0.3357,3
156,0.2336,0.4261,0.3403,3
157,0.24,0.4248,0.3352,3
158,0.2348,0.4294,0.3358,3
159,0.2335,0.4288,0.3377,3
160,0.2417,0.4201,0.3382,3
161,0.2437,0.4252,0.3311,3
162,0.2533,0.4224,0.3243,3
163,0.2501,0.4324,0.3175,3
164,0.2505,0.4414,0.3081,3
165,0.2508,0.4505,0.2987,3
166,0.2448,0.4577,0.2975,3
167,0.2385,0.4616,0.2999,3
168,0.2376,0.455,0.3074,3
169,0.2252,0.4593,0.3155,3
170,0.2252,0.4448,0.33,3
171,0.23,0.4283,0.3417,3
172,0.2414,0.4095,0.3491,3
173,0.2497,0.4077,0.3426,3
174,0.2524,0.4129,0.3347,3
175,0.2495,0.4304,0.3201,3
176,0.2397,0.4535,0.3068,3
177,0.2315,0.4707,0.2978,3
178,0.2246,0.4802,0.2952,3
179,0.2199,0.478,0.3021,3
180,0.2211,0.4689,0.31,3
181,0.2113,0.4648,0.3239,3
182,0.2091,0.4477,0.3432,3
183,0.2188,0.4198,0.3614,3
184,0.2339,0.3982,0.3679,3
185,0.2438,0.3925,0.3637,3
186,0.2554,0.3907,0.3539,3
187,0.2543,0.4102,0.3355,3
188,0.241,0.4379,0.3211,3
189,0.2384,0.4543,0.3073,3
190,0.2354,0.4576,0.307,3
191,0.2362,0.4537,0.3101,3
192,0.2478,0.4451,0.3071,3
193,0.25,0.4421,0.3079,3
194,0.2403,0.4418,0.3179,3
195,0.2463,0.4273,0.3264,3
196,0.2539,0.4183,0.3278,3
197,0.2643,0.422,0.3137,3
198,0.2664,0.4368,0.2968,3
199,0.2653,0.4523,0.2824,3
200,0.2565,0.4668,0.2767,3
0,0.3358,0.3338,0.3304,4
1,0.5727,0.3404,0.0869,4
2,0.2362,0.7363,0.0275,4
3,0.0629,0.8915,0.0456,4
4,0.0282,0.8838,0.088,4
5,0.0354,0.8205,0.1441,4
6,0.0478,0.7445,0.2077,4
7,0.0612,0.6653,0.2735,4
8,0.0754,0.5879,0.3367,4
9,0.0911,0.5205,0.3884,4
10,0.1019,0.461,0.4371,4
11,0.1142,0.4074,0.4784,4
12,0.1304,0.3616,0.508,4
13,0.1429,0.3283,0.5288,4
14,0.1598,0.3006,0.5396,4
15,0.1688,0.2956,0.5356,4
16,0.1864,0.2918,0.5218,4
17,0.1883,0.3125,0.4992,4
18,0.1922,0.3346,0.4732,4
19,0.1898,0.3623,0.4479,4
20,0.1806,0.3916,0.4278,4
21,0.1817,0.4026,0.4157,4
22,0.1844,0.408,0.4076,4
23,0.1929,0.4055,0.4016,4
24,0.1937,0.4093,0.397,4
25,0.1992,0.4103,0.3905,4
26,0.202,0.4169,0.3811,4
27,0.2079,0.4234,0.3687,4
28,0.2079,0.433,0.3591,4
29,0.213,0.4393,0.3477,4
30,0.2141,0.4498,0.3361,4
31,0.2139,0.4554,0.3307,4
32,0.2086,0.4602,0.3312,4
33,0.2118,0.4609,0.3273,4
34,0.22,0.4605,0.3195,4
35,0.2152,0.4731,0.3117,4
36,0.2127,0.4779,0.3094,4
37,0.2164,0.4763,0.3073,4
38,0.2196,0.4763,0.3041,4
39,0.2152,0.477,0.3078,4
40,0.2117,0.4721,0.3162,4
41,0.205,0.4712,0.3238,4
42,0.1994,0.467,0.3336,4
43,0.2113,0.453,0.3357,4
44,0.2141,0.4464,0.3395,4
45,0.2162,0.4394,0.3444,4
46,0.2172,0.4354,0.3474,4
47,0.2227,0.4261,0.3512,4
48,0.2182,0.4299,0.3519,4
49,0.2257,0.427,0.3473,4
50,0.2413,0.4159,0.3428,4
51,0.2446,0.4218,0.3336,4
52,0.2445,0.4275,0.328,4
53,0.2454,0.437,0.3176,4
54,0.2355,0.451,0.3135,4
55,0.2216,0.4694,0.309,4
56,0.2197,0.4679,0.3124,4
57,0.2222,0.4586,0.3192,4
58,0.2231,0.4494,0.3275,4
59,0.2237,0.4426,0.3337,4
60,0.2275,0.4433,0.3292,4
61,0.2389,0.4426,0.3185,4
62,0.2481,0.4467,0.3052,4
63,0.2474,0.4565,0.2961,4
64,0.2414,0.4644,0.2942,4
65,0.2328,0.4708,0.2964,4
66,0.2297,0.474,0.2963,4
67,0.2246,0.4773,0.2981,4
68,0.2229,0.4769,0.3002,4
69,0.2125,0.4733,0.3142,4
70,0.2112,0.4645,0.3243,4
71,0.2207,0.4498,0.3295,4
72,0.226,0.4442,0.3298,4
73,0.2318,0.45,0.3182,4
74,0.2343,0.4619,0.3038,4
75,0.2307,0.4773,0.292,4
76,0.2261,0.4899,0.284,4
77,0.2173,0.4996,0.2831,4
78,0.2074,0.5044,0.2882,4
79,0.1951,0.5041,0.3008,4
80,0.1976,0.4834,0.319,4
81,0.1937,0.4697,0.3366,4
82,0.1991,0.4502,0.3507,4
83,0.2095,0.4303,0.3602,4
84,0.2191,0.4134,0.3675,4
85,0.2245,0.4084,0.3671,4
86,0.2358,0.403,0.3612,4
87,0.2409,0.4077,0.3514,4
88,0.2529,0.4091,0.338,4
89,0.25,0.4248,0.3252,4
90,0.2451,0.4366,0.3183,4
91,0.2437,0.4434,0.3129,4
92,0.2485,0.4365,0.315,4
93,0.2535,0.4378,0.3087,4
94,0.2585,0.4384,0.3031,4
95,0.2514,0.4474,0.3012,4
96,0.2536,0.4468,0.2996,4
97,0.2543,0.4505,0.2952,4
98,0.253,0.4541,0.2929,4
99,0.2438,0.4655,0.2907,4
100,0.23,0.4725,0.2975,4
101,0.2325,0.4606,0.3069,4
102,0.2313,0.4523,0.3164,4
103,0.2307,0.4408,0.3285,4
104,0.2344,0.4266,0.339,4
105,0.2463,0.4121,0.3416,4
106,0.2471,0.4151,0.3378,4
107,0.246,0.4179,0.3361,4
108,0.2456,0.4255,0.3289,4
109,0.2386,0.4401,0.3213,4
110,0.2364,0.4495,0.3141,4
111,0.2439,0.4486,0.3075,4
112,0.248,0.4491,0.3029,4
113,0.2432,0.4561,0.3007,4
114,0.2296,0.4532,0.3172,4
115,0.2203,0.4461,0.3336,4
116,0.2278,0.427,0.3452,4
117,0.2379,0.4094,0.3527,4
118,0.2431,0.4073,0.3496,4
119,0.2378,0.4161,0.3461,4
120,0.2395,0.422,0.3385,4
121,0.2316,0.4327,0.3357,4
122,0.2181,0.446,0.3359,4
123,0.2083,0.4497,0.342,4
124,0.1964,0.4611,0.3425,4
125,0.1988,0.4531,0.3481,4
126,0.1978,0.4473,0.3549,4
127,0.2089,0.431,0.3601,4
128,0.2202,0.4188,0.361,4
129,0.2281,0.4216,0.3503,4
130,0.2263,0.4374,0.3363,4
131,0.221,0.4552,0.3238,4
132,0.2149,0.4686,0.3165,4
133,0.1977,0.4792,0.3231,4
134,0.1991,0.4679,0.333,4
135,0.1991,0.4581,0.3428,4
136,0.2062,0.439,0.3548,4
137,0.2106,0.4232,0.3662,4
138,0.2159,0.4033,0.3808,4
139,0.2132,0.3994,0.3874,4
140,0.2119,0.4046,0.3835,4
141,0.2195,0.4108,0.3697,4
142,0.2191,0.4254,0.3555,4
143,0.2181,0.4351,0.3468,4
144,0.221,0.4426,0.3364,4
145,0.2231,0.4413,0.3356,4
146,0.2257,0.4343,0.34,4
147,0.2242,0.4333,0.3425,4
148,0.2259,0.4329,0.3412,4
149,0.2285,0.428,0.3435,4
150,0.2241,0.43,0.3459,4
151,0.2257,0.4252,0.3491,4
152,0.2275,0.428,0.3445,4
153,0.2227,0.4378,0.3395,4
154,0.2208,0.4446,0.3346,4
155,0.2294,0.4398,0.3308,4
156,0.2327,0.4414,0.3259,4
157,0.2333,0.4449,0.3218,4
158,0.2297,0.4488,0.3215,4
159,0.2339,0.4456,0.3205,4
160,0.2348,0.4438,0.3214,4
161,0.2378,0.4404,0.3218,4
162,0.236,0.4396,0.3244,4
163,0.2246,0.4452,0.3302,4
164,0.2149,0.4467,0.3384,4
165,0.2204,0.4287,0.3509,4
166,0.231,0.4141,0.3549,4
167,0.2388,0.4078,0.3534,4
168,0.2443,0.4081,0.3476,4
169,0.2475,0.4174,0.3351,4
170,0.244,0.4287,0.3273,4
171,0.237,0.4374,0.3256,4
172,0.2313,0.4339,0.3348,4
173,0.2243,0.4336,0.3421,4
174,0.2301,0.4159,0.354,4
175,0.2399,0.4002,0.3599,4
176,0.2393,0.3969,0.3638,4
177,0.2383,0.399,0.3627,4
178,0.2359,0.4004,0.3637,4
179,0.2304,0.4064,0.3632,4
180,0.2298,0.4123,0.3579,4
181,0.2356,0.4081,0.3563,4
182,0.239,0.412,0.349,4
183,0.2424,0.4158,0.3418,4
184,0.238,0.4285,0.3335,4
185,0.2302,0.4444,0.3254,4
186,0.234,0.4458,0.3202,4
187,0.2324,0.4477,0.3199,4
188,0.2309,0.4467,0.3224,4
189,0.233,0.4388,0.3282,4
190,0.2407,0.4287,0.3306,4
191,0.2423,0.4295,0.3282,4
192,0.2427,0.4268,0.3305,4
193,0.2373,0.4315,0.3312,4
194,0.2389,0.4306,0.3305,4
195,0.2359,0.437,0.3271,4
196,0.2399,0.4347,0.3254,4
197,0.2329,0.4384,0.3287,4
198,0.2283,0.4401,0.3316,4
199,0.2297,0.4335,0.3368,4
200,0.2321,0.4301,0.3378,4
0,0.3351,0.3317,0.3332,5
1,0.5644,0.3536,0.082,5
2,0.2076,0.7695,0.0229,5
3,0.0332,0.9253,0.0415,5
4,0.0137,0.8952,0.0911,5
5,0.0245,0.8205,0.155,5
6,0.0345,0.7414,0.2241,5
7,0.0432,0.6615,0.2953,5
8,0.0517,0.5852,0.3631,5
9,0.0594,0.5175,0.4231,5
10,0.069,0.4578,0.4732,5
11,0.0821,0.4044,0.5135,5
12,0.091,0.3624,0.5466,5
13,0.1013,0.3268,0.5719,5
14,0.1052,0.3029,0.5919,5
15,0.1104,0.2802,0.6094,5
16,0.1234,0.2559,0.6207,5
17,0.1388,0.2409,0.6203,5
18,0.1433,0.2458,0.6109,5
19,0.1509,0.2505,0.5986,5
20,0.1471,0.2723,0.5806,5
21,0.155,0.2874,0.5576,5
22,0.1557,0.3061,0.5382,5
23,0.1654,0.3152,0.5194,5
24,0.1724,0.3219,0.5057,5
25,0.181,0.3324,0.4866,5
26,0.1864,0.3482,0.4654,5
27,0.1914,0.3633,0.4453,5
28,0.1988,0.3792,0.422,5
29,0.2073,0.39,0.4027,5
30,0.2083,0.4033,0.3884,5
31,0.2009,0.4233,0.3758,5
32,0.1907,0.4385,0.3708,5
33,0.1796,0.4488,0.3716,5
34,0.1796,0.44,0.3804,5
35,0.1824,0.4294,0.3882,5
36,0.191,0.4127,0.3963,5
37,0.1995,0.4014,0.3991,5
38,0.2064,0.3983,0.3953,5
39,0.2134,0.4,0.3866,5
40,0.2193,0.4019,0.3788,5
41,0.2221,0.4075,0.3704,5
42,0.2218,0.4105,0.3677,5
43,0.2266,0.4093,0.3641,5
44,0.2295,0.412,0.3585,5
45,0.2301,0.4203,0.3496,5
46,0.2246,0.4318,0.3436,5
47,0.2244,0.4349,0.3407,5
48,0.226,0.4423,0.3317,5
49,0.226,0.4458,0.3282,5
50,0.2313,0.4448,0.3239,5
51,0.2345,0.4449,0.3206,5
52,0.2311,0.4519,0.317,5
53,0.2246,0.4603,0.3151,5
54,0.2211,0.4636,0.3153,5
55,0.2171,0.4619,0.321,5
56,0.2165,0.4615,0.322,5
57,0.2105,0.4626,0.3269,5
58,0.2059,0.456,0.3381,5
59,0.1995,0.4475,0.353,5
60,0.1992,0.4338,0.367,5
61,0.207,0.4141,0.3789,5
62,0.2138,0.4068,0.3794,5
63,0.2229,0.3989,0.3782,5
64,0.2255,0.4071,0.3674,5
65,0.2308,0.4154,0.3538,5
66,0.2298,0.432,0.3382,5
67,0.2256,0.4497,0.3247,5
68,0.2127,0.4697,0.3176,5
69,0.2045,0.4712,0.3243,5
70,0.1929,0.4744,0.3327,5
71,0.1882,0.4576,0.3542,5
72,0.1919,0.4258,0.3823,5
73,0.2051,0.3947,0.4002,5
74,0.2154,0.3791,0.4055,5
75,0.2179,0.3742,0.4079,5
76,0.2203,0.3719,0.4078,5
77,0.2219,0.3805,0.3976,5
78,0.2213,0.3866,0.3921,5
79,0.2132,0.3953,0.3915,5
80,0.205,0.3989,0.3961,5
81,0.2155,0.3911,0.3934,5
82,0.2285,0.3824,0.3891,5
83,0.2343,0.3867,0.379,5
84,0.2331,0.4031,0.3638,5
85,0.2279,0.4309,0.3412,5
86,0.2256,0.4508,0.3236,5
87,0.212,0.4766,0.3114,5
88,0.2044,0.4846,0.311,5
89,0.2094,0.4749,0.3157,5
90,0.2172,0.4638,0.319,5
91,0.2245,0.4576,0.3179,5
92,0.2158,0.4643,0.3199,5
93,0.2234,0.4535,0.3231,5
94,0.2204,0.45,0.3296,5
95,0.2299,0.4413,0.3288,5
96,0.2378,0.4343,0.3279,5
97,0.2391,0.4319,0.329,5
98,0.2351,0.4294,0.3355,5
99,0.2425,0.4137,0.3438,5
100,0.2465,0.4114,0.3421,5
101,0.2448,0.416,0.3392,5
102,0.2461,0.418,0.3359,5
103,0.2461,0.4198,0.3341,5
104,0.2479,0.4259,0.3262,5
105,0.2488,0.4364,0.3148,5
106,0.2504,0.4439,0.3057,5
107,0.2402,0.4579,0.3019,5
108,0.2296,0.4659,0.3045,5
109,0.2291,0.4645,0.3064,5
110,0.2303,0.457,0.3127,5
111,0.231,0.4526,0.3164,5
112,0.2336,0.4437,0.3227,5
113,0.2252,0.448,0.3268,5
114,0.2314,0.4391,0.3295,5
115,0.2253,0.4452,0.3295,5
116,0.2286,0.4436,0.3278,5
117,0.2329,0.4406,0.3265,5
118,0.2421,0.4346,0.3233,5
119,0.244,0.4351,0.3209,5
120,0.2454,0.4356,0.319,5
121,0.2355,0.4477,0.3168,5
122,0.2247,0.4518,0.3235,5
123,0.2203,0.4417,0.338,5
124,0.2161,0.4316,0.3523,5
125,0.22,0.421,0.359,5
126,0.2294,0.4086,0.362,5
127,0.2403,0.4002,0.3595,5
128,0.2422,0.4014,0.3564,5
129,0.248,0.3987,0.3533,5
130,0.245,0.4007,0.3543,5
131,0.2382,0.4031,0.3587,5
132,0.2437,0.401,0.3553,5
133,0.2472,0.4093,0.3435,5
134,0.2396,0.4227,0.3377,5
135,0.2451,0.4251,0.3298,5
136,0.2468,0.4306,0.3226,5
137,0.2504,0.4358,0.3138,5
138,0.2473,0.4454,0.3073,5
139,0.2518,0.4456,0.3026,5
140,0.2472,0.4522,0.3006,5
141,0.2449,0.4544,0.3007,5
142,0.232,0.4592,0.3088,5
143,0.2397,0.4481,0.3122,5
144,0.2452,0.4379,0.3169,5
145,0.2391,0.4431,0.3178,5
146,0.2437,0.4358,0.3205,5
147,0.2464,0.4398,0.3138,5
148,0.2509,0.4393,0.3098,5
149,0.2427,0.4503,0.307,5
150,0.2438,0.4503,0.3059,5
151,0.238,0.4558,0.3062,5
152,0.2326,0.4643,0.3031,5
153,0.225,0.4697,0.3053,5
154,0.2262,0.4638,0.31,5
155,0.2329,0.4521,0.315,5
156,0.2339,0.448,0.3181,5
157,0.2243,0.4508,0.3249,5
158,0.2202,0.4519,0.3279,5
159,0.2185,0.4524,0.3291,5
160,0.2221,0.4502,0.3277,5
161,0.2195,0.4514,0.3291,5
162,0.219,0.4444,0.3366,5
163,0.2275,0.4294,0.3431,5
164,0.2369,0.4208,0.3423,5
165,0.2382,0.429,0.3328,5
166,0.2408,0.4331,0.3261,5
167,0.2434,0.4398,0.3168,5
168,0.2286,0.4529,0.3185,5
169,0.2189,0.4594,0.3217,5
170,0.2131,0.4556,0.3313,5
171,0.2102,0.4487,0.3411,5
172,0.213,0.4286,0.3584,5
173,0.2232,0.4005,0.3763,5
174,0.2284,0.3928,0.3788,5
175,0.2333,0.3882,0.3785,5
176,0.2413,0.3867,0.372,5
177,0.2481,0.3894,0.3625,5
178,0.2503,0.4019,0.3478,5
179,0.2557,0.4062,0.3381,5
180,0.2455,0.4223,0.3322,5
181,0.2221,0.4404,0.3375,5
182,0.2196,0.4373,0.3431,5
183,0.2175,0.4301,0.3524,5
184,0.2316,0.4095,0.3589,5
185,0.2447,0.4007,0.3546,5
186,0.2471,0.4051,0.3478,5
187,0.239,0.4219,0.3391,5
188,0.236,0.4303,0.3337,5
189,0.241,0.4347,0.3243,5
190,0.2438,0.4345,0.3217,5
191,0.2392,0.4373,0.3235,5
192,0.2347,0.4429,0.3224,5
193,0.2415,0.4326,0.3259,5
194,0.2498,0.4266,0.3236,5
195,0.2567,0.4307,0.3126,5
196,0.2512,0.444,0.3048,5
197,0.2478,0.4515,0.3007,5
198,0.2502,0.4537,0.2961,5
199,0.2596,0.4551,0.2853,5
200,0.2535,0.4651,0.2814,5
0,0.3364,0.3342,0.3294,6
1,0.5775,0.3365,0.086,6
2,0.238,0.7371,0.0249,6
3,0.0469,0.913,0.0401,6
4,0.0148,0.9012,0.084,6
5,0.021,0.8346,0.1444,6
6,0.0303,0.7543,0.2154,6
7,0.0375,0.6706,0.2919,6
8,0.0478,0.5846,0.3676,6
9,0.0591,0.5033,0.4376,6
10,0.0706,0.426,0.5034,6
11,0.0817,0.36,0.5583,6
12,0.0928,0.3071,0.6001,6
13,0.1043,0.2716,0.6241,6
14,0.1183,0.2454,0.6363,6
15,0.1259,0.2382,0.6359,6
16,0.1379,0.2364,0.6257,6
17,0.1424,0.2441,0.6135,6
18,0.1482,0.2606,0.5912,6
19,0.1455,0.2861,0.5684,6
20,0.1434,0.3075,0.5491,6
21,0.1513,0.3201,0.5286,6
22,0.1591,0.3332,0.5077,6
23,0.1693,0.3436,0.4871,6
24,0.1725,0.3574,0.4701,6
25,0.1755,0.3612,0.4633,6
26,0.1825,0.3642,0.4533,6
27,0.195,0.3607,0.4443,6
28,0.2001,0.3679,0.432,6
29,0.2046,0.3726,0.4228,6
30,0.2098,0.3772,0.413,6
31,0.2156,0.3777,0.4067,6
32,0.2131,0.3943,0.3926,6
33,0.2133,0.4096,0.3771,6
34,0.2127,0.4207,0.3666,6
35,0.192,0.4406,0.3674,6
36,0.192,0.4393,0.3687,6
37,0.1883,0.4324,0.3793,6
38,0.1888,0.4189,0.3923,6
39,0.1989,0.4026,0.3985,6
40,0.2088,0.3974,0.3938,6
41,0.2153,0.3995,0.3852,6
42,0.2065,0.4106,0.3829,6
43,0.2048,0.4093,0.3859,6
44,0.2014,0.4098,0.3888,6
45,0.2086,0.3987,0.3927,6
46,0.2157,0.3916,0.3927,6
47,0.2198,0.3897,0.3905,6
48,0.2212,0.3919,0.3869,6
49,0.2154,0.3988,0.3858,6
50,0.2179,0.3928,0.3893,6
51,0.2146,0.3976,0.3878,6
52,0.2103,0.3966,0.3931,6
53,0.2117,0.3868,0.4015,6
54,0.216,0.3784,0.4056,6
55,0.2201,0.3772,0.4027,6
56,0.2297,0.3704,0.3999,6
57,0.2309,0.3786,0.3905,6
58,0.2322,0.3808,0.387,6
59,0.2367,0.3848,0.3785,6
60,0.2335,0.3966,0.3699,6
61,0.2391,0.4042,0.3567,6
62,0.2433,0.4081,0.3486,6
63,0.2511,0.4106,0.3383,6
64,0.2495,0.4242,0.3263,6
65,0.2439,0.4359,0.3202,6
66,0.2378,0.4439,0.3183,6
67,0.2401,0.4452,0.3147,6
68,0.2397,0.4518,0.3085,6
69,0.2329,0.4607,0.3064,6
70,0.2234,0.4649,0.3117,6
71,0.2204,0.4644,0.3152,6
72,0.2262,0.453,0.3208,6
73,0.2356,0.4378,0.3266,6
74,0.2431,0.4276,0.3293,6
75,0.2402,0.4321,0.3277,6
76,0.2403,0.4404,0.3193,6
77,0.2462,0.4453,0.3085,6
78,0.2446,0.4552,0.3002,6
79,0.2312,0.4795,0.2893,6
80,0.2226,0.4931,0.2843,6
81,0.2207,0.4982,0.2811,6
82,0.2186,0.4982,0.2832,6
83,0.2181,0.4958,0.2861,6
84,0.2185,0.487,0.2945,6
85,0.2183,0.4748,0.3069,6
86,0.2165,0.4661,0.3174,6
87,0.2202,0.4523,0.3275,6
88,0.2124,0.4517,0.3359,6
89,0.2154,0.4367,0.3479,6
90,0.2147,0.4355,0.3498,6
91,0.2224,0.4304,0.3472,6
92,0.2298,0.4282,0.342,6
93,0.2399,0.4195,0.3406,6
94,0.2462,0.4266,0.3272,6
95,0.2527,0.4326,0.3147,6
96,0.24,0.4558,0.3042,6
97,0.2302,0.4675,0.3023,6
98,0.2084,0.4867,0.3049,6
99,0.2023,0.4818,0.3159,6
100,0.1998,0.4681,0.3321,6
101,0.204,0.4425,0.3535,6
102,0.2117,0.4211,0.3672,6
103,0.2237,0.405,0.3713,6
104,0.2298,0.4036,0.3666,6
105,0.2343,0.4073,0.3584,6
106,0.2282,0.4299,0.3419,6
107,0.2336,0.4365,0.3299,6
108,0.227,0.4506,0.3224,6
109,0.2256,0.4542,0.3202,6
110,0.2169,0.4637,0.3194,6
111,0.2122,0.4644,0.3234,6
112,0.2151,0.4608,0.3241,6
113,0.2237,0.4552,0.3211,6
114,0.2202,0.4583,0.3215,6
115,0.2206,0.4547,0.3247,6
116,0.228,0.4412,0.3308,6
117,0.2238,0.4404,0.3358,6
118,0.223,0.4416,0.3354,6
119,0.2262,0.4413,0.3325,6
120,0.2335,0.4393,0.3272,6
121,0.2452,0.4279,0.3269,6
122,0.2485,0.4251,0.3264,6
123,0.2529,0.4309,0.3162,6
124,0.2541,0.4493,0.2966,6
125,0.2488,0.4711,0.2801,6
126,0.2457,0.4873,0.267,6
127,0.2345,0.5022,0.2633,6
128,0.2223,0.5053,0.2724,6
129,0.2169,0.4933,0.2898,6
130,0.2137,0.4722,0.3141,6
131,0.2188,0.4427,0.3385,6
132,0.2294,0.4172,0.3534,6
133,0.2371,0.4006,0.3623,6
134,0.2414,0.3979,0.3607,6
135,0.2471,0.4054,0.3475,6
136,0.2431,0.4153,0.3416,6
137,0.2346,0.4226,0.3428,6
138,0.2341,0.4202,0.3457,6
139,0.2337,0.4216,0.3447,6
140,0.2327,0.4198,0.3475,6
141,0.2303,0.4162,0.3535,6
142,0.234,0.4066,0.3594,6
143,0.2354,0.4014,0.3632,6
144,0.2471,0.3952,0.3577,6
145,0.2579,0.3949,0.3472,6
146,0.2637,0.3994,0.3369,6
147,0.2662,0.4085,0.3253,6
148,0.2651,0.423,0.3119,6
149,0.2662,0.4323,0.3015,6
150,0.2737,0.4412,0.2851,6
151,0.2647,0.4607,0.2746,6
152,0.247,0.4862,0.2668,6
153,0.2417,0.4886,0.2697,6
154,0.2372,0.4859,0.2769,6
155,0.2442,0.4694,0.2864,6
156,0.2385,0.4647,0.2968,6
157,0.2451,0.4519,0.303,6
158,0.2492,0.4467,0.3041,6
159,0.2438,0.4551,0.3011,6
160,0.2432,0.4597,0.2971,6
161,0.2456,0.4609,0.2935,6
162,0.2388,0.4775,0.2837,6
163,0.2424,0.4761,0.2815,6
164,0.2501,0.4665,0.2834,6
165,0.2457,0.4701,0.2842,6
166,0.2432,0.4672,0.2896,6
167,0.2391,0.4628,0.2981,6
168,0.2405,0.4576,0.3019,6
169,0.2448,0.4453,0.3099,6
170,0.245,0.4437,0.3113,6
171,0.2403,0.4431,0.3166,6
172,0.2332,0.4466,0.3202,6
173,0.2387,0.439,0.3223,6
174,0.2369,0.4326,0.3305,6
175,0.2329,0.4223,0.3448,6
176,0.2373,0.4066,0.3561,6
177,0.2487,0.3906,0.3607,6
178,0.2565,0.386,0.3575,6
179,0.2572,0.3878,0.355,6
180,0.2508,0.4015,0.3477,6
181,0.2459,0.4112,0.3429,6
182,0.2419,0.4203,0.3378,6
183,0.2368,0.4265,0.3367,6
184,0.2306,0.4344,0.335,6
185,0.226,0.4436,0.3304,6
186,0.2255,0.441,0.3335,6
187,0.2247,0.4373,0.338,6
188,0.2292,0.4216,0.3492,6
189,0.2219,0.4192,0.3589,6
190,0.2274,0.4064,0.3662,6
191,0.2311,0.3998,0.3691,6
192,0.2314,0.3975,0.3711,6
193,0.2281,0.3988,0.3731,6
194,0.2391,0.3915,0.3694,6
195,0.2431,0.4007,0.3562,6
196,0.2387,0.4154,0.3459,6
197,0.2337,0.4318,0.3345,6
198,0.2377,0.4342,0.3281,6
199,0.2378,0.4385,0.3237,6
200,0.2334,0.4506,0.316,6
0,0.337,0.3335,0.3295,7
1,0.5646,0.3503,0.0851,7
2,0.2294,0.7417,0.0289,7
3,0.0532,0.8955,0.0513,7
4,0.0274,0.8722,0.1004,7
5,0.0359,0.803,0.1611,7
6,0.0461,0.7228,0.2311,7
7,0.0577,0.6395,0.3028,7
8,0.0723,0.5544,0.3733,7
9,0.0866,0.4718,0.4416,7
10,0.0992,0.3958,0.505,7
11,0.1161,0.3382,0.5457,7
12,0.1299,0.3058,0.5643,7
13,0.1433,0.2916,0.5651,7
14,0.1568,0.2937,0.5495,7
15,0.1693,0.2995,0.5312,7
16,0.1741,0.3204,0.5055,7
17,0.1739,0.3442,0.4819,7
18,0.1766,0.3621,0.4613,7
19,0.1758,0.3817,0.4425,7
20,0.1754,0.4007,0.4239,7
21,0.1721,0.4228,0.4051,7
22,0.1722,0.4419,0.3859,7
23,0.1709,0.4572,0.3719,7
24,0.1707,0.4687,0.3606,7
25,0.1669,0.4792,0.3539,7
26,0.1676,0.4814,0.351,7
27,0.1657,0.4856,0.3487,7
28,0.1563,0.4915,0.3522,7
29,0.1512,0.4903,0.3585,7
30,0.1533,0.4731,0.3736,7
31,0.1527,0.4602,0.3871,7
32,0.1521,0.4423,0.4056,7
33,0.1594,0.4214,0.4192,7
34,0.1675,0.4002,0.4323,7
35,0.1795,0.3902,0.4303,7
36,0.1887,0.3907,0.4206,7
37,0.1929,0.4004,0.4067,7
38,0.1956,0.4096,0.3948,7
39,0.1962,0.4203,0.3835,7
40,0.2008,0.422,0.3772,7
41,0.1966,0.4279,0.3755,7
42,0.203,0.4255,0.3715,7
43,0.209,0.4307,0.3603,7
44,0.2177,0.4371,0.3452,7
45,0.2172,0.4493,0.3335,7
46,0.2113,0.4588,0.3299,7
47,0.1939,0.4755,0.3306,7
48,0.1839,0.471,0.3451,7
49,0.1859,0.4552,0.3589,7
50,0.1891,0.4459,0.365,7
51,0.2016,0.4356,0.3628,7
52,0.2017,0.4469,0.3514,7
53,0.202,0.4609,0.3371,7
54,0.1821,0.4871,0.3308,7
55,0.1787,0.4852,0.3361,7
56,0.1649,0.4856,0.3495,7
57,0.1537,0.4711,0.3752,7
58,0.1604,0.4378,0.4018,7
59,0.1615,0.4103,0.4282,7
60,0.1692,0.3863,0.4445,7
61,0.1811,0.369,0.4499,7
62,0.189,0.3628,0.4482,7
63,0.1934,0.3668,0.4398,7
64,0.1971,0.3766,0.4263,7
65,0.1971,0.3859,0.417,7
66,0.1959,0.3984,0.4057,7
67,0.2003,0.3956,0.4041,7
68,0.199,0.3982,0.4028,7
69,0.2042,0.3883,0.4075,7
70,0.2083,0.3855,0.4062,7
71,0.2121,0.3862,0.4017,7
72,0.2118,0.396,0.3922,7
73,0.211,0.4027,0.3863,7
74,0.2128,0.4142,0.373,7
75,0.2146,0.4193,0.3661,7
76,0.2102,0.4315,0.3583,7
77,0.2055,0.4422,0.3523,7
78,0.2114,0.4452,0.3434,7
79,0.2181,0.4467,0.3352,7
80,0.2188,0.4512,0.33,7
81,0.2281,0.448,0.3239,7
82,0.2294,0.4506,0.32,7
83,0.2325,0.4487,0.3188,7
84,0.2194,0.4651,0.3155,7
85,0.2158,0.4696,0.3146,7
86,0.2235,0.4656,0.3109,7
87,0.2277,0.4596,0.3127,7
88,0.2331,0.456,0.3109,7
89,0.2247,0.4608,0.3145,7
90,0.2329,0.4518,0.3153,7
91,0.2438,0.4474,0.3088,7
92,0.2455,0.4615,0.293,7
93,0.2378,0.474,0.2882,7
94,0.2315,0.4751,0.2934,7
95,0.2263,0.4742,0.2995,7
96,0.2173,0.473,0.3097,7
97,0.2119,0.4643,0.3238,7
98,0.2134,0.4515,0.3351,7
99,0.2229,0.434,0.3431,7
100,0.2257,0.4273,0.347,7
101,0.2363,0.4171,0.3466,7
102,0.2431,0.4139,0.343,7
103,0.2413,0.4185,0.3402,7
104,0.2315,0.4313,0.3372,7
105,0.2369,0.4298,0.3333,7
106,0.2313,0.4396,0.3291,7
107,0.2323,0.4474,0.3203,7
108,0.2347,0.4543,0.311,7
109,0.2364,0.4545,0.3091,7
110,0.2321,0.4578,0.3101,7
111,0.2284,0.4627,0.3089,7
112,0.232,0.4673,0.3007,7
113,0.2317,0.4794,0.2889,7
114,0.2329,0.4872,0.2799,7
115,0.2171,0.507,0.2759,7
116,0.2044,0.5129,0.2827,7
117,0.202,0.5032,0.2948,7
118,0.211,0.484,0.305,7
119,0.2202,0.4685,0.3113,7
120,0.2175,0.4581,0.3244,7
121,0.2241,0.4469,0.329,7
122,0.2306,0.4431,0.3263,7
123,0.2328,0.4459,0.3213,7
124,0.2295,0.4562,0.3143,7
125,0.2279,0.4682,0.3039,7
126,0.2219,0.4765,0.3016,7
127,0.2235,0.4758,0.3007,7
128,0.2224,0.4814,0.2962,7
129,0.2189,0.4913,0.2898,7
130,0.218,0.4961,0.2859,7
131,0.208,0.5125,0.2795,7
132,0.2017,0.5142,0.2841,7
133,0.2026,0.5103,0.2871,7
134,0.2086,0.4943,0.2971,7
135,0.2056,0.4823,0.3121,7
136,0.2045,0.4621,0.3334,7
137,0.2155,0.4361,0.3484,7
138,0.2242,0.4168,0.359,7
139,0.2273,0.4045,0.3682,7
140,0.2284,0.398,0.3736,7
141,0.2255,0.3981,0.3764,7
142,0.2198,0.3978,0.3824,7
143,0.2161,0.3993,0.3846,7
144,0.2184,0.3918,0.3898,7
145,0.2211,0.3845,0.3944,7
146,0.2255,0.3768,0.3977,7
147,0.2354,0.3723,0.3923,7
148,0.2396,0.3817,0.3787,7
149,0.2433,0.3909,0.3658,7
150,0.2348,0.4054,0.3598,7
151,0.2293,0.4107,0.36,7
152,0.2254,0.4125,0.3621,7
153,0.2223,0.4113,0.3664,7
154,0.2236,0.4009,0.3755,7
155,0.2257,0.3945,0.3798,7
156,0.2345,0.3877,0.3778,7
157,0.2459,0.3806,0.3735,7
158,0.2478,0.3919,0.3603,7
159,0.2477,0.4043,0.348,7
160,0.2425,0.4243,0.3332,7
161,0.2396,0.4295,0.3309,7
162,0.2377,0.4356,0.3267,7
163,0.2413,0.4317,0.327,7
164,0.2425,0.4322,0.3253,7
165,0.2475,0.4289,0.3236,7
166,0.252,0.4261,0.3219,7
167,0.2595,0.4244,0.3161,7
168,0.2652,0.4294,0.3054,7
169,0.2687,0.4308,0.3005,7
170,0.2523,0.4503,0.2974,7
171,0.2274,0.4685,0.3041,7
172,0.2257,0.4611,0.3132,7
173,0.2379,0.4323,0.3298,7
174,0.2422,0.4145,0.3433,7
175,0.2455,0.4073,0.3472,7
176,0.2496,0.4093,0.3411,7
177,0.2616,0.4104,0.328,7
178,0.2635,0.4235,0.313,7
179,0.256,0.4418,0.3022,7
180,0.2554,0.4464,0.2982,7
181,0.2468,0.4515,0.3017,7
182,0.2386,0.4546,0.3068,7
183,0.2384,0.4456,0.316,7
184,0.2378,0.4452,0.317,7
185,0.2467,0.4329,0.3204,7
186,0.2527,0.4316,0.3157,7
187,0.2654,0.4208,0.3138,7
188,0.2649,0.4291,0.306,7
189,0.2687,0.4335,0.2978,7
190,0.2651,0.4391,0.2958,7
191,0.2595,0.4452,0.2953,7
192,0.258,0.4489,0.2931,7
193,0.2633,0.4507,0.286,7
194,0.2603,0.4542,0.2855,7
195,0.2535,0.458,0.2885,7
196,0.2525,0.4497,0.2978,7
197,0.2516,0.4474,0.301,7
198,0.2554,0.4469,0.2977,7
199,0.2536,0.4536,0.2928,7
200,0.2598,0.4488,0.2914,7
0,0.3405,0.3206,0.3389,8
1,0.6011,0.3188,0.0801,8
2,0.2452,0.7403,0.0145,8
3,0.0379,0.9366,0.0255,8
4,0.0137,0.9339,0.0524,8
5,0.0171,0.8935,0.0894,8
6,0.0196,0.8444,0.136,8
7,0.0266,0.7849,0.1885,8
8,0.0328,0.7208,0.2464,8
9,0.0401,0.6508,0.3091,8
10,0.0488,0.5803,0.3709,8
11,0.0621,0.512,0.4259,8
12,0.072,0.4542,0.4738,8
13,0.0832,0.4013,0.5155,8
14,0.092,0.3627,0.5453,8
15,0.1061,0.3265,0.5674,8
16,0.1121,0.3028,0.5851,8
17,0.1247,0.2762,0.5991,8
18,0.1302,0.2683,0.6015,8
19,0.1397,0.2614,0.5989,8
20,0.1463,0.2631,0.5906,8
21,0.1542,0.2769,0.5689,8
22,0.1551,0.3035,0.5414,8
23,0.1667,0.3235,0.5098,8
24,0.1755,0.3492,0.4753,8
25,0.1827,0.3735,0.4438,8
26,0.1857,0.4048,0.4095,8
27,0.1868,0.4359,0.3773,8
28,0.187,0.462,0.351,8
29,0.1852,0.4833,0.3315,8
30,0.183,0.5027,0.3143,8
31,0.1849,0.5129,0.3022,8
32,0.1912,0.5202,0.2886,8
33,0.1839,0.5375,0.2786,8
34,0.1838,0.5478,0.2684,8
35,0.1842,0.5487,0.2671,8
36,0.1904,0.5413,0.2683,8
37,0.1863,0.5383,0.2754,8
38,0.1798,0.5357,0.2845,8
39,0.1775,0.5286,0.2939,8
40,0.1902,0.5054,0.3044,8
41,0.1948,0.491,0.3142,8
42,0.1989,0.4758,0.3253,8
43,0.1941,0.4697,0.3362,8
44,0.1967,0.4533,0.35,8
45,0.2007,0.4368,0.3625,8
46,0.2102,0.4177,0.3721,8
47,0.2203,0.4051,0.3746,8
48,0.2357,0.3988,0.3655,8
49,0.2409,0.4085,0.3506,8
50,0.2402,0.4232,0.3366,8
51,0.2316,0.4453,0.3231,8
52,0.2249,0.4632,0.3119,8
53,0.2268,0.4689,0.3043,8
54,0.2247,0.4766,0.2987,8
55,0.2283,0.4738,0.2979,8
56,0.2283,0.4744,0.2973,8
57,0.219,0.4828,0.2982,8
58,0.2198,0.4797,0.3005,8
59,0.2207,0.4754,0.3039,8
60,0.2111,0.4816,0.3073,8
61,0.2086,0.4819,0.3095,8
62,0.2094,0.4779,0.3127,8
63,0.2077,0.4791,0.3132,8
64,0.2089,0.4766,0.3145,8
65,0.2104,0.4741,0.3155,8
66,0.2117,0.4729,0.3154,8
67,0.2148,0.4697,0.3155,8
68,0.2134,0.4713,0.3153,8
69,0.2206,0.4628,0.3166,8
70,0.2241,0.4558,0.3201,8
71,0.2195,0.4557,0.3248,8
72,0.2122,0.4552,0.3326,8
73,0.2087,0.4543,0.337,8
74,0.2135,0.4478,0.3387,8
75,0.2164,0.4478,0.3358,8
76,0.2087,0.4575,0.3338,8
77,0.2142,0.4556,0.3302,8
78,0.2192,0.4574,0.3234,8
79,0.2238,0.4583,0.3179,8
80,0.224,0.4583,0.3177,8
81,0.2266,0.4512,0.3222,8
82,0.2295,0.442,0.3285,8
83,0.2383,0.4287,0.333,8
84,0.2431,0.4284,0.3285,8
85,0.243,0.4301,0.3269,8
86,0.2322,0.4386,0.3292,8
87,0.226,0.4467,0.3273,8
88,0.2258,0.4444,0.3298,8
89,0.2301,0.4416,0.3283,8
90,0.2361,0.4424,0.3215,8
91,0.232,0.4507,0.3173,8
92,0.2356,0.4512,0.3132,8
93,0.2362,0.4531,0.3107,8
94,0.2224,0.4675,0.3101,8
95,0.2186,0.4628,0.3186,8
96,0.2144,0.4591,0.3265,8
97,0.2219,0.4414,0.3367,8
98,0.2255,0.4343,0.3402,8
99,0.2248,0.4323,0.3429,8
100,0.2239,0.4283,0.3478,8
101,0.226,0.4285,0.3455,8
102,0.2278,0.4385,0.3337,8
103,0.226,0.4501,0.3239,8
104,0.2345,0.4468,0.3187,8
105,0.2384,0.4511,0.3105,8
106,0.2345,0.461,0.3045,8
107,0.2338,0.4662,0.3,8
108,0.2182,0.4763,0.3055,8
109,0.2214,0.4616,0.317,8
110,0.2279,0.453,0.3191,8
111,0.2347,0.4522,0.3131,8
112,0.2373,0.4589,0.3038,8
113,0.2338,0.4701,0.2961,8
114,0.2396,0.4693,0.2911,8
115,0.2322,0.4732,0.2946,8
116,0.2223,0.4763,0.3014,8
117,0.2234,0.4641,0.3125,8
118,0.232,0.4453,0.3227,8
119,0.234,0.44,0.326,8
120,0.2336,0.4467,0.3197,8
121,0.2419,0.45,0.3081,8
122,0.2485,0.4561,0.2954,8
