Generation,O,Y,B,sim
0,0.3348,0.3358,0.3294,1
1,0.441,0.4903,0.0687,1
2,0.1167,0.7656,0.1177,1
3,0.046,0.6719,0.2821,1
4,0.0642,0.453,0.4828,1
5,0.0951,0.2646,0.6403,1
6,0.1364,0.1334,0.7302,1
7,0.1812,0.1011,0.7177,1
8,0.1967,0.1394,0.6639,1
9,0.1853,0.1995,0.6152,1
10,0.2028,0.2231,0.5741,1
11,0.2223,0.2229,0.5548,1
12,0.2477,0.2298,0.5225,1
13,0.2677,0.2545,0.4778,1
14,0.2775,0.2782,0.4443,1
15,0.2534,0.313,0.4336,1
16,0.2385,0.3287,0.4328,1
17,0.2327,0.3223,0.445,1
18,0.2134,0.3276,0.459,1
19,0.2115,0.313,0.4755,1
20,0.216,0.2858,0.4982,1
21,0.2234,0.2837,0.4929,1
22,0.2483,0.2789,0.4728,1
23,0.2648,0.3091,0.4261,1
24,0.2477,0.3854,0.3669,1
25,0.2135,0.4713,0.3152,1
26,0.179,0.5229,0.2981,1
27,0.1696,0.5309,0.2995,1
28,0.1509,0.5511,0.298,1
29,0.135,0.5835,0.2815,1
30,0.1327,0.5758,0.2915,1
31,0.1421,0.5362,0.3217,1
32,0.1502,0.5016,0.3482,1
33,0.1563,0.4702,0.3735,1
34,0.1775,0.4379,0.3846,1
35,0.1924,0.426,0.3816,1
36,0.1766,0.4407,0.3827,1
37,0.1724,0.4468,0.3808,1
38,0.1781,0.4145,0.4074,1
39,0.2079,0.3617,0.4304,1
40,0.2155,0.334,0.4505,1
41,0.225,0.3171,0.4579,1
42,0.236,0.2984,0.4656,1
43,0.2397,0.3195,0.4408,1
44,0.2726,0.3326,0.3948,1
45,0.2606,0.3967,0.3427,1
46,0.2517,0.4153,0.333,1
47,0.2261,0.4394,0.3345,1
48,0.2129,0.4094,0.3777,1
49,0.2102,0.3552,0.4346,1
50,0.218,0.3143,0.4677,1
51,0.2175,0.2996,0.4829,1
52,0.1969,0.3488,0.4543,1
53,0.2065,0.3625,0.431,1
54,0.2068,0.383,0.4102,1
55,0.1975,0.4091,0.3934,1
56,0.1872,0.4208,0.392,1
57,0.1824,0.3967,0.4209,1
58,0.1835,0.3675,0.449,1
59,0.195,0.3585,0.4465,1
60,0.2064,0.3433,0.4503,1
61,0.1903,0.3594,0.4503,1
62,0.2022,0.3406,0.4572,1
63,0.2288,0.3132,0.458,1
64,0.2221,0.3443,0.4336,1
65,0.2153,0.3494,0.4353,1
66,0.2327,0.3278,0.4395,1
67,0.2151,0.3578,0.4271,1
68,0.2313,0.3508,0.4179,1
69,0.2285,0.3655,0.406,1
70,0.2402,0.3547,0.4051,1
71,0.2116,0.3755,0.4129,1
72,0.193,0.362,0.445,1
73,0.2023,0.316,0.4817,1
74,0.2278,0.3077,0.4645,1
75,0.2511,0.3344,0.4145,1
76,0.2538,0.3593,0.3869,1
77,0.2119,0.4075,0.3806,1
78,0.1846,0.3959,0.4195,1
79,0.1696,0.3527,0.4777,1
80,0.1911,0.2983,0.5106,1
81,0.207,0.295,0.498,1
82,0.2268,0.3167,0.4565,1
83,0.2528,0.3571,0.3901,1
84,0.252,0.4023,0.3457,1
85,0.2251,0.4266,0.3483,1
86,0.2021,0.3929,0.405,1
87,0.1827,0.329,0.4883,1
88,0.1901,0.2885,0.5214,1
89,0.2097,0.2788,0.5115,1
90,0.2416,0.2936,0.4648,1
91,0.2348,0.3446,0.4206,1
92,0.2076,0.3841,0.4083,1
93,0.1985,0.3741,0.4274,1
94,0.191,0.3361,0.4729,1
95,0.208,0.2806,0.5114,1
96,0.2277,0.2719,0.5004,1
97,0.2382,0.3165,0.4453,1
98,0.2495,0.3432,0.4073,1
99,0.2273,0.4001,0.3726,1
100,0.2089,0.407,0.3841,1
101,0.2009,0.3658,0.4333,1
102,0.2045,0.3288,0.4667,1
103,0.2118,0.3008,0.4874,1
104,0.2121,0.3081,0.4798,1
105,0.2224,0.3203,0.4573,1
106,0.2445,0.3272,0.4283,1
107,0.2636,0.3469,0.3895,1
108,0.2449,0.3879,0.3672,1
109,0.2158,0.4156,0.3686,1
110,0.1858,0.4079,0.4063,1
111,0.1867,0.33,0.4833,1
112,0.2162,0.3036,0.4802,1
113,0.2551,0.2799,0.465,1
114,0.2826,0.3047,0.4127,1
115,0.3115,0.3389,0.3496,1
116,0.2869,0.3843,0.3288,1
117,0.2577,0.4057,0.3366,1
118,0.226,0.3979,0.3761,1
119,0.2194,0.3758,0.4048,1
120,0.2217,0.3434,0.4349,1
121,0.2322,0.3217,0.4461,1
122,0.2316,0.3437,0.4247,1
123,0.2261,0.3626,0.4113,1
124,0.2065,0.3803,0.4132,1
125,0.2103,0.3526,0.4371,1
126,0.2032,0.3305,0.4663,1
127,0.2114,0.336,0.4526,1
128,0.2353,0.3339,0.4308,1
129,0.2432,0.3771,0.3797,1
130,0.2347,0.3971,0.3682,1
131,0.2057,0.4241,0.3702,1
132,0.1926,0.4147,0.3927,1
133,0.1894,0.3852,0.4254,1
134,0.1976,0.3444,0.458,1
135,0.21,0.3312,0.4588,1
136,0.2248,0.3179,0.4573,1
137,0.2126,0.353,0.4344,1
138,0.2118,0.3437,0.4445,1
139,0.1941,0.3527,0.4532,1
140,0.2233,0.3047,0.472,1
141,0.2329,0.3067,0.4604,1
142,0.2318,0.3434,0.4248,1
143,0.2406,0.349,0.4104,1
144,0.2298,0.3754,0.3948,1
145,0.218,0.3937,0.3883,1
146,0.1983,0.3987,0.403,1
147,0.1975,0.3643,0.4382,1
148,0.202,0.332,0.466,1
149,0.2015,0.3258,0.4727,1
150,0.2189,0.3337,0.4474,1
151,0.1977,0.3717,0.4306,1
152,0.2123,0.3678,0.4199,1
153,0.2171,0.368,0.4149,1
154,0.2057,0.3873,0.407,1
155,0.1719,0.4198,0.4083,1
156,0.1792,0.3987,0.4221,1
157,0.1971,0.3587,0.4442,1
158,0.1993,0.338,0.4627,1
159,0.2132,0.3095,0.4773,1
160,0.2208,0.3075,0.4717,1
161,0.2066,0.3363,0.4571,1
162,0.2228,0.3366,0.4406,1
163,0.2356,0.3441,0.4203,1
164,0.2309,0.3634,0.4057,1
165,0.2364,0.3831,0.3805,1
166,0.2655,0.3613,0.3732,1
167,0.2138,0.3986,0.3876,1
168,0.189,0.4054,0.4056,1
169,0.1988,0.3813,0.4199,1
170,0.2314,0.3553,0.4133,1
171,0.225,0.3947,0.3803,1
172,0.2083,0.4125,0.3792,1
173,0.2216,0.4174,0.361,1
174,0.2064,0.4385,0.3551,1
175,0.1852,0.4357,0.3791,1
176,0.1646,0.4153,0.4201,1
177,0.163,0.3423,0.4947,1
178,0.1906,0.2838,0.5256,1
179,0.212,0.2833,0.5047,1
180,0.2346,0.2924,0.473,1
181,0.2408,0.3369,0.4223,1
182,0.2307,0.37,0.3993,1
183,0.2,0.4209,0.3791,1
184,0.1972,0.3982,0.4046,1
185,0.1981,0.3682,0.4337,1
186,0.2163,0.326,0.4577,1
187,0.2061,0.3272,0.4667,1
188,0.2109,0.3289,0.4602,1
189,0.236,0.3344,0.4296,1
190,0.2565,0.3454,0.3981,1
191,0.2538,0.3716,0.3746,1
192,0.2361,0.4037,0.3602,1
193,0.2221,0.4133,0.3646,1
194,0.2333,0.3755,0.3912,1
195,0.2472,0.3532,0.3996,1
196,0.2282,0.3728,0.399,1
197,0.2114,0.3955,0.3931,1
198,0.231,0.3827,0.3863,1
199,0.2284,0.4089,0.3627,1
200,0.2227,0.4362,0.3411,1
0,0.3368,0.3332,0.33,2
1,0.4267,0.5084,0.0649,2
2,0.0924,0.8023,0.1053,2
3,0.0213,0.7203,0.2584,2
4,0.0374,0.4983,0.4643,2
5,0.0776,0.277,0.6454,2
6,0.1296,0.1406,0.7298,2
7,0.1895,0.0812,0.7293,2
8,0.2481,0.0952,0.6567,2
9,0.2894,0.1507,0.5599,2
10,0.3473,0.2016,0.4511,2
11,0.3867,0.2531,0.3602,2
12,0.4339,0.2859,0.2802,2
13,0.4649,0.3389,0.1962,2
14,0.4827,0.3678,0.1495,2
15,0.4411,0.4343,0.1246,2
16,0.3785,0.4934,0.1281,2
17,0.3022,0.5532,0.1446,2
18,0.2308,0.594,0.1752,2
19,0.1671,0.6268,0.2061,2
20,0.1268,0.6317,0.2415,2
21,0.1211,0.5964,0.2825,2
22,0.1187,0.5551,0.3262,2
23,0.1259,0.5014,0.3727,2
24,0.1309,0.4468,0.4223,2
25,0.1435,0.3814,0.4751,2
26,0.1366,0.4293,0.4341,2
27,0.1469,0.4893,0.3638,2
28,0.1506,0.559,0.2904,2
29,0.1462,0.6363,0.2175,2
30,0.1244,0.7211,0.1545,2
31,0.0973,0.806,0.0967,2
32,0.071,0.8821,0.0469,2
33,0.0509,0.9373,0.0118,2
34,0.0185,0.9813,0.0002,2
35,0.0006,0.9994,0.0,2
36,0.0,1.0,0.0,2
37,0.0,1.0,0.0,2
38,0.0,1.0,0.0,2
39,0.0,1.0,0.0,2
40,0.0,1.0,0.0,2
41,0.0,1.0,0.0,2
42,0.0,1.0,0.0,2
43,0.0,1.0,0.0,2
44,0.0,1.0,0.0,2
45,0.0,1.0,0.0,2
46,0.0,1.0,0.0,2
47,0.0,1.0,0.0,2
48,0.0,1.0,0.0,2
49,0.0,1.0,0.0,2
50,0.0,1.0,0.0,2
51,0.0,1.0,0.0,2
52,0.0,1.0,0.0,2
53,0.0,1.0,0.0,2
54,0.0,1.0,0.0,2
55,0.0,1.0,0.0,2
56,0.0,1.0,0.0,2
57,0.0,1.0,0.0,2
58,0.0,1.0,0.0,2
59,0.0,1.0,0.0,2
60,0.0,1.0,0.0,2
61,0.0,1.0,0.0,2
62,0.0,1.0,0.0,2
63,0.0,1.0,0.0,2
64,0.0,1.0,0.0,2
65,0.0,1.0,0.0,2
66,0.0,1.0,0.0,2
67,0.0,1.0,0.0,2
68,0.0,1.0,0.0,2
69,0.0,1.0,0.0,2
70,0.0,1.0,0.0,2
71,0.0,1.0,0.0,2
72,0.0,1.0,0.0,2
73,0.0,1.0,0.0,2
74,0.0,1.0,0.0,2
75,0.0,1.0,0.0,2
76,0.0,1.0,0.0,2
77,0.0,1.0,0.0,2
78,0.0,1.0,0.0,2
79,0.0,1.0,0.0,2
80,0.0,1.0,0.0,2
81,0.0,1.0,0.0,2
82,0.0,1.0,0.0,2
83,0.0,1.0,0.0,2
84,0.0,1.0,0.0,2
85,0.0,1.0,0.0,2
86,0.0,1.0,0.0,2
87,0.0,1.0,0.0,2
88,0.0,1.0,0.0,2
89,0.0,1.0,0.0,2
90,0.0,1.0,0.0,2
91,0.0,1.0,0.0,2
92,0.0,1.0,0.0,2
93,0.0,1.0,0.0,2
94,0.0,1.0,0.0,2
95,0.0,1.0,0.0,2
96,0.0,1.0,0.0,2
97,0.0,1.0,0.0,2
98,0.0,1.0,0.0,2
99,0.0,1.0,0.0,2
100,0.0,1.0,0.0,2
101,0.0,1.0,0.0,2
102,0.0,1.0,0.0,2
103,0.0,1.0,0.0,2
104,0.0,1.0,0.0,2
105,0.0,1.0,0.0,2
106,0.0,1.0,0.0,2
107,0.0,1.0,0.0,2
108,0.0,1.0,0.0,2
109,0.0,1.0,0.0,2
110,0.0,1.0,0.0,2
111,0.0,1.0,0.0,2
112,0.0,1.0,0.0,2
113,0.0,1.0,0.0,2
114,0.0,1.0,0.0,2
115,0.0,1.0,0.0,2
116,0.0,1.0,0.0,2
117,0.0,1.0,0.0,2
118,0.0,1.0,0.0,2
119,0.0,1.0,0.0,2
120,0.0,1.0,0.0,2
121,0.0,1.0,0.0,2
122,0.0,1.0,0.0,2
123,0.0,1.0,0.0,2
124,0.0,1.0,0.0,2
125,0.0,1.0,0.0,2
126,0.0,1.0,0.0,2
127,0.0,1.0,0.0,2
128,0.0,1.0,0.0,2
129,0.0,1.0,0.0,2
130,0.0,1.0,0.0,2
131,0.0,1.0,0.0,2
132,0.0,1.0,0.0,2
133,0.0,1.0,0.0,2
134,0.0,1.0,0.0,2
135,0.0,1.0,0.0,2
136,0.0,1.0,0.0,2
137,0.0,1.0,0.0,2
138,0.0,1.0,0.0,2
139,0.0,1.0,0.0,2
140,0.0,1.0,0.0,2
141,0.0,1.0,0.0,2
142,0.0,1.0,0.0,2
143,0.0,1.0,0.0,2
144,0.0,1.0,0.0,2
145,0.0,1.0,0.0,2
146,0.0,1.0,0.0,2
147,0.0,1.0,0.0,2
148,0.0,1.0,0.0,2
149,0.0,1.0,0.0,2
150,0.0,1.0,0.0,2
151,0.0,1.0,0.0,2
152,0.0,1.0,0.0,2
153,0.0,1.0,0.0,2
154,0.0,1.0,0.0,2
155,0.0,1.0,0.0,2
156,0.0,1.0,0.0,2
157,0.0,1.0,0.0,2
158,0.0,1.0,0.0,2
159,0.0,1.0,0.0,2
160,0.0,1.0,0.0,2
161,0.0,1.0,0.0,2
162,0.0,1.0,0.0,2
163,0.0,1.0,0.0,2
164,0.0,1.0,0.0,2
165,0.0,1.0,0.0,2
166,0.0,1.0,0.0,2
167,0.0,1.0,0.0,2
168,0.0,1.0,0.0,2
169,0.0,1.0,0.0,2
170,0.0,1.0,0.0,2
171,0.0,1.0,0.0,2
172,0.0,1.0,0.0,2
173,0.0,1.0,0.0,2
174,0.0,1.0,0.0,2
175,0.0,1.0,0.0,2
176,0.0,1.0,0.0,2
177,0.0,1.0,0.0,2
178,0.0,1.0,0.0,2
179,0.0,1.0,0.0,2
180,0.0,1.0,0.0,2
181,0.0,1.0,0.0,2
182,0.0,1.0,0.0,2
183,0.0,1.0,0.0,2
184,0.0,1.0,0.0,2
185,0.0,1.0,0.0,2
186,0.0,1.0,0.0,2
187,0.0,1.0,0.0,2
188,0.0,1.0,0.0,2
189,0.0,1.0,0.0,2
190,0.0,1.0,0.0,2
191,0.0,1.0,0.0,2
192,0.0,1.0,0.0,2
193,0.0,1.0,0.0,2
194,0.0,1.0,0.0,2
195,0.0,1.0,0.0,2
196,0.0,1.0,0.0,2
197,0.0,1.0,0.0,2
198,0.0,1.0,0.0,2
199,0.0,1.0,0.0,2
200,0.0,1.0,0.0,2
0,0.3402,0.3357,0.3241,3
1,0.3925,0.5271,0.0804,3
2,0.0875,0.7662,0.1463,3
3,0.0476,0.6217,0.3307,3
4,0.0568,0.39,0.5532,3
5,0.1048,0.196,0.6992,3
6,0.1656,0.1091,0.7253,3
7,0.235,0.1103,0.6547,3
8,0.2712,0.1859,0.5429,3
9,0.2489,0.3062,0.4449,3
10,0.2611,0.3704,0.3685,3
11,0.241,0.4346,0.3244,3
12,0.2245,0.4616,0.3139,3
13,0.1685,0.4987,0.3328,3
14,0.131,0.5059,0.3631,3
15,0.1093,0.4767,0.414,3
16,0.08,0.4353,0.4847,3
17,0.0765,0.3617,0.5618,3
18,0.0941,0.2924,0.6135,3
19,0.1133,0.228,0.6587,3
20,0.1312,0.1755,0.6933,3
21,0.1478,0.1735,0.6787,3
22,0.1792,0.1733,0.6475,3
23,0.2148,0.1745,0.6107,3
24,0.2403,0.2042,0.5555,3
25,0.2597,0.2538,0.4865,3
26,0.2495,0.312,0.4385,3
27,0.2391,0.3348,0.4261,3
28,0.2164,0.3485,0.4351,3
29,0.208,0.3388,0.4532,3
30,0.2424,0.3003,0.4573,3
31,0.2569,0.3414,0.4017,3
32,0.2344,0.398,0.3676,3
33,0.2123,0.404,0.3837,3
34,0.1996,0.3786,0.4218,3
35,0.2193,0.3507,0.43,3
36,0.2245,0.3523,0.4232,3
37,0.2365,0.3534,0.4101,3
38,0.2366,0.3581,0.4053,3
39,0.224,0.3851,0.3909,3
40,0.227,0.3634,0.4096,3
41,0.2095,0.3588,0.4317,3
42,0.2218,0.3488,0.4294,3
43,0.242,0.3387,0.4193,3
44,0.2515,0.3395,0.409,3
45,0.2693,0.3337,0.397,3
46,0.2669,0.3644,0.3687,3
47,0.2342,0.3873,0.3785,3
48,0.2144,0.4116,0.374,3
49,0.2101,0.4073,0.3826,3
50,0.2255,0.3877,0.3868,3
51,0.2218,0.3892,0.389,3
52,0.2043,0.3824,0.4133,3
53,0.2131,0.3814,0.4055,3
54,0.2051,0.3651,0.4298,3
55,0.2119,0.337,0.4511,3
56,0.2294,0.3255,0.4451,3
57,0.2729,0.308,0.4191,3
58,0.2625,0.3793,0.3582,3
59,0.2345,0.4219,0.3436,3
60,0.1938,0.4437,0.3625,3
61,0.1966,0.4123,0.3911,3
62,0.1912,0.3605,0.4483,3
63,0.227,0.311,0.462,3
64,0.2624,0.3056,0.432,3
65,0.2519,0.3442,0.4039,3
66,0.2352,0.3819,0.3829,3
67,0.21,0.3987,0.3913,3
68,0.2084,0.3829,0.4087,3
69,0.1872,0.3983,0.4145,3
70,0.1925,0.3895,0.418,3
71,0.208,0.3744,0.4176,3
72,0.2007,0.3574,0.4419,3
73,0.2147,0.3373,0.448,3
74,0.2161,0.3429,0.441,3
75,0.234,0.3305,0.4355,3
76,0.226,0.338,0.436,3
77,0.2393,0.3475,0.4132,3
78,0.2403,0.3609,0.3988,3
79,0.239,0.3539,0.4071,3
80,0.2599,0.3463,0.3938,3
81,0.2981,0.3378,0.3641,3
82,0.2966,0.3522,0.3512,3
83,0.2546,0.3971,0.3483,3
84,0.2277,0.4149,0.3574,3
85,0.1955,0.4106,0.3939,3
86,0.195,0.3558,0.4492,3
87,0.1938,0.3621,0.4441,3
88,0.2152,0.3752,0.4096,3
89,0.233,0.3875,0.3795,3
90,0.1951,0.4219,0.383,3
91,0.1713,0.4093,0.4194,3
92,0.1651,0.3617,0.4732,3
93,0.1774,0.303,0.5196,3
94,0.1936,0.3003,0.5061,3
95,0.2114,0.3108,0.4778,3
96,0.2038,0.3431,0.4531,3
97,0.2182,0.3281,0.4537,3
98,0.2063,0.3504,0.4433,3
99,0.2048,0.3569,0.4383,3
100,0.2029,0.3546,0.4425,3
101,0.1902,0.3347,0.4751,3
102,0.2124,0.3074,0.4802,3
103,0.2495,0.2884,0.4621,3
104,0.2667,0.3266,0.4067,3
105,0.2678,0.3764,0.3558,3
106,0.2054,0.4654,0.3292,3
107,0.1972,0.4257,0.3771,3
108,0.1804,0.3717,0.4479,3
109,0.1942,0.3069,0.4989,3
110,0.2195,0.2872,0.4933,3
111,0.2586,0.2899,0.4515,3
112,0.2786,0.3382,0.3832,3
113,0.2837,0.4003,0.316,3
114,0.2142,0.4799,0.3059,3
115,0.1696,0.4401,0.3903,3
116,0.1743,0.3344,0.4913,3
117,0.2108,0.2497,0.5395,3
118,0.2706,0.225,0.5044,3
119,0.3053,0.2808,0.4139,3
120,0.3052,0.3642,0.3306,3
121,0.2561,0.4544,0.2895,3
122,0.2081,0.4858,0.3061,3
123,0.1796,0.4391,0.3813,3
124,0.1821,0.3513,0.4666,3
125,0.218,0.2878,0.4942,3
126,0.2584,0.2798,0.4618,3
127,0.2647,0.3484,0.3869,3
128,0.2437,0.4357,0.3206,3
129,0.1997,0.494,0.3063,3
130,0.1632,0.4915,0.3453,3
131,0.1818,0.4169,0.4013,3
132,0.197,0.3602,0.4428,3
133,0.1989,0.3246,0.4765,3
134,0.206,0.3145,0.4795,3
135,0.2414,0.3062,0.4524,3
136,0.2348,0.3645,0.4007,3
137,0.2387,0.39,0.3713,3
138,0.2144,0.4047,0.3809,3
139,0.1945,0.3876,0.4179,3
140,0.209,0.3428,0.4482,3
141,0.2273,0.3154,0.4573,3
142,0.2127,0.3343,0.453,3
143,0.2177,0.3448,0.4375,3
144,0.2179,0.3601,0.422,3
145,0.197,0.3959,0.4071,3
146,0.2096,0.3812,0.4092,3
147,0.1875,0.3907,0.4218,3
148,0.1926,0.3561,0.4513,3
149,0.1945,0.3365,0.469,3
150,0.1991,0.3114,0.4895,3
151,0.2144,0.2877,0.4979,3
152,0.2338,0.3037,0.4625,3
153,0.2515,0.336,0.4125,3
154,0.2341,0.3816,0.3843,3
155,0.231,0.3785,0.3905,3
156,0.1958,0.4019,0.4023,3
157,0.1932,0.3583,0.4485,3
158,0.2221,0.3039,0.474,3
159,0.2669,0.2913,0.4418,3
160,0.2426,0.3786,0.3788,3
161,0.2127,0.4601,0.3272,3
162,0.2012,0.467,0.3318,3
163,0.1696,0.4635,0.3669,3
164,0.1689,0.4086,0.4225,3
165,0.1789,0.3662,0.4549,3
166,0.2102,0.2996,0.4902,3
167,0.2126,0.303,0.4844,3
168,0.2173,0.3542,0.4285,3
169,0.226,0.4075,0.3665,3
170,0.2045,0.469,0.3265,3
171,0.1783,0.5009,0.3208,3
172,0.1619,0.5071,0.331,3
173,0.1791,0.4552,0.3657,3
174,0.1836,0.4045,0.4119,3
175,0.1862,0.3455,0.4683,3
176,0.2014,0.3168,0.4818,3
177,0.2046,0.3115,0.4839,3
178,0.1939,0.3286,0.4775,3
179,0.2089,0.3254,0.4657,3
180,0.2168,0.3332,0.45,3
181,0.2317,0.3429,0.4254,3
182,0.2544,0.3322,0.4134,3
183,0.2668,0.3228,0.4104,3
184,0.2419,0.3622,0.3959,3
185,0.2129,0.3833,0.4038,3
186,0.211,0.3817,0.4073,3
187,0.2118,0.3674,0.4208,3
188,0.2096,0.3552,0.4352,3
189,0.2041,0.3446,0.4513,3
190,0.178,0.3604,0.4616,3
191,0.1943,0.3184,0.4873,3
192,0.2154,0.3052,0.4794,3
193,0.2325,0.3233,0.4442,3
194,0.222,0.3715,0.4065,3
195,0.1977,0.3876,0.4147,3
196,0.2053,0.344,0.4507,3
197,0.2251,0.3124,0.4625,3
198,0.2176,0.3534,0.429,3
199,0.2344,0.3646,0.401,3
200,0.2506,0.3653,0.3841,3
0,0.3358,0.3338,0.3304,4
1,0.4294,0.4946,0.076,4
2,0.1166,0.741,0.1424,4
3,0.0373,0.6362,0.3265,4
4,0.064,0.4179,0.5181,4
5,0.1217,0.2257,0.6526,4
6,0.1791,0.1335,0.6874,4
7,0.2241,0.1134,0.6625,4
8,0.2435,0.1604,0.5961,4
9,0.2297,0.2439,0.5264,4
10,0.2228,0.2951,0.4821,4
11,0.2158,0.3365,0.4477,4
12,0.2204,0.3684,0.4112,4
13,0.2081,0.4131,0.3788,4
14,0.2043,0.4341,0.3616,4
15,0.1907,0.449,0.3603,4
16,0.1752,0.4426,0.3822,4
17,0.1513,0.4435,0.4052,4
18,0.1525,0.4061,0.4414,4
19,0.1351,0.398,0.4669,4
20,0.1311,0.3682,0.5007,4
21,0.1332,0.3238,0.543,4
22,0.1434,0.269,0.5876,4
23,0.1803,0.266,0.5537,4
24,0.2045,0.2696,0.5259,4
25,0.2056,0.3189,0.4755,4
26,0.1915,0.3341,0.4744,4
27,0.1689,0.3462,0.4849,4
28,0.198,0.3003,0.5017,4
29,0.2259,0.3139,0.4602,4
30,0.2585,0.3192,0.4223,4
31,0.2593,0.3516,0.3891,4
32,0.2394,0.378,0.3826,4
33,0.235,0.3701,0.3949,4
34,0.253,0.328,0.419,4
35,0.2205,0.3598,0.4197,4
36,0.2358,0.3638,0.4004,4
37,0.2428,0.3865,0.3707,4
38,0.2189,0.4211,0.36,4
39,0.1748,0.4259,0.3993,4
40,0.1774,0.3712,0.4514,4
41,0.2007,0.3103,0.489,4
42,0.2337,0.2703,0.496,4
43,0.2348,0.3321,0.4331,4
44,0.2544,0.3598,0.3858,4
45,0.2382,0.4202,0.3416,4
46,0.2182,0.4674,0.3144,4
47,0.1892,0.4964,0.3144,4
48,0.1858,0.4818,0.3324,4
49,0.2046,0.4176,0.3778,4
50,0.1966,0.3846,0.4188,4
51,0.2075,0.3396,0.4529,4
52,0.2226,0.3131,0.4643,4
53,0.2445,0.301,0.4545,4
54,0.2351,0.3446,0.4203,4
55,0.2025,0.3784,0.4191,4
56,0.1905,0.3844,0.4251,4
57,0.1987,0.3627,0.4386,4
58,0.1861,0.3779,0.436,4
59,0.2098,0.3647,0.4255,4
60,0.2274,0.385,0.3876,4
61,0.2195,0.4005,0.38,4
62,0.2137,0.3888,0.3975,4
63,0.1936,0.3939,0.4125,4
64,0.1926,0.3577,0.4497,4
65,0.2122,0.3019,0.4859,4
66,0.2316,0.3086,0.4598,4
67,0.2424,0.331,0.4266,4
68,0.2365,0.3522,0.4113,4
69,0.2238,0.3788,0.3974,4
70,0.2217,0.4001,0.3782,4
71,0.2194,0.4036,0.377,4
72,0.192,0.4233,0.3847,4
73,0.1754,0.4127,0.4119,4
74,0.192,0.3584,0.4496,4
75,0.1916,0.3189,0.4895,4
76,0.1889,0.314,0.4971,4
77,0.207,0.3102,0.4828,4
78,0.2231,0.32,0.4569,4
79,0.2501,0.3442,0.4057,4
80,0.251,0.4107,0.3383,4
81,0.2345,0.4564,0.3091,4
82,0.1903,0.4914,0.3183,4
83,0.1903,0.4582,0.3515,4
84,0.1891,0.4334,0.3775,4
85,0.1976,0.4016,0.4008,4
86,0.2132,0.3543,0.4325,4
87,0.236,0.3187,0.4453,4
88,0.25,0.3242,0.4258,4
89,0.2633,0.3598,0.3769,4
90,0.2468,0.4061,0.3471,4
91,0.221,0.408,0.371,4
92,0.1942,0.4093,0.3965,4
93,0.1763,0.3798,0.4439,4
94,0.1975,0.3178,0.4847,4
95,0.225,0.3031,0.4719,4
96,0.2275,0.3367,0.4358,4
97,0.2118,0.3854,0.4028,4
98,0.1947,0.4189,0.3864,4
99,0.2008,0.4458,0.3534,4
100,0.2052,0.4416,0.3532,4
101,0.1852,0.4308,0.384,4
102,0.172,0.3787,0.4493,4
103,0.2154,0.3054,0.4792,4
104,0.226,0.3042,0.4698,4
105,0.2425,0.3317,0.4258,4
106,0.237,0.3762,0.3868,4
107,0.2279,0.397,0.3751,4
108,0.2034,0.4165,0.3801,4
109,0.1836,0.3945,0.4219,4
110,0.1913,0.3212,0.4875,4
111,0.2097,0.2844,0.5059,4
112,0.2406,0.2877,0.4717,4
113,0.2818,0.3116,0.4066,4
114,0.2726,0.4021,0.3253,4
115,0.2301,0.4649,0.305,4
116,0.1643,0.4889,0.3468,4
117,0.1478,0.4377,0.4145,4
118,0.1755,0.3262,0.4983,4
119,0.219,0.2668,0.5142,4
120,0.2481,0.2965,0.4554,4
121,0.2418,0.3825,0.3757,4
122,0.2179,0.4502,0.3319,4
123,0.1469,0.53,0.3231,4
124,0.1415,0.5123,0.3462,4
125,0.1405,0.4655,0.394,4
126,0.1679,0.3833,0.4488,4
127,0.1801,0.3288,0.4911,4
128,0.2048,0.3086,0.4866,4
129,0.2057,0.3322,0.4621,4
130,0.2396,0.324,0.4364,4
131,0.2274,0.3565,0.4161,4
132,0.2306,0.3586,0.4108,4
133,0.2315,0.3313,0.4372,4
134,0.2239,0.3408,0.4353,4
135,0.2004,0.3734,0.4262,4
136,0.211,0.3848,0.4042,4
137,0.2314,0.3921,0.3765,4
138,0.2328,0.4173,0.3499,4
139,0.2086,0.4768,0.3146,4
140,0.194,0.488,0.318,4
141,0.1879,0.4782,0.3339,4
142,0.1772,0.4412,0.3816,4
143,0.1655,0.3936,0.4409,4
144,0.1657,0.3379,0.4964,4
145,0.209,0.2704,0.5206,4
146,0.2324,0.287,0.4806,4
147,0.2431,0.3141,0.4428,4
148,0.2215,0.3641,0.4144,4
149,0.2223,0.3719,0.4058,4
150,0.2074,0.3577,0.4349,4
151,0.1908,0.3483,0.4609,4
152,0.2187,0.3129,0.4684,4
153,0.2415,0.2962,0.4623,4
154,0.2379,0.3325,0.4296,4
155,0.2146,0.3704,0.415,4
156,0.2108,0.3697,0.4195,4
157,0.2355,0.3657,0.3988,4
158,0.2246,0.3727,0.4027,4
159,0.2162,0.3694,0.4144,4
160,0.223,0.3582,0.4188,4
161,0.226,0.3303,0.4437,4
162,0.1985,0.3457,0.4558,4
163,0.2015,0.3411,0.4574,4
164,0.2112,0.3337,0.4551,4
165,0.2312,0.3138,0.455,4
166,0.2282,0.3447,0.4271,4
167,0.2212,0.3492,0.4296,4
168,0.2252,0.3436,0.4312,4
169,0.2022,0.3716,0.4262,4
170,0.224,0.3824,0.3936,4
171,0.2254,0.3805,0.3941,4
172,0.22,0.4182,0.3618,4
173,0.2227,0.435,0.3423,4
174,0.2035,0.4602,0.3363,4
175,0.1858,0.4266,0.3876,4
176,0.1636,0.3793,0.4571,4
177,0.183,0.3272,0.4898,4
178,0.2215,0.2908,0.4877,4
179,0.2489,0.2804,0.4707,4
180,0.252,0.3338,0.4142,4
181,0.25,0.3803,0.3697,4
182,0.2306,0.4013,0.3681,4
183,0.195,0.4175,0.3875,4
184,0.1856,0.3677,0.4467,4
185,0.1936,0.3143,0.4921,4
186,0.2386,0.2891,0.4723,4
187,0.2844,0.3091,0.4065,4
188,0.2564,0.3963,0.3473,4
189,0.229,0.4453,0.3257,4
190,0.2065,0.4602,0.3333,4
191,0.1744,0.4292,0.3964,4
192,0.1961,0.3429,0.461,4
193,0.2122,0.288,0.4998,4
194,0.2431,0.2887,0.4682,4
195,0.2463,0.3405,0.4132,4
196,0.2292,0.3936,0.3772,4
197,0.2118,0.4276,0.3606,4
198,0.1845,0.428,0.3875,4
199,0.2073,0.3722,0.4205,4
200,0.2372,0.3503,0.4125,4
0,0.3351,0.3317,0.3332,5
1,0.4546,0.5039,0.0415,5
2,0.078,0.8186,0.1034,5
3,0.0122,0.733,0.2548,5
4,0.0272,0.5593,0.4135,5
5,0.0564,0.3785,0.5651,5
6,0.0959,0.2148,0.6893,5
7,0.1357,0.1164,0.7479,5
8,0.1614,0.1074,0.7312,5
9,0.2039,0.1239,0.6722,5
10,0.2419,0.1542,0.6039,5
11,0.2695,0.1931,0.5374,5
12,0.2879,0.23,0.4821,5
13,0.3019,0.2593,0.4388,5
14,0.3081,0.2617,0.4302,5
15,0.2764,0.2843,0.4393,5
16,0.2519,0.2943,0.4538,5
17,0.214,0.3215,0.4645,5
18,0.1799,0.3477,0.4724,5
19,0.1497,0.3531,0.4972,5
20,0.1395,0.3265,0.534,5
21,0.1614,0.2721,0.5665,5
22,0.1819,0.2584,0.5597,5
23,0.1987,0.2652,0.5361,5
24,0.19,0.2901,0.5199,5
25,0.1691,0.3263,0.5046,5
26,0.1847,0.3257,0.4896,5
27,0.2061,0.3352,0.4587,5
28,0.2274,0.3359,0.4367,5
29,0.2447,0.3787,0.3766,5
30,0.2384,0.4511,0.3105,5
31,0.2006,0.5217,0.2777,5
32,0.1515,0.5489,0.2996,5
33,0.1348,0.4899,0.3753,5
34,0.151,0.408,0.441,5
35,0.1915,0.344,0.4645,5
36,0.2226,0.3369,0.4405,5
37,0.2397,0.3489,0.4114,5
38,0.2193,0.3947,0.386,5
39,0.1757,0.4104,0.4139,5
40,0.1495,0.3907,0.4598,5
41,0.1451,0.3374,0.5175,5
42,0.1718,0.2701,0.5581,5
43,0.2107,0.2506,0.5387,5
44,0.249,0.2711,0.4799,5
45,0.2191,0.3414,0.4395,5
46,0.1857,0.38,0.4343,5
47,0.1776,0.3599,0.4625,5
48,0.1826,0.3396,0.4778,5
49,0.1898,0.3318,0.4784,5
50,0.2156,0.3259,0.4585,5
51,0.2538,0.3316,0.4146,5
52,0.2474,0.3907,0.3619,5
53,0.2076,0.4138,0.3786,5
54,0.193,0.3977,0.4093,5
55,0.1869,0.3592,0.4539,5
56,0.2099,0.2933,0.4968,5
57,0.245,0.2862,0.4688,5
58,0.277,0.3116,0.4114,5
59,0.2669,0.3807,0.3524,5
60,0.2404,0.4234,0.3362,5
61,0.2187,0.4277,0.3536,5
62,0.1969,0.3814,0.4217,5
63,0.2023,0.3333,0.4644,5
64,0.2498,0.2815,0.4687,5
65,0.2854,0.3007,0.4139,5
66,0.279,0.37,0.351,5
67,0.2444,0.4472,0.3084,5
68,0.2407,0.4491,0.3102,5
69,0.2181,0.4289,0.353,5
70,0.1862,0.4089,0.4049,5
71,0.1888,0.361,0.4502,5
72,0.2022,0.3413,0.4565,5
73,0.2255,0.322,0.4525,5
74,0.2173,0.3442,0.4385,5
75,0.2149,0.347,0.4381,5
76,0.1912,0.349,0.4598,5
77,0.2072,0.3235,0.4693,5
78,0.2198,0.3245,0.4557,5
79,0.2332,0.3389,0.4279,5
80,0.2414,0.3486,0.41,5
81,0.2387,0.3789,0.3824,5
82,0.2368,0.3956,0.3676,5
83,0.2058,0.4001,0.3941,5
84,0.1837,0.361,0.4553,5
85,0.1895,0.3022,0.5083,5
86,0.2039,0.2843,0.5118,5
87,0.2128,0.2868,0.5004,5
88,0.2061,0.2964,0.4975,5
89,0.1839,0.3117,0.5044,5
90,0.1878,0.3077,0.5045,5
91,0.2144,0.2981,0.4875,5
92,0.2417,0.3042,0.4541,5
93,0.2677,0.3363,0.396,5
94,0.2398,0.3957,0.3645,5
95,0.1929,0.4332,0.3739,5
96,0.1753,0.4021,0.4226,5
97,0.1933,0.3419,0.4648,5
98,0.2067,0.3236,0.4697,5
99,0.2083,0.3326,0.4591,5
100,0.2301,0.3149,0.455,5
101,0.2536,0.3271,0.4193,5
102,0.2475,0.3738,0.3787,5
103,0.2109,0.3977,0.3914,5
104,0.1946,0.3765,0.4289,5
105,0.209,0.3136,0.4774,5
106,0.2231,0.3076,0.4693,5
107,0.2275,0.3332,0.4393,5
108,0.2388,0.3479,0.4133,5
109,0.2238,0.3789,0.3973,5
110,0.2291,0.3869,0.384,5
111,0.2024,0.4092,0.3884,5
112,0.1956,0.393,0.4114,5
113,0.2126,0.3816,0.4058,5
114,0.2203,0.3891,0.3906,5
115,0.2195,0.4052,0.3753,5
116,0.1963,0.4219,0.3818,5
117,0.1869,0.3977,0.4154,5
118,0.1963,0.3703,0.4334,5
119,0.2138,0.3507,0.4355,5
120,0.2256,0.3593,0.4151,5
121,0.2165,0.4048,0.3787,5
122,0.1877,0.4233,0.389,5
123,0.1628,0.4082,0.429,5
124,0.1731,0.3515,0.4754,5
125,0.1989,0.317,0.4841,5
126,0.2026,0.3401,0.4573,5
127,0.2247,0.3358,0.4395,5
128,0.2371,0.3519,0.411,5
129,0.2332,0.3711,0.3957,5
130,0.2025,0.3919,0.4056,5
131,0.2012,0.3745,0.4243,5
132,0.2091,0.3331,0.4578,5
133,0.211,0.3223,0.4667,5
134,0.2296,0.3249,0.4455,5
135,0.2405,0.3309,0.4286,5
136,0.2617,0.3345,0.4038,5
137,0.269,0.3617,0.3693,5
138,0.2445,0.3868,0.3687,5
139,0.2308,0.3814,0.3878,5
140,0.2387,0.339,0.4223,5
141,0.2186,0.3472,0.4342,5
142,0.2294,0.3345,0.4361,5
143,0.255,0.3192,0.4258,5
144,0.2728,0.3351,0.3921,5
145,0.2418,0.3997,0.3585,5
146,0.2046,0.4276,0.3678,5
147,0.1888,0.3804,0.4308,5
148,0.18,0.3255,0.4945,5
149,0.2124,0.2907,0.4969,5
150,0.2321,0.3085,0.4594,5
151,0.2231,0.3527,0.4242,5
152,0.2289,0.3841,0.387,5
153,0.2094,0.4266,0.364,5
154,0.1899,0.411,0.3991,5
155,0.1828,0.3721,0.4451,5
156,0.1944,0.3388,0.4668,5
157,0.2029,0.3374,0.4597,5
158,0.2137,0.3432,0.4431,5
159,0.2336,0.3648,0.4016,5
160,0.2191,0.4204,0.3605,5
161,0.1824,0.4491,0.3685,5
162,0.1752,0.4412,0.3836,5
163,0.1851,0.403,0.4119,5
164,0.1894,0.3526,0.458,5
165,0.2231,0.2665,0.5104,5
166,0.238,0.2751,0.4869,5
167,0.283,0.2671,0.4499,5
168,0.3112,0.2857,0.4031,5
169,0.325,0.3202,0.3548,5
170,0.3193,0.3486,0.3321,5
171,0.2837,0.3525,0.3638,5
172,0.2782,0.3192,0.4026,5
173,0.2265,0.3502,0.4233,5
174,0.1892,0.3765,0.4343,5
175,0.2022,0.3614,0.4364,5
176,0.2021,0.3749,0.423,5
177,0.2001,0.4008,0.3991,5
178,0.1699,0.4321,0.398,5
179,0.1524,0.4474,0.4002,5
180,0.1606,0.4488,0.3906,5
181,0.16,0.4495,0.3905,5
182,0.1652,0.4265,0.4083,5
183,0.1732,0.3774,0.4494,5
184,0.1772,0.359,0.4638,5
185,0.178,0.3357,0.4863,5
186,0.1843,0.301,0.5147,5
187,0.1863,0.2885,0.5252,5
188,0.2159,0.2661,0.518,5
189,0.2213,0.2944,0.4843,5
190,0.261,0.3137,0.4253,5
191,0.2532,0.3571,0.3897,5
192,0.2222,0.4162,0.3616,5
193,0.1931,0.4401,0.3668,5
194,0.184,0.3944,0.4216,5
195,0.2315,0.3135,0.455,5
196,0.2518,0.2924,0.4558,5
197,0.2412,0.3502,0.4086,5
198,0.2649,0.3636,0.3715,5
199,0.2571,0.3779,0.365,5
200,0.2283,0.3938,0.3779,5
0,0.3364,0.3342,0.3294,6
1,0.4503,0.4829,0.0668,6
2,0.0875,0.7872,0.1253,6
3,0.0322,0.69,0.2778,6
4,0.0587,0.4882,0.4531,6
5,0.1062,0.2959,0.5979,6
6,0.1717,0.1744,0.6539,6
7,0.2361,0.1219,0.642,6
8,0.2901,0.1217,0.5882,6
9,0.3262,0.1682,0.5056,6
10,0.3454,0.2186,0.436,6
11,0.3613,0.2751,0.3636,6
12,0.3638,0.3286,0.3076,6
13,0.3261,0.391,0.2829,6
14,0.271,0.4293,0.2997,6
15,0.2233,0.4289,0.3478,6
16,0.1925,0.4429,0.3646,6
17,0.1758,0.4365,0.3877,6
18,0.1492,0.4238,0.427,6
19,0.1354,0.3782,0.4864,6
20,0.1279,0.3415,0.5306,6
21,0.1401,0.2911,0.5688,6
22,0.1638,0.2493,0.5869,6
23,0.1968,0.2383,0.5649,6
24,0.2074,0.303,0.4896,6
25,0.2105,0.3585,0.431,6
26,0.2137,0.3641,0.4222,6
27,0.2006,0.3838,0.4156,6
28,0.2032,0.3804,0.4164,6
29,0.2176,0.3611,0.4213,6
30,0.2219,0.355,0.4231,6
31,0.2498,0.3431,0.4071,6
32,0.2428,0.3827,0.3745,6
33,0.2342,0.4117,0.3541,6
34,0.2017,0.455,0.3433,6
35,0.1938,0.4553,0.3509,6
36,0.1847,0.4503,0.365,6
37,0.1915,0.4263,0.3822,6
38,0.2248,0.4139,0.3613,6
39,0.2418,0.4091,0.3491,6
40,0.244,0.4242,0.3318,6
41,0.2348,0.4281,0.3371,6
42,0.212,0.4218,0.3662,6
43,0.2021,0.3796,0.4183,6
44,0.2091,0.3113,0.4796,6
45,0.2231,0.2928,0.4841,6
46,0.2423,0.3147,0.443,6
47,0.2411,0.3584,0.4005,6
48,0.2209,0.3878,0.3913,6
49,0.2036,0.4125,0.3839,6
50,0.2121,0.3718,0.4161,6
51,0.2196,0.3609,0.4195,6
52,0.2137,0.3439,0.4424,6
53,0.2186,0.3232,0.4582,6
54,0.242,0.3333,0.4247,6
55,0.2412,0.3574,0.4014,6
56,0.2256,0.4118,0.3626,6
57,0.2068,0.4254,0.3678,6
58,0.1708,0.4424,0.3868,6
59,0.1676,0.4005,0.4319,6
60,0.1974,0.3394,0.4632,6
61,0.2449,0.3248,0.4303,6
62,0.2705,0.3374,0.3921,6
63,0.2779,0.3505,0.3716,6
64,0.2139,0.41,0.3761,6
65,0.1875,0.4051,0.4074,6
66,0.2035,0.346,0.4505,6
67,0.2075,0.3114,0.4811,6
68,0.2248,0.3276,0.4476,6
69,0.2499,0.3425,0.4076,6
70,0.2338,0.3905,0.3757,6
71,0.177,0.4318,0.3912,6
72,0.1615,0.4134,0.4251,6
73,0.1786,0.3612,0.4602,6
74,0.1863,0.2956,0.5181,6
75,0.2123,0.2659,0.5218,6
76,0.2344,0.2797,0.4859,6
77,0.2472,0.3095,0.4433,6
78,0.25,0.3405,0.4095,6
79,0.2256,0.3635,0.4109,6
80,0.2143,0.3742,0.4115,6
81,0.2001,0.373,0.4269,6
82,0.2095,0.3241,0.4664,6
83,0.1942,0.3483,0.4575,6
84,0.218,0.3407,0.4413,6
85,0.2481,0.3507,0.4012,6
86,0.2011,0.4383,0.3606,6
87,0.1901,0.4683,0.3416,6
88,0.187,0.4856,0.3274,6
89,0.1845,0.4748,0.3407,6
90,0.1757,0.4503,0.374,6
91,0.1845,0.4042,0.4113,6
92,0.2042,0.3522,0.4436,6
93,0.1872,0.3506,0.4622,6
94,0.1912,0.3451,0.4637,6
95,0.1919,0.355,0.4531,6
96,0.2115,0.3501,0.4384,6
97,0.2018,0.3901,0.4081,6
98,0.2007,0.3957,0.4036,6
99,0.205,0.3848,0.4102,6
100,0.1826,0.4107,0.4067,6
101,0.1833,0.4044,0.4123,6
102,0.1917,0.382,0.4263,6
103,0.1821,0.369,0.4489,6
104,0.2033,0.3412,0.4555,6
105,0.2259,0.3419,0.4322,6
106,0.2402,0.3757,0.3841,6
107,0.2156,0.4151,0.3693,6
108,0.2048,0.4246,0.3706,6
109,0.1734,0.4578,0.3688,6
110,0.1711,0.4455,0.3834,6
111,0.164,0.4278,0.4082,6
112,0.2098,0.3811,0.4091,6
113,0.2168,0.3962,0.387,6
114,0.2113,0.4227,0.366,6
115,0.1864,0.4537,0.3599,6
116,0.1936,0.3919,0.4145,6
117,0.1785,0.3522,0.4693,6
118,0.1934,0.3071,0.4995,6
119,0.2403,0.2756,0.4841,6
120,0.2589,0.3,0.4411,6
121,0.2633,0.3523,0.3844,6
122,0.2361,0.3977,0.3662,6
123,0.2034,0.4251,0.3715,6
124,0.2104,0.39,0.3996,6
125,0.2181,0.3682,0.4137,6
126,0.2139,0.3719,0.4142,6
127,0.2327,0.3455,0.4218,6
128,0.2444,0.3246,0.431,6
129,0.2401,0.3487,0.4112,6
130,0.2347,0.3694,0.3959,6
131,0.2385,0.3653,0.3962,6
132,0.2263,0.3649,0.4088,6
133,0.2165,0.3821,0.4014,6
134,0.2413,0.3457,0.413,6
135,0.237,0.3385,0.4245,6
136,0.2303,0.3459,0.4238,6
137,0.2374,0.3425,0.4201,6
138,0.262,0.3176,0.4204,6
139,0.2868,0.3038,0.4094,6
140,0.2894,0.3406,0.37,6
141,0.296,0.3649,0.3391,6
142,0.2922,0.3814,0.3264,6
143,0.2704,0.4039,0.3257,6
144,0.2317,0.415,0.3533,6
145,0.2154,0.4031,0.3815,6
146,0.2106,0.3855,0.4039,6
147,0.2151,0.3609,0.424,6
148,0.234,0.3366,0.4294,6
149,0.2439,0.3397,0.4164,6
150,0.2658,0.3618,0.3724,6
151,0.2478,0.3938,0.3584,6
152,0.2208,0.4053,0.3739,6
153,0.2057,0.3857,0.4086,6
154,0.2003,0.3537,0.446,6
155,0.2186,0.321,0.4604,6
156,0.2152,0.3207,0.4641,6
157,0.2081,0.3258,0.4661,6
158,0.2066,0.3521,0.4413,6
159,0.2264,0.3505,0.4231,6
160,0.1985,0.3942,0.4073,6
161,0.1805,0.3975,0.422,6
162,0.1701,0.3653,0.4646,6
163,0.1856,0.3376,0.4768,6
164,0.1856,0.3387,0.4757,6
165,0.1991,0.3235,0.4774,6
166,0.1837,0.3314,0.4849,6
167,0.2032,0.2781,0.5187,6
168,0.1898,0.2815,0.5287,6
169,0.1815,0.3002,0.5183,6
170,0.1875,0.2897,0.5228,6
171,0.19,0.2992,0.5108,6
172,0.1971,0.3075,0.4954,6
173,0.219,0.3138,0.4672,6
174,0.2096,0.3398,0.4506,6
175,0.2049,0.3592,0.4359,6
176,0.1866,0.3768,0.4366,6
177,0.1899,0.3594,0.4507,6
178,0.1979,0.34,0.4621,6
179,0.2126,0.3246,0.4628,6
180,0.2184,0.3256,0.456,6
181,0.2104,0.3507,0.4389,6
182,0.2005,0.3529,0.4466,6
183,0.218,0.35,0.432,6
184,0.2365,0.3561,0.4074,6
185,0.2222,0.382,0.3958,6
186,0.2314,0.3486,0.42,6
187,0.2373,0.3514,0.4113,6
188,0.2356,0.3607,0.4037,6
189,0.2272,0.3584,0.4144,6
190,0.2527,0.3277,0.4196,6
191,0.2438,0.3513,0.4049,6
192,0.216,0.4053,0.3787,6
193,0.2015,0.4105,0.388,6
194,0.1896,0.4224,0.388,6
195,0.1889,0.4272,0.3839,6
196,0.1858,0.4178,0.3964,6
197,0.189,0.3682,0.4428,6
198,0.1997,0.3309,0.4694,6
199,0.2196,0.3273,0.4531,6
200,0.2491,0.3277,0.4232,6
0,0.337,0.3335,0.3295,7
1,0.4339,0.5214,0.0447,7
2,0.0895,0.8038,0.1067,7
3,0.0129,0.6867,0.3004,7
4,0.0275,0.4411,0.5314,7
5,0.058,0.2543,0.6877,7
6,0.0921,0.1283,0.7796,7
7,0.1301,0.0769,0.793,7
8,0.1665,0.0784,0.7551,7
9,0.1928,0.1103,0.6969,7
10,0.1933,0.1788,0.6279,7
11,0.2004,0.2218,0.5778,7
12,0.2084,0.2625,0.5291,7
13,0.1933,0.279,0.5277,7
14,0.2079,0.2482,0.5439,7
15,0.254,0.2221,0.5239,7
16,0.2834,0.2508,0.4658,7
17,0.297,0.2912,0.4118,7
18,0.269,0.3636,0.3674,7
19,0.2333,0.3984,0.3683,7
20,0.2023,0.4138,0.3839,7
21,0.1753,0.3923,0.4324,7
22,0.1628,0.3547,0.4825,7
23,0.186,0.3012,0.5128,7
24,0.2186,0.2535,0.5279,7
25,0.2501,0.2495,0.5004,7
26,0.3163,0.244,0.4397,7
27,0.3378,0.2958,0.3664,7
28,0.34,0.3594,0.3006,7
29,0.3227,0.4038,0.2735,7
30,0.2753,0.4268,0.2979,7
31,0.2385,0.4181,0.3434,7
32,0.2086,0.3972,0.3942,7
33,0.2224,0.3577,0.4199,7
34,0.2498,0.3133,0.4369,7
35,0.2615,0.3195,0.419,7
36,0.2531,0.3565,0.3904,7
37,0.2487,0.3691,0.3822,7
38,0.2193,0.3781,0.4026,7
39,0.2216,0.3431,0.4353,7
40,0.2186,0.3057,0.4757,7
41,0.2052,0.3183,0.4765,7
42,0.2107,0.3382,0.4511,7
43,0.2273,0.3594,0.4133,7
44,0.2205,0.4291,0.3504,7
45,0.1688,0.5009,0.3303,7
46,0.1317,0.486,0.3823,7
47,0.1558,0.4034,0.4408,7
48,0.1857,0.337,0.4773,7
49,0.2288,0.3107,0.4605,7
50,0.2495,0.3122,0.4383,7
51,0.2615,0.3175,0.421,7
52,0.2742,0.3297,0.3961,7
53,0.265,0.3741,0.3609,7
54,0.2443,0.4122,0.3435,7
55,0.2278,0.4569,0.3153,7
56,0.2146,0.4874,0.298,7
57,0.1796,0.5094,0.311,7
58,0.1631,0.464,0.3729,7
59,0.1542,0.3937,0.4521,7
60,0.1682,0.3154,0.5164,7
61,0.1922,0.263,0.5448,7
62,0.2187,0.2655,0.5158,7
63,0.2013,0.328,0.4707,7
64,0.1991,0.3457,0.4552,7
65,0.2032,0.3411,0.4557,7
66,0.2118,0.3289,0.4593,7
67,0.2206,0.3324,0.447,7
68,0.1995,0.3511,0.4494,7
69,0.199,0.347,0.454,7
70,0.1991,0.3527,0.4482,7
71,0.2146,0.3603,0.4251,7
72,0.2225,0.3656,0.4119,7
73,0.2295,0.3473,0.4232,7
74,0.2446,0.3506,0.4048,7
75,0.2728,0.3257,0.4015,7
76,0.2765,0.2983,0.4252,7
77,0.2826,0.2639,0.4535,7
78,0.2831,0.2588,0.4581,7
79,0.2951,0.2622,0.4427,7
80,0.2939,0.2963,0.4098,7
81,0.302,0.315,0.383,7
82,0.2915,0.351,0.3575,7
83,0.2728,0.3693,0.3579,7
84,0.2111,0.3892,0.3997,7
85,0.1835,0.3501,0.4664,7
86,0.1863,0.3042,0.5095,7
87,0.2011,0.2938,0.5051,7
88,0.2222,0.299,0.4788,7
89,0.2236,0.3296,0.4468,7
90,0.1964,0.3787,0.4249,7
91,0.1821,0.3868,0.4311,7
92,0.1603,0.377,0.4627,7
93,0.1686,0.3128,0.5186,7
94,0.1985,0.2586,0.5429,7
95,0.2163,0.279,0.5047,7
96,0.2207,0.3198,0.4595,7
97,0.23,0.3604,0.4096,7
98,0.2304,0.3779,0.3917,7
99,0.2186,0.386,0.3954,7
100,0.2006,0.3763,0.4231,7
101,0.2296,0.3304,0.44,7
102,0.2403,0.327,0.4327,7
103,0.2433,0.353,0.4037,7
104,0.2502,0.3886,0.3612,7
105,0.2401,0.4087,0.3512,7
106,0.2045,0.3967,0.3988,7
107,0.209,0.3453,0.4457,7
108,0.2448,0.3016,0.4536,7
109,0.2647,0.319,0.4163,7
110,0.2703,0.3586,0.3711,7
111,0.2387,0.4165,0.3448,7
112,0.2238,0.4367,0.3395,7
113,0.1929,0.4325,0.3746,7
114,0.1954,0.3782,0.4264,7
115,0.1996,0.3186,0.4818,7
116,0.201,0.2973,0.5017,7
117,0.2199,0.3062,0.4739,7
118,0.2533,0.3183,0.4284,7
119,0.2339,0.3704,0.3957,7
120,0.2187,0.3957,0.3856,7
121,0.2044,0.3952,0.4004,7
122,0.1918,0.3772,0.431,7
123,0.2145,0.316,0.4695,7
124,0.2281,0.3148,0.4571,7
125,0.2346,0.3457,0.4197,7
126,0.2379,0.3537,0.4084,7
127,0.2325,0.3771,0.3904,7
128,0.2497,0.4033,0.347,7
129,0.2638,0.4069,0.3293,7
130,0.2121,0.4407,0.3472,7
131,0.1835,0.4112,0.4053,7
132,0.1828,0.3622,0.455,7
133,0.1936,0.3164,0.49,7
134,0.1975,0.3091,0.4934,7
135,0.2112,0.2891,0.4997,7
136,0.2023,0.3209,0.4768,7
137,0.2154,0.3364,0.4482,7
138,0.2019,0.3474,0.4507,7
139,0.2126,0.3252,0.4622,7
140,0.2472,0.3159,0.4369,7
141,0.2369,0.3816,0.3815,7
142,0.2187,0.4501,0.3312,7
143,0.2122,0.4785,0.3093,7
144,0.2078,0.4805,0.3117,7
145,0.1677,0.5311,0.3012,7
146,0.1413,0.5266,0.3321,7
147,0.1543,0.4498,0.3959,7
148,0.1734,0.3608,0.4658,7
149,0.1845,0.327,0.4885,7
150,0.2177,0.2931,0.4892,7
151,0.2439,0.2831,0.473,7
152,0.2361,0.3242,0.4397,7
153,0.2132,0.3632,0.4236,7
154,0.228,0.3597,0.4123,7
155,0.2226,0.3527,0.4247,7
156,0.2163,0.3476,0.4361,7
157,0.2213,0.3376,0.4411,7
158,0.2345,0.3421,0.4234,7
159,0.2218,0.3794,0.3988,7
160,0.1923,0.4174,0.3903,7
161,0.1654,0.4314,0.4032,7
162,0.1751,0.4111,0.4138,7
163,0.2097,0.3705,0.4198,7
164,0.2189,0.3698,0.4113,7
165,0.21,0.3866,0.4034,7
166,0.2043,0.3929,0.4028,7
167,0.1889,0.3769,0.4342,7
168,0.1771,0.37,0.4529,7
169,0.1862,0.3543,0.4595,7
170,0.1999,0.3604,0.4397,7
171,0.2261,0.361,0.4129,7
172,0.2176,0.4032,0.3792,7
173,0.207,0.4297,0.3633,7
174,0.2005,0.4105,0.389,7
175,0.1871,0.3948,0.4181,7
176,0.1893,0.3448,0.4659,7
177,0.2082,0.2988,0.493,7
178,0.2302,0.2843,0.4855,7
179,0.2498,0.3192,0.431,7
180,0.2449,0.3656,0.3895,7
181,0.2109,0.4164,0.3727,7
182,0.2081,0.3845,0.4074,7
183,0.2062,0.3671,0.4267,7
184,0.2183,0.3344,0.4473,7
185,0.2351,0.3342,0.4307,7
186,0.2519,0.3229,0.4252,7
187,0.2482,0.3522,0.3996,7
188,0.2334,0.4047,0.3619,7
189,0.2105,0.4016,0.3879,7
190,0.2027,0.3781,0.4192,7
191,0.2199,0.3478,0.4323,7
192,0.2262,0.325,0.4488,7
193,0.2281,0.3272,0.4447,7
194,0.2392,0.3401,0.4207,7
195,0.2605,0.3515,0.388,7
196,0.2501,0.4147,0.3352,7
197,0.2256,0.4223,0.3521,7
198,0.22,0.3906,0.3894,7
199,0.2146,0.3834,0.402,7
200,0.2235,0.3694,0.4071,7
0,0.3405,0.3206,0.3389,8
1,0.5147,0.4493,0.036,8
2,0.1139,0.8156,0.0705,8
3,0.0213,0.7711,0.2076,8
4,0.0141,0.5972,0.3887,8
5,0.031,0.3959,0.5731,8
6,0.0575,0.2254,0.7171,8
7,0.0911,0.1184,0.7905,8
8,0.1315,0.064,0.8045,8
9,0.178,0.0309,0.7911,8
10,0.2308,0.0089,0.7603,8
11,0.29,0.0,0.71,8
12,0.3556,0.0,0.6444,8
13,0.4276,0.0,0.5724,8
14,0.506,0.0,0.494,8
15,0.5692,0.0,0.4308,8
16,0.6236,0.0,0.3764,8
17,0.6776,0.0,0.3224,8
18,0.7313,0.0,0.2687,8
19,0.7847,0.0,0.2153,8
20,0.8379,0.0,0.1621,8
21,0.8911,0.0,0.1089,8
22,0.9398,0.0,0.0602,8
23,0.9674,0.0,0.0326,8
24,0.985,0.0,0.015,8
25,0.9962,0.0,0.0038,8
26,1.0,0.0,0.0,8
27,1.0,0.0,0.0,8
28,1.0,0.0,0.0,8
29,1.0,0.0,0.0,8
30,1.0,0.0,0.0,8
31,1.0,0.0,0.0,8
32,1.0,0.0,0.0,8
33,1.0,0.0,0.0,8
34,1.0,0.0,0.0,8
35,1.0,0.0,0.0,8
36,1.0,0.0,0.0,8
37,1.0,0.0,0.0,8
38,1.0,0.0,0.0,8
39,1.0,0.0,0.0,8
40,1.0,0.0,0.0,8
41,1.0,0.0,0.0,8
42,1.0,0.0,0.0,8
43,1.0,0.0,0.0,8
44,1.0,0.0,0.0,8
45,1.0,0.0,0.0,8
46,1.0,0.0,0.0,8
47,1.0,0.0,0.0,8
48,1.0,0.0,0.0,8
49,1.0,0.0,0.0,8
50,1.0,0.0,0.0,8
51,1.0,0.0,0.0,8
52,1.0,0.0,0.0,8
53,1.0,0.0,0.0,8
54,1.0,0.0,0.0,8
55,1.0,0.0,0.0,8
56,1.0,0.0,0.0,8
57,1.0,0.0,0.0,8
58,1.0,0.0,0.0,8
59,1.0,0.0,0.0,8
60,1.0,0.0,0.0,8
61,1.0,0.0,0.0,8
62,1.0,0.0,0.0,8
63,1.0,0.0,0.0,8
64,1.0,0.0,0.0,8
65,1.0,0.0,0.0,8
66,1.0,0.0,0.0,8
67,1.0,0.0,0.0,8
68,1.0,0.0,0.0,8
69,1.0,0.0,0.0,8
70,1.0,0.0,0.0,8
71,1.0,0.0,0.0,8
72,1.0,0.0,0.0,8
73,1.0,0.0,0.0,8
74,1.0,0.0,0.0,8
75,1.0,0.0,0.0,8
76,1.0,0.0,0.0,8
77,1.0,0.0,0.0,8
78,1.0,0.0,0.0,8
79,1.0,0.0,0.0,8
80,1.0,0.0,0.0,8
81,1.0,0.0,0.0,8
82,1.0,0.0,0.0,8
83,1.0,0.0,0.0,8
84,1.0,0.0,0.0,8
85,1.0,0.0,0.0,8
86,1.0,0.0,0.0,8
87,1.0,0.0,0.0,8
88,1.0,0.0,0.0,8
89,1.0,0.0,0.0,8
90,1.0,0.0,0.0,8
91,1.0,0.0,0.0,8
92,1.0,0.0,0.0,8
93,1.0,0.0,0.0,8
94,1.0,0.0,0.0,8
95,1.0,0.0,0.0,8
96,1.0,0.0,0.0,8
97,1.0,0.0,0.0,8
98,1.0,0.0,0.0,8
99,1.0,0.0,0.0,8
100,1.0,0.0,0.0,8
101,1.0,0.0,0.0,8
102,1.0,0.0,0.0,8
103,1.0,0.0,0.0,8
104,1.0,0.0,0.0,8
105,1.0,0.0,0.0,8
106,1.0,0.0,0.0,8
107,1.0,0.0,0.0,8
108,1.0,0.0,0.0,8
109,1.0,0.0,0.0,8
110,1.0,0.0,0.0,8
111,1.0,0.0,0.0,8
112,1.0,0.0,0.0,8
113,1.0,0.0,0.0,8
114,1.0,0.0,0.0,8
115,1.0,0.0,0.0,8
116,1.0,0.0,0.0,8
117,1.0,0.0,0.0,8
118,1.0,0.0,0.0,8
119,1.0,0.0,0.0,8
120,1.0,0.0,0.0,8
121,1.0,0.0,0.0,8
122,1.0,0.0,0.0,8
123,1.0,0.0,0.0,8
124,1.0,0.0,0.0,8
125,1.0,0.0,0.0,8
126,1.0,0.0,0.0,8
127,1.0,0.0,0.0,8
128,1.0,0.0,0.0,8
129,1.0,0.0,0.0,8
130,1.0,0.0,0.0,8
131,1.0,0.0,0.0,8
132,1.0,0.0,0.0,8
133,1.0,0.0,0.0,8
134,1.0,0.0,0.0,8
135,1.0,0.0,0.0,8
136,1.0,0.0,0.0,8
137,1.0,0.0,0.0,8
138,1.0,0.0,0.0,8
139,1.0,0.0,0.0,8
140,1.0,0.0,0.0,8
141,1.0,0.0,0.0,8
142,1.0,0.0,0.0,8
143,1.0,0.0,0.0,8
144,1.0,0.0,0.0,8
145,1.0,0.0,0.0,8
146,1.0,0.0,0.0,8
147,1.0,0.0,0.0,8
148,1.0,0.0,0.0,8
149,1.0,0.0,0.0,8
150,1.0,0.0,0.0,8
151,1.0,0.0,0.0,8
152,1.0,0.0,0.0,8
153,1.0,0.0,0.0,8
154,1.0,0.0,0.0,8
155,1.0,0.0,0.0,8
156,1.0,0.0,0.0,8
157,1.0,0.0,0.0,8
158,1.0,0.0,0.0,8
159,1.0,0.0,0.0,8
160,1.0,0.0,0.0,8
161,1.0,0.0,0.0,8
162,1.0,0.0,0.0,8
163,1.0,0.0,0.0,8
164,1.0,0.0,0.0,8
165,1.0,0.0,0.0,8
166,1.0,0.0,0.0,8
167,1.0,0.0,0.0,8
168,1.0,0.0,0.0,8
169,1.0,0.0,0.0,8
170,1.0,0.0,0.0,8
171,1.0,0.0,0.0,8
172,1.0,0.0,0.0,8
173,1.0,0.0,0.0,8
174,1.0,0.0,0.0,8
175,1.0,0.0,0.0,8
176,1.0,0.0,0.0,8
177,1.0,0.0,0.0,8
178,1.0,0.0,0.0,8
179,1.0,0.0,0.0,8
180,1.0,0.0,0.0,8
181,1.0,0.0,0.0,8
182,1.0,0.0,0.0,8
183,1.0,0.0,0.0,8
184,1.0,0.0,0.0,8
185,1.0,0.0,0.0,8
186,1.0,0.0,0.0,8
187,1.0,0.0,0.0,8
188,1.0,0.0,0.0,8
189,1.0,0.0,0.0,8
190,1.0,0.0,0.0,8
191,1.0,0.0,0.0,8
192,1.0,0.0,0.0,8
193,1.0,0.0,0.0,8
194,1.0,0.0,0.0,8
195,1.0,0.0,0.0,8
196,1.0,0.0,0.0,8
197,1.0,0.0,0.0,8
198,1.0,0.0,0.0,8
199,1.0,0.0,0.0,8
200,1.0,0.0,0.0,8
0,0.3349,0.3378,0.3273,9
1,0.4301,0.5092,0.0607,9
2,0.0832,0.7807,0.1361,9
3,0.0258,0.6178,0.3564,9
4,0.0432,0.3649,0.5919,9
5,0.0872,0.1552,0.7576,9
6,0.129,0.0701,0.8009,9
7,0.1783,0.069,0.7527,9
8,0.2201,0.1162,0.6637,9
9,0.2465,0.1821,0.5714,9
10,0.239,0.2681,0.4929,9
11,0.2344,0.3305,0.4351,9
12,0.2414,0.3665,0.3921,9
13,0.2314,0.4079,0.3607,9
14,0.2313,0.4405,0.3282,9
15,0.2017,0.4952,0.3031,9
16,0.1641,0.5304,0.3055,9
17,0.1354,0.5351,0.3295,9
18,0.1217,0.4908,0.3875,9
19,0.1305,0.4268,0.4427,9
20,0.1652,0.3596,0.4752,9
21,0.193,0.325,0.482,9
22,0.1813,0.3328,0.4859,9
23,0.1954,0.3362,0.4684,9
24,0.2014,0.3691,0.4295,9
25,0.1948,0.3982,0.407,9
26,0.1973,0.4105,0.3922,9
27,0.2107,0.4134,0.3759,9
28,0.2191,0.3946,0.3863,9
29,0.2062,0.3925,0.4013,9
30,0.1865,0.3838,0.4297,9
31,0.1951,0.34,0.4649,9
32,0.2128,0.3328,0.4544,9
33,0.2288,0.3641,0.4071,9
34,0.2168,0.4096,0.3736,9
35,0.2016,0.4454,0.353,9
36,0.1732,0.4453,0.3815,9
37,0.1576,0.3877,0.4547,9
