Generation,O,Y,B,sim
0,0.3348,0.3358,0.3294,1
1,0.0737,0.7376,0.1887,1
2,0.0025,0.3905,0.607,1
3,0.0069,0.0986,0.8945,1
4,0.0134,0.0327,0.9539,1
5,0.0188,0.0378,0.9434,1
6,0.0216,0.0397,0.9387,1
7,0.0217,0.0392,0.9391,1
8,0.0208,0.043,0.9362,1
9,0.0196,0.048,0.9324,1
10,0.0188,0.0563,0.9249,1
11,0.0173,0.0554,0.9273,1
12,0.0183,0.0506,0.9311,1
13,0.0203,0.0538,0.9259,1
14,0.0221,0.0591,0.9188,1
15,0.0225,0.0638,0.9137,1
16,0.0242,0.0684,0.9074,1
17,0.0266,0.0731,0.9003,1
18,0.0287,0.08,0.8913,1
19,0.0293,0.0854,0.8853,1
20,0.0321,0.0939,0.874,1
21,0.0335,0.1,0.8665,1
22,0.0361,0.1039,0.86,1
23,0.04,0.1098,0.8502,1
24,0.0395,0.1159,0.8446,1
25,0.0403,0.1178,0.8419,1
26,0.0433,0.1127,0.844,1
27,0.0473,0.1197,0.833,1
28,0.047,0.1336,0.8194,1
29,0.0474,0.1373,0.8153,1
30,0.0538,0.1427,0.8035,1
31,0.0611,0.1468,0.7921,1
32,0.0681,0.1639,0.768,1
33,0.0722,0.1759,0.7519,1
34,0.0799,0.1833,0.7368,1
35,0.0889,0.1917,0.7194,1
36,0.0926,0.2044,0.703,1
37,0.0964,0.2118,0.6918,1
38,0.0928,0.2191,0.6881,1
39,0.0954,0.2151,0.6895,1
40,0.1008,0.2058,0.6934,1
41,0.0978,0.2282,0.674,1
42,0.0943,0.2351,0.6706,1
43,0.0911,0.2315,0.6774,1
44,0.0875,0.2265,0.686,1
45,0.0859,0.21,0.7041,1
46,0.0874,0.1956,0.717,1
47,0.0892,0.2027,0.7081,1
48,0.0875,0.2283,0.6842,1
49,0.0819,0.2262,0.6919,1
50,0.081,0.2187,0.7003,1
51,0.0903,0.2145,0.6952,1
52,0.0938,0.2226,0.6836,1
53,0.0897,0.2429,0.6674,1
54,0.0774,0.2487,0.6739,1
55,0.0662,0.2373,0.6965,1
56,0.0664,0.2086,0.725,1
57,0.0757,0.1903,0.734,1
58,0.0823,0.1976,0.7201,1
59,0.0832,0.2139,0.7029,1
60,0.0819,0.2188,0.6993,1
61,0.0794,0.2202,0.7004,1
62,0.0758,0.2139,0.7103,1
63,0.0796,0.204,0.7164,1
64,0.0922,0.2109,0.6969,1
65,0.0953,0.2332,0.6715,1
66,0.0942,0.2432,0.6626,1
67,0.0934,0.2373,0.6693,1
68,0.0952,0.2428,0.662,1
69,0.092,0.2515,0.6565,1
70,0.0851,0.2439,0.671,1
71,0.0832,0.2263,0.6905,1
72,0.0833,0.2338,0.6829,1
73,0.0853,0.2415,0.6732,1
74,0.0856,0.2489,0.6655,1
75,0.0843,0.2447,0.671,1
76,0.0839,0.2349,0.6812,1
77,0.0811,0.2333,0.6856,1
78,0.0801,0.2336,0.6863,1
79,0.079,0.219,0.702,1
80,0.0783,0.218,0.7037,1
81,0.0802,0.2057,0.7141,1
82,0.0852,0.2043,0.7105,1
83,0.0844,0.2185,0.6971,1
84,0.0826,0.2207,0.6967,1
85,0.0857,0.2195,0.6948,1
86,0.0868,0.2296,0.6836,1
87,0.0822,0.249,0.6688,1
88,0.0781,0.2491,0.6728,1
89,0.0841,0.2356,0.6803,1
90,0.0863,0.2396,0.6741,1
91,0.0782,0.2621,0.6597,1
92,0.0796,0.2499,0.6705,1
93,0.0813,0.2394,0.6793,1
94,0.0857,0.2445,0.6698,1
95,0.0934,0.2425,0.6641,1
96,0.0866,0.2562,0.6572,1
97,0.0812,0.2439,0.6749,1
98,0.0861,0.2268,0.6871,1
99,0.0937,0.2145,0.6918,1
100,0.1003,0.2195,0.6802,1
101,0.1048,0.232,0.6632,1
102,0.1026,0.2497,0.6477,1
103,0.0989,0.2438,0.6573,1
104,0.0999,0.2336,0.6665,1
105,0.1023,0.2451,0.6526,1
106,0.1017,0.2552,0.6431,1
107,0.0969,0.2585,0.6446,1
108,0.0924,0.2528,0.6548,1
109,0.0888,0.2595,0.6517,1
110,0.0857,0.2653,0.649,1
111,0.0823,0.2573,0.6604,1
112,0.0792,0.2398,0.681,1
113,0.08,0.221,0.699,1
114,0.0859,0.2097,0.7044,1
115,0.0943,0.2088,0.6969,1
116,0.1004,0.2229,0.6767,1
117,0.0989,0.2412,0.6599,1
118,0.089,0.2606,0.6504,1
119,0.0821,0.2431,0.6748,1
120,0.085,0.2319,0.6831,1
121,0.0924,0.2248,0.6828,1
122,0.0973,0.2459,0.6568,1
123,0.095,0.2573,0.6477,1
124,0.0964,0.264,0.6396,1
125,0.0898,0.2596,0.6506,1
126,0.0931,0.2428,0.6641,1
127,0.0992,0.2429,0.6579,1
128,0.1007,0.243,0.6563,1
129,0.1005,0.245,0.6545,1
130,0.1046,0.2358,0.6596,1
131,0.1071,0.2415,0.6514,1
132,0.1043,0.263,0.6327,1
133,0.0981,0.2665,0.6354,1
134,0.1,0.2518,0.6482,1
135,0.1015,0.2599,0.6386,1
136,0.1047,0.2606,0.6347,1
137,0.1052,0.2676,0.6272,1
138,0.1027,0.273,0.6243,1
139,0.1001,0.2633,0.6366,1
140,0.1052,0.2437,0.6511,1
141,0.1132,0.2445,0.6423,1
142,0.1117,0.2672,0.6211,1
143,0.1038,0.2744,0.6218,1
144,0.0977,0.2546,0.6477,1
145,0.1007,0.239,0.6603,1
146,0.1015,0.2387,0.6598,1
147,0.0935,0.2565,0.65,1
148,0.0828,0.2509,0.6663,1
149,0.0821,0.2457,0.6722,1
150,0.0815,0.2409,0.6776,1
151,0.0817,0.2356,0.6827,1
152,0.0857,0.2521,0.6622,1
153,0.0841,0.2467,0.6692,1
154,0.0838,0.2374,0.6788,1
155,0.0888,0.2338,0.6774,1
156,0.0861,0.2364,0.6775,1
157,0.0853,0.2279,0.6868,1
158,0.0845,0.2242,0.6913,1
159,0.0885,0.2267,0.6848,1
160,0.0865,0.239,0.6745,1
161,0.0883,0.2325,0.6792,1
162,0.0936,0.2377,0.6687,1
163,0.096,0.2421,0.6619,1
164,0.1,0.2284,0.6716,1
165,0.0989,0.2432,0.6579,1
166,0.0916,0.252,0.6564,1
167,0.0877,0.2324,0.6799,1
168,0.0903,0.213,0.6967,1
169,0.0944,0.2145,0.6911,1
170,0.0903,0.229,0.6807,1
171,0.0868,0.2363,0.6769,1
172,0.0868,0.2508,0.6624,1
173,0.0883,0.2464,0.6653,1
174,0.0897,0.2416,0.6687,1
175,0.0815,0.2461,0.6724,1
176,0.084,0.2338,0.6822,1
177,0.089,0.2245,0.6865,1
178,0.0909,0.2288,0.6803,1
179,0.0892,0.2257,0.6851,1
180,0.0907,0.2267,0.6826,1
181,0.0934,0.2312,0.6754,1
182,0.0963,0.2315,0.6722,1
183,0.0959,0.2444,0.6597,1
184,0.0938,0.2395,0.6667,1
185,0.0884,0.2403,0.6713,1
186,0.0842,0.2301,0.6857,1
187,0.0829,0.213,0.7041,1
188,0.0842,0.2183,0.6975,1
189,0.0865,0.2168,0.6967,1
190,0.0869,0.2238,0.6893,1
191,0.0845,0.2341,0.6814,1
192,0.0837,0.2254,0.6909,1
193,0.0837,0.2268,0.6895,1
194,0.0863,0.2284,0.6853,1
195,0.0856,0.2341,0.6803,1
196,0.0909,0.2382,0.6709,1
197,0.0917,0.2474,0.6609,1
198,0.0967,0.2577,0.6456,1
199,0.0965,0.2429,0.6606,1
200,0.0954,0.2452,0.6594,1
0,0.3368,0.3332,0.33,2
1,0.0661,0.7317,0.2022,2
2,0.0022,0.3609,0.6369,2
3,0.0074,0.0905,0.9021,2
4,0.0185,0.0363,0.9452,2
5,0.032,0.0371,0.9309,2
6,0.043,0.0363,0.9207,2
7,0.052,0.0391,0.9089,2
8,0.0604,0.045,0.8946,2
9,0.0714,0.047,0.8816,2
10,0.0851,0.0476,0.8673,2
11,0.1023,0.0526,0.8451,2
12,0.1152,0.0698,0.815,2
13,0.1269,0.0827,0.7904,2
14,0.1407,0.089,0.7703,2
15,0.1563,0.0896,0.7541,2
16,0.1712,0.0934,0.7354,2
17,0.1861,0.096,0.7179,2
18,0.1944,0.1092,0.6964,2
19,0.1984,0.1208,0.6808,2
20,0.201,0.1279,0.6711,2
21,0.2017,0.1408,0.6575,2
22,0.2023,0.1499,0.6478,2
23,0.1942,0.1575,0.6483,2
24,0.1845,0.1672,0.6483,2
25,0.1743,0.1757,0.65,2
26,0.1645,0.1772,0.6583,2
27,0.1577,0.1731,0.6692,2
28,0.149,0.1775,0.6735,2
29,0.1423,0.1775,0.6802,2
30,0.1332,0.177,0.6898,2
31,0.1236,0.1728,0.7036,2
32,0.1176,0.1741,0.7083,2
33,0.1148,0.1656,0.7196,2
34,0.1097,0.1711,0.7192,2
35,0.1006,0.1834,0.716,2
36,0.0853,0.1923,0.7224,2
37,0.0744,0.178,0.7476,2
38,0.0696,0.1672,0.7632,2
39,0.0629,0.1607,0.7764,2
40,0.0612,0.1591,0.7797,2
41,0.0606,0.1641,0.7753,2
42,0.0631,0.164,0.7729,2
43,0.0668,0.1673,0.7659,2
44,0.0704,0.1722,0.7574,2
45,0.0752,0.1621,0.7627,2
46,0.0802,0.1687,0.7511,2
47,0.0842,0.1737,0.7421,2
48,0.089,0.179,0.732,2
49,0.0908,0.1919,0.7173,2
50,0.0884,0.2079,0.7037,2
51,0.0855,0.2091,0.7054,2
52,0.0844,0.2203,0.6953,2
53,0.0875,0.2249,0.6876,2
54,0.0892,0.2186,0.6922,2
55,0.0905,0.211,0.6985,2
56,0.0926,0.2196,0.6878,2
57,0.089,0.2245,0.6865,2
58,0.0841,0.2334,0.6825,2
59,0.0829,0.2297,0.6874,2
60,0.0803,0.2294,0.6903,2
61,0.0789,0.2225,0.6986,2
62,0.0783,0.2243,0.6974,2
63,0.0719,0.2366,0.6915,2
64,0.0665,0.2284,0.7051,2
65,0.0686,0.2104,0.721,2
66,0.0749,0.2037,0.7214,2
67,0.0809,0.1982,0.7209,2
68,0.0856,0.2098,0.7046,2
69,0.0903,0.217,0.6927,2
70,0.0886,0.2277,0.6837,2
71,0.0915,0.2319,0.6766,2
72,0.0931,0.2431,0.6638,2
73,0.0877,0.2489,0.6634,2
74,0.085,0.2504,0.6646,2
75,0.0859,0.2485,0.6656,2
76,0.0816,0.2508,0.6676,2
77,0.0834,0.2414,0.6752,2
78,0.0791,0.2418,0.6791,2
79,0.076,0.2374,0.6866,2
80,0.0747,0.2316,0.6937,2
81,0.0758,0.2057,0.7185,2
82,0.0815,0.2007,0.7178,2
83,0.089,0.2077,0.7033,2
84,0.0987,0.233,0.6683,2
85,0.0963,0.2419,0.6618,2
86,0.0913,0.2407,0.668,2
87,0.0992,0.2284,0.6724,2
88,0.1067,0.2397,0.6536,2
89,0.1048,0.2619,0.6333,2
90,0.0981,0.262,0.6399,2
91,0.0993,0.2447,0.656,2
92,0.103,0.2448,0.6522,2
93,0.0919,0.2662,0.6419,2
94,0.0851,0.257,0.6579,2
95,0.0863,0.2438,0.6699,2
96,0.0802,0.2394,0.6804,2
97,0.0766,0.2426,0.6808,2
98,0.0758,0.2315,0.6927,2
99,0.0776,0.2273,0.6951,2
100,0.0785,0.2265,0.695,2
101,0.0781,0.2236,0.6983,2
102,0.0816,0.2167,0.7017,2
103,0.0793,0.2243,0.6964,2
104,0.0808,0.2156,0.7036,2
105,0.0884,0.2202,0.6914,2
106,0.0867,0.2373,0.676,2
107,0.0857,0.2388,0.6755,2
108,0.0839,0.2385,0.6776,2
109,0.0829,0.243,0.6741,2
110,0.081,0.241,0.678,2
111,0.0811,0.2358,0.6831,2
112,0.0764,0.2268,0.6968,2
113,0.073,0.2293,0.6977,2
114,0.0729,0.2128,0.7143,2
115,0.0766,0.207,0.7164,2
116,0.0791,0.2042,0.7167,2
117,0.0798,0.2124,0.7078,2
118,0.0813,0.2141,0.7046,2
119,0.0846,0.2228,0.6926,2
120,0.0903,0.2396,0.6701,2
121,0.0921,0.2579,0.65,2
122,0.0808,0.2538,0.6654,2
123,0.0738,0.2462,0.68,2
124,0.0691,0.2352,0.6957,2
125,0.0718,0.2156,0.7126,2
126,0.0779,0.2028,0.7193,2
127,0.0832,0.2009,0.7159,2
128,0.0846,0.2006,0.7148,2
129,0.0894,0.2055,0.7051,2
130,0.096,0.2218,0.6822,2
131,0.0955,0.2325,0.672,2
132,0.0999,0.2338,0.6663,2
133,0.1066,0.2349,0.6585,2
134,0.1147,0.2402,0.6451,2
135,0.1048,0.2673,0.6279,2
136,0.0962,0.2859,0.6179,2
137,0.087,0.273,0.64,2
138,0.0837,0.2493,0.667,2
139,0.09,0.2372,0.6728,2
140,0.0897,0.2247,0.6856,2
141,0.0874,0.2234,0.6892,2
142,0.0933,0.2102,0.6965,2
143,0.1026,0.2237,0.6737,2
144,0.0982,0.242,0.6598,2
145,0.0892,0.268,0.6428,2
146,0.0783,0.2531,0.6686,2
147,0.076,0.2253,0.6987,2
148,0.0828,0.212,0.7052,2
149,0.0813,0.2332,0.6855,2
150,0.0749,0.2234,0.7017,2
151,0.0735,0.2212,0.7053,2
152,0.0784,0.2094,0.7122,2
153,0.0801,0.2077,0.7122,2
154,0.086,0.2173,0.6967,2
155,0.0862,0.2219,0.6919,2
156,0.0808,0.2285,0.6907,2
157,0.0774,0.2163,0.7063,2
158,0.0835,0.2116,0.7049,2
159,0.0911,0.2136,0.6953,2
160,0.0955,0.2251,0.6794,2
161,0.0974,0.2336,0.669,2
162,0.0924,0.2485,0.6591,2
163,0.0882,0.2534,0.6584,2
164,0.0876,0.2397,0.6727,2
165,0.0909,0.2193,0.6898,2
166,0.0945,0.211,0.6945,2
167,0.0987,0.2288,0.6725,2
168,0.0937,0.2512,0.6551,2
169,0.0873,0.2409,0.6718,2
170,0.0892,0.2281,0.6827,2
171,0.0951,0.2271,0.6778,2
172,0.099,0.2208,0.6802,2
173,0.0983,0.2275,0.6742,2
174,0.0988,0.2241,0.6771,2
175,0.0974,0.2207,0.6819,2
176,0.0979,0.2252,0.6769,2
177,0.1009,0.2262,0.6729,2
178,0.0997,0.2312,0.6691,2
179,0.0941,0.2285,0.6774,2
180,0.0888,0.2243,0.6869,2
181,0.0861,0.2293,0.6846,2
182,0.0845,0.2267,0.6888,2
183,0.0812,0.2264,0.6924,2
184,0.086,0.2279,0.6861,2
185,0.0912,0.2254,0.6834,2
186,0.1006,0.2244,0.675,2
187,0.1098,0.2354,0.6548,2
188,0.1123,0.2394,0.6483,2
189,0.1129,0.2395,0.6476,2
190,0.1126,0.2374,0.65,2
191,0.1102,0.2369,0.6529,2
192,0.1014,0.2479,0.6507,2
193,0.0961,0.2422,0.6617,2
194,0.095,0.2376,0.6674,2
195,0.0915,0.2363,0.6722,2
196,0.0929,0.2193,0.6878,2
197,0.0927,0.2165,0.6908,2
198,0.0902,0.2266,0.6832,2
199,0.0881,0.2296,0.6823,2
200,0.0834,0.2439,0.6727,2
0,0.3402,0.3357,0.3241,3
1,0.0696,0.731,0.1994,3
2,0.0025,0.3696,0.6279,3
3,0.0022,0.0908,0.907,3
4,0.0047,0.0383,0.957,3
5,0.0071,0.0347,0.9582,3
6,0.0094,0.0247,0.9659,3
7,0.0106,0.022,0.9674,3
8,0.0111,0.0235,0.9654,3
9,0.0104,0.0286,0.961,3
10,0.0109,0.0319,0.9572,3
11,0.0121,0.0329,0.955,3
12,0.0141,0.0361,0.9498,3
13,0.0146,0.0415,0.9439,3
14,0.0142,0.0524,0.9334,3
15,0.0138,0.0568,0.9294,3
16,0.0143,0.058,0.9277,3
17,0.0165,0.0564,0.9271,3
18,0.0187,0.0591,0.9222,3
19,0.021,0.0669,0.9121,3
20,0.0217,0.0706,0.9077,3
21,0.0232,0.0783,0.8985,3
22,0.0251,0.084,0.8909,3
23,0.0275,0.0894,0.8831,3
24,0.0305,0.0942,0.8753,3
25,0.0336,0.096,0.8704,3
26,0.0391,0.1022,0.8587,3
27,0.0435,0.1156,0.8409,3
28,0.0441,0.1332,0.8227,3
29,0.0423,0.1441,0.8136,3
30,0.0434,0.1448,0.8118,3
31,0.0449,0.1476,0.8075,3
32,0.0445,0.1596,0.7959,3
33,0.0462,0.1596,0.7942,3
34,0.0489,0.1574,0.7937,3
35,0.0527,0.1668,0.7805,3
36,0.0551,0.1811,0.7638,3
37,0.0534,0.1937,0.7529,3
38,0.0501,0.1935,0.7564,3
39,0.0495,0.19,0.7605,3
40,0.0544,0.1854,0.7602,3
41,0.0597,0.1896,0.7507,3
42,0.0649,0.202,0.7331,3
43,0.0708,0.205,0.7242,3
44,0.0768,0.2144,0.7088,3
45,0.0843,0.2314,0.6843,3
46,0.0872,0.2405,0.6723,3
47,0.0901,0.2374,0.6725,3
48,0.094,0.2471,0.6589,3
49,0.0942,0.2581,0.6477,3
50,0.0926,0.2593,0.6481,3
51,0.0849,0.2672,0.6479,3
52,0.0878,0.2595,0.6527,3
53,0.0887,0.2622,0.6491,3
54,0.0879,0.2557,0.6564,3
55,0.0924,0.2472,0.6604,3
56,0.0973,0.2404,0.6623,3
57,0.1039,0.2321,0.664,3
58,0.1105,0.231,0.6585,3
59,0.1112,0.2342,0.6546,3
60,0.1065,0.2407,0.6528,3
61,0.1016,0.243,0.6554,3
62,0.1013,0.2446,0.6541,3
63,0.1044,0.256,0.6396,3
64,0.1054,0.2595,0.6351,3
65,0.1018,0.2678,0.6304,3
66,0.0957,0.2493,0.655,3
67,0.088,0.2325,0.6795,3
68,0.0833,0.2253,0.6914,3
69,0.0839,0.2017,0.7144,3
70,0.0892,0.1954,0.7154,3
71,0.0902,0.2169,0.6929,3
72,0.0864,0.2274,0.6862,3
73,0.079,0.2355,0.6855,3
74,0.0742,0.23,0.6958,3
75,0.0809,0.2274,0.6917,3
76,0.0794,0.2197,0.7009,3
77,0.0769,0.2241,0.699,3
78,0.0751,0.2119,0.713,3
79,0.0796,0.207,0.7134,3
80,0.0804,0.2081,0.7115,3
81,0.0861,0.2045,0.7094,3
82,0.0937,0.2132,0.6931,3
83,0.0926,0.2291,0.6783,3
84,0.0875,0.2275,0.685,3
85,0.0846,0.2307,0.6847,3
86,0.0829,0.2288,0.6883,3
87,0.083,0.2198,0.6972,3
88,0.0837,0.2184,0.6979,3
89,0.0882,0.2185,0.6933,3
90,0.0896,0.2371,0.6733,3
91,0.086,0.238,0.676,3
92,0.0869,0.226,0.6871,3
93,0.0874,0.2213,0.6913,3
94,0.0813,0.2239,0.6948,3
95,0.0823,0.2186,0.6991,3
96,0.0781,0.2094,0.7125,3
97,0.0793,0.2032,0.7175,3
98,0.0779,0.216,0.7061,3
99,0.0807,0.2223,0.697,3
100,0.0849,0.2226,0.6925,3
101,0.0899,0.2301,0.68,3
102,0.0947,0.2396,0.6657,3
103,0.096,0.2508,0.6532,3
104,0.0934,0.2585,0.6481,3
105,0.0885,0.2559,0.6556,3
106,0.0821,0.2497,0.6682,3
107,0.0839,0.2361,0.68,3
108,0.0896,0.2365,0.6739,3
109,0.0868,0.2412,0.672,3
110,0.0837,0.239,0.6773,3
111,0.0803,0.2427,0.677,3
112,0.0805,0.2379,0.6816,3
113,0.0845,0.2269,0.6886,3
114,0.092,0.2306,0.6774,3
115,0.0929,0.2395,0.6676,3
116,0.0927,0.2402,0.6671,3
117,0.0961,0.2259,0.678,3
118,0.0993,0.2292,0.6715,3
119,0.0906,0.2545,0.6549,3
120,0.0868,0.2468,0.6664,3
121,0.0914,0.2419,0.6667,3
122,0.0937,0.2399,0.6664,3
123,0.0923,0.242,0.6657,3
124,0.091,0.2413,0.6677,3
125,0.089,0.2417,0.6693,3
126,0.0941,0.2328,0.6731,3
127,0.0917,0.2521,0.6562,3
128,0.0833,0.2643,0.6524,3
129,0.0747,0.2527,0.6726,3
130,0.0715,0.2298,0.6987,3
131,0.0764,0.2139,0.7097,3
132,0.0776,0.2181,0.7043,3
133,0.0719,0.2195,0.7086,3
134,0.0735,0.2165,0.71,3
135,0.0787,0.2011,0.7202,3
136,0.085,0.2052,0.7098,3
137,0.0949,0.2092,0.6959,3
138,0.1086,0.2128,0.6786,3
139,0.1163,0.2266,0.6571,3
140,0.1219,0.2323,0.6458,3
141,0.1278,0.2537,0.6185,3
142,0.1189,0.2565,0.6246,3
143,0.1176,0.2558,0.6266,3
144,0.1104,0.2527,0.6369,3
145,0.1055,0.2407,0.6538,3
146,0.1024,0.2445,0.6531,3
147,0.0943,0.2476,0.6581,3
148,0.0867,0.2332,0.6801,3
149,0.0825,0.2238,0.6937,3
150,0.0833,0.2179,0.6988,3
151,0.0823,0.2151,0.7026,3
152,0.0818,0.2173,0.7009,3
153,0.0837,0.2125,0.7038,3
154,0.0803,0.218,0.7017,3
155,0.0794,0.2095,0.7111,3
156,0.0847,0.1988,0.7165,3
157,0.0903,0.2034,0.7063,3
158,0.0895,0.2235,0.687,3
159,0.0869,0.234,0.6791,3
160,0.0863,0.2351,0.6786,3
161,0.0811,0.2346,0.6843,3
162,0.0798,0.225,0.6952,3
163,0.0884,0.2046,0.707,3
164,0.0988,0.1934,0.7078,3
165,0.1092,0.2076,0.6832,3
166,0.1127,0.2269,0.6604,3
167,0.1087,0.2424,0.6489,3
168,0.0952,0.2627,0.6421,3
169,0.0868,0.2575,0.6557,3
170,0.0814,0.243,0.6756,3
171,0.0836,0.2166,0.6998,3
172,0.0929,0.2171,0.69,3
173,0.0968,0.2252,0.678,3
174,0.0975,0.2443,0.6582,3
175,0.0915,0.2553,0.6532,3
176,0.0898,0.2553,0.6549,3
177,0.0919,0.232,0.6761,3
178,0.0937,0.2397,0.6666,3
179,0.0904,0.2459,0.6637,3
180,0.0884,0.2504,0.6612,3
181,0.0885,0.2352,0.6763,3
182,0.0865,0.2382,0.6753,3
183,0.0814,0.2311,0.6875,3
184,0.0845,0.2066,0.7089,3
185,0.0911,0.2208,0.6881,3
186,0.0895,0.2349,0.6756,3
187,0.0889,0.2225,0.6886,3
188,0.0847,0.2371,0.6782,3
189,0.0812,0.2382,0.6806,3
190,0.0813,0.2332,0.6855,3
191,0.0716,0.2474,0.681,3
192,0.0629,0.2415,0.6956,3
193,0.063,0.2061,0.7309,3
194,0.0687,0.1885,0.7428,3
195,0.0696,0.1903,0.7401,3
196,0.0703,0.1888,0.7409,3
197,0.0735,0.1902,0.7363,3
198,0.0784,0.1923,0.7293,3
199,0.0854,0.1982,0.7164,3
200,0.0929,0.2072,0.6999,3
0,0.3358,0.3338,0.3304,4
1,0.0727,0.7281,0.1992,4
2,0.0044,0.3664,0.6292,4
3,0.0051,0.0918,0.9031,4
4,0.0077,0.0381,0.9542,4
5,0.0105,0.0391,0.9504,4
6,0.0118,0.0339,0.9543,4
7,0.0141,0.027,0.9589,4
8,0.0168,0.0276,0.9556,4
9,0.0208,0.0284,0.9508,4
10,0.0255,0.0279,0.9466,4
11,0.0305,0.0326,0.9369,4
12,0.0357,0.0349,0.9294,4
13,0.0425,0.0399,0.9176,4
14,0.0497,0.047,0.9033,4
15,0.056,0.0588,0.8852,4
16,0.0638,0.0662,0.87,4
17,0.0717,0.0694,0.8589,4
18,0.0811,0.0744,0.8445,4
19,0.0897,0.0776,0.8327,4
20,0.0994,0.0869,0.8137,4
21,0.1058,0.1058,0.7884,4
22,0.1076,0.1175,0.7749,4
23,0.1108,0.123,0.7662,4
24,0.1133,0.1261,0.7606,4
25,0.1177,0.1236,0.7587,4
26,0.1244,0.126,0.7496,4
27,0.1323,0.1359,0.7318,4
28,0.1392,0.1489,0.7119,4
29,0.1453,0.1674,0.6873,4
30,0.145,0.1831,0.6719,4
31,0.1393,0.2005,0.6602,4
32,0.134,0.1954,0.6706,4
33,0.1317,0.1895,0.6788,4
34,0.1356,0.1881,0.6763,4
35,0.1392,0.1977,0.6631,4
36,0.1401,0.1912,0.6687,4
37,0.1369,0.1958,0.6673,4
38,0.1308,0.1997,0.6695,4
39,0.13,0.1936,0.6764,4
40,0.1204,0.2065,0.6731,4
41,0.1074,0.2179,0.6747,4
42,0.0931,0.2161,0.6908,4
43,0.0829,0.2166,0.7005,4
44,0.0755,0.2075,0.717,4
45,0.0716,0.1957,0.7327,4
46,0.0753,0.1917,0.733,4
47,0.0749,0.2071,0.718,4
48,0.0756,0.2015,0.7229,4
49,0.0792,0.1917,0.7291,4
50,0.0827,0.1985,0.7188,4
51,0.0811,0.207,0.7119,4
52,0.0807,0.2152,0.7041,4
53,0.0798,0.2103,0.7099,4
54,0.0829,0.2116,0.7055,4
55,0.0852,0.2207,0.6941,4
56,0.0827,0.2449,0.6724,4
57,0.0805,0.2499,0.6696,4
58,0.0783,0.2366,0.6851,4
59,0.0771,0.2199,0.703,4
60,0.078,0.2135,0.7085,4
61,0.079,0.2154,0.7056,4
62,0.0787,0.2214,0.6999,4
63,0.0793,0.2222,0.6985,4
64,0.0765,0.2302,0.6933,4
65,0.0703,0.2325,0.6972,4
66,0.0681,0.2414,0.6905,4
67,0.0708,0.245,0.6842,4
68,0.0729,0.2356,0.6915,4
69,0.0766,0.228,0.6954,4
70,0.0741,0.2385,0.6874,4
71,0.0732,0.2387,0.6881,4
72,0.0768,0.2316,0.6916,4
73,0.0817,0.2241,0.6942,4
74,0.0837,0.2264,0.6899,4
75,0.0866,0.2274,0.686,4
76,0.0931,0.2238,0.6831,4
77,0.0984,0.2281,0.6735,4
78,0.0995,0.243,0.6575,4
79,0.1007,0.2467,0.6526,4
80,0.1017,0.2573,0.641,4
81,0.0953,0.2614,0.6433,4
82,0.0911,0.2623,0.6466,4
83,0.094,0.2382,0.6678,4
84,0.0963,0.2289,0.6748,4
85,0.1009,0.2317,0.6674,4
86,0.1041,0.2326,0.6633,4
87,0.1022,0.2319,0.6659,4
88,0.0989,0.2302,0.6709,4
89,0.1016,0.2303,0.6681,4
90,0.0984,0.242,0.6596,4
91,0.0929,0.2604,0.6467,4
92,0.0893,0.2571,0.6536,4
93,0.0857,0.2446,0.6697,4
94,0.0823,0.2419,0.6758,4
95,0.0832,0.2281,0.6887,4
96,0.0816,0.2294,0.689,4
97,0.0761,0.2287,0.6952,4
98,0.08,0.2031,0.7169,4
99,0.0906,0.199,0.7104,4
100,0.095,0.2071,0.6979,4
101,0.0954,0.2258,0.6788,4
102,0.0958,0.2331,0.6711,4
103,0.094,0.2207,0.6853,4
104,0.0985,0.2097,0.6918,4
105,0.1028,0.2186,0.6786,4
106,0.1009,0.2353,0.6638,4
107,0.0932,0.262,0.6448,4
108,0.0859,0.2554,0.6587,4
109,0.0829,0.2525,0.6646,4
110,0.0799,0.2388,0.6813,4
111,0.0825,0.2294,0.6881,4
112,0.086,0.2256,0.6884,4
113,0.0913,0.2165,0.6922,4
114,0.097,0.224,0.679,4
115,0.1027,0.2221,0.6752,4
116,0.1108,0.2216,0.6676,4
117,0.1172,0.2287,0.6541,4
118,0.1136,0.2369,0.6495,4
119,0.1093,0.2484,0.6423,4
120,0.0994,0.2539,0.6467,4
121,0.0903,0.2507,0.659,4
122,0.0867,0.2415,0.6718,4
123,0.086,0.2374,0.6766,4
124,0.085,0.2266,0.6884,4
125,0.0849,0.231,0.6841,4
126,0.0811,0.2407,0.6782,4
127,0.0772,0.2412,0.6816,4
128,0.0771,0.2223,0.7006,4
129,0.0793,0.2236,0.6971,4
130,0.0855,0.2235,0.691,4
131,0.0827,0.2294,0.6879,4
132,0.0748,0.2223,0.7029,4
133,0.077,0.2053,0.7177,4
134,0.0871,0.1941,0.7188,4
135,0.0916,0.2073,0.7011,4
136,0.0886,0.22,0.6914,4
137,0.0819,0.2312,0.6869,4
138,0.0788,0.2313,0.6899,4
139,0.0801,0.2385,0.6814,4
140,0.0772,0.2386,0.6842,4
141,0.0772,0.2226,0.7002,4
142,0.0867,0.223,0.6903,4
143,0.0899,0.2246,0.6855,4
144,0.0913,0.226,0.6827,4
145,0.0901,0.2406,0.6693,4
146,0.0896,0.2339,0.6765,4
147,0.09,0.2286,0.6814,4
148,0.0886,0.2386,0.6728,4
149,0.085,0.2322,0.6828,4
150,0.0797,0.2334,0.6869,4
151,0.077,0.2262,0.6968,4
152,0.0724,0.2159,0.7117,4
153,0.07,0.2139,0.7161,4
154,0.0696,0.2107,0.7197,4
155,0.0726,0.2087,0.7187,4
156,0.0722,0.2072,0.7206,4
157,0.0791,0.2031,0.7178,4
158,0.084,0.2147,0.7013,4
159,0.0772,0.2297,0.6931,4
160,0.0756,0.2271,0.6973,4
161,0.0782,0.2199,0.7019,4
162,0.0837,0.2213,0.695,4
163,0.0801,0.2287,0.6912,4
164,0.0829,0.2136,0.7035,4
165,0.0859,0.209,0.7051,4
166,0.0904,0.2167,0.6929,4
167,0.0889,0.2278,0.6833,4
168,0.0845,0.2399,0.6756,4
169,0.0847,0.2393,0.676,4
170,0.0908,0.2274,0.6818,4
171,0.0907,0.2431,0.6662,4
172,0.0861,0.247,0.6669,4
173,0.0776,0.2531,0.6693,4
174,0.0731,0.2445,0.6824,4
175,0.0756,0.2273,0.6971,4
176,0.077,0.2251,0.6979,4
177,0.076,0.2241,0.6999,4
178,0.0804,0.2166,0.703,4
179,0.0862,0.2267,0.6871,4
180,0.0889,0.2345,0.6766,4
181,0.0851,0.2293,0.6856,4
182,0.0886,0.2203,0.6911,4
183,0.0913,0.2248,0.6839,4
184,0.0941,0.2227,0.6832,4
185,0.0985,0.2265,0.675,4
186,0.1025,0.2277,0.6698,4
187,0.1031,0.2514,0.6455,4
188,0.1029,0.2584,0.6387,4
189,0.0991,0.2642,0.6367,4
190,0.0929,0.2555,0.6516,4
191,0.0917,0.2385,0.6698,4
192,0.0891,0.2449,0.666,4
193,0.0816,0.2607,0.6577,4
194,0.0779,0.25,0.6721,4
195,0.0716,0.2327,0.6957,4
196,0.0711,0.2167,0.7122,4
197,0.0738,0.2116,0.7146,4
198,0.0771,0.2132,0.7097,4
199,0.0711,0.2359,0.693,4
200,0.0697,0.2308,0.6995,4
0,0.3351,0.3317,0.3332,5
1,0.0671,0.7377,0.1952,5
2,0.0051,0.3594,0.6355,5
3,0.0066,0.0898,0.9036,5
4,0.0129,0.0375,0.9496,5
5,0.0181,0.0426,0.9393,5
6,0.0228,0.0382,0.939,5
7,0.0251,0.0341,0.9408,5
8,0.0273,0.0394,0.9333,5
9,0.0306,0.045,0.9244,5
10,0.0356,0.0527,0.9117,5
11,0.0418,0.0549,0.9033,5
12,0.0489,0.0612,0.8899,5
13,0.0551,0.076,0.8689,5
14,0.0587,0.0901,0.8512,5
15,0.0626,0.1002,0.8372,5
16,0.0673,0.1093,0.8234,5
17,0.0718,0.1161,0.8121,5
18,0.0785,0.1205,0.801,5
19,0.0864,0.1271,0.7865,5
20,0.092,0.1485,0.7595,5
21,0.0923,0.1639,0.7438,5
22,0.0953,0.176,0.7287,5
23,0.0972,0.1802,0.7226,5
24,0.0991,0.1862,0.7147,5
25,0.0959,0.2019,0.7022,5
26,0.0867,0.2103,0.703,5
27,0.073,0.2075,0.7195,5
28,0.0628,0.2093,0.7279,5
29,0.0629,0.2009,0.7362,5
30,0.0636,0.2035,0.7329,5
31,0.0611,0.1971,0.7418,5
32,0.0636,0.1953,0.7411,5
33,0.0656,0.1963,0.7381,5
34,0.0607,0.2001,0.7392,5
35,0.057,0.2006,0.7424,5
36,0.0531,0.1843,0.7626,5
37,0.0541,0.1821,0.7638,5
38,0.0557,0.1716,0.7727,5
39,0.0593,0.1807,0.76,5
40,0.0618,0.1815,0.7567,5
41,0.0597,0.1871,0.7532,5
42,0.0626,0.1908,0.7466,5
43,0.0711,0.1937,0.7352,5
44,0.0775,0.2106,0.7119,5
45,0.0737,0.2238,0.7025,5
46,0.0775,0.221,0.7015,5
47,0.0822,0.2274,0.6904,5
48,0.0834,0.244,0.6726,5
49,0.0784,0.2544,0.6672,5
50,0.0793,0.256,0.6647,5
51,0.0811,0.2489,0.67,5
52,0.08,0.2493,0.6707,5
53,0.0784,0.253,0.6686,5
54,0.0786,0.2488,0.6726,5
55,0.0807,0.2358,0.6835,5
56,0.0926,0.2265,0.6809,5
57,0.1043,0.2293,0.6664,5
58,0.1068,0.2466,0.6466,5
59,0.1,0.2615,0.6385,5
60,0.0901,0.263,0.6469,5
61,0.0888,0.2624,0.6488,5
62,0.0879,0.2537,0.6584,5
63,0.0845,0.2473,0.6682,5
64,0.0849,0.2494,0.6657,5
65,0.0838,0.2554,0.6608,5
66,0.0786,0.2444,0.677,5
67,0.0699,0.24,0.6901,5
68,0.0689,0.2296,0.7015,5
69,0.0733,0.2182,0.7085,5
70,0.0785,0.2164,0.7051,5
71,0.076,0.2339,0.6901,5
72,0.0755,0.2239,0.7006,5
73,0.0779,0.2163,0.7058,5
74,0.0786,0.216,0.7054,5
75,0.0765,0.2309,0.6926,5
76,0.0752,0.2354,0.6894,5
77,0.0685,0.238,0.6935,5
78,0.0684,0.2307,0.7009,5
79,0.0726,0.2142,0.7132,5
80,0.0805,0.2048,0.7147,5
81,0.0834,0.2189,0.6977,5
82,0.0816,0.2346,0.6838,5
83,0.0791,0.2339,0.687,5
84,0.0775,0.2293,0.6932,5
85,0.076,0.2232,0.7008,5
86,0.0741,0.2218,0.7041,5
87,0.0741,0.2118,0.7141,5
88,0.0804,0.2082,0.7114,5
89,0.084,0.2199,0.6961,5
90,0.0785,0.2382,0.6833,5
91,0.0747,0.2372,0.6881,5
92,0.0765,0.2283,0.6952,5
93,0.0837,0.229,0.6873,5
94,0.0875,0.2321,0.6804,5
95,0.0934,0.2352,0.6714,5
96,0.0977,0.2392,0.6631,5
97,0.1063,0.2413,0.6524,5
98,0.1076,0.2571,0.6353,5
99,0.1007,0.2644,0.6349,5
100,0.0909,0.2719,0.6372,5
101,0.0814,0.2506,0.668,5
102,0.0802,0.2482,0.6716,5
103,0.0805,0.2346,0.6849,5
104,0.0832,0.2319,0.6849,5
105,0.0876,0.2222,0.6902,5
106,0.0865,0.225,0.6885,5
107,0.0835,0.237,0.6795,5
108,0.0779,0.2383,0.6838,5
109,0.0751,0.2434,0.6815,5
110,0.0741,0.2474,0.6785,5
111,0.0713,0.235,0.6937,5
112,0.0674,0.2282,0.7044,5
113,0.0666,0.2232,0.7102,5
114,0.0733,0.213,0.7137,5
115,0.0856,0.209,0.7054,5
116,0.0997,0.2136,0.6867,5
117,0.0996,0.2363,0.6641,5
118,0.0906,0.2624,0.647,5
119,0.0911,0.2393,0.6696,5
120,0.0935,0.2416,0.6649,5
121,0.0981,0.2565,0.6454,5
122,0.0974,0.2681,0.6345,5
123,0.0951,0.2746,0.6303,5
124,0.0856,0.2685,0.6459,5
125,0.0773,0.2537,0.669,5
126,0.0723,0.2385,0.6892,5
127,0.0716,0.2246,0.7038,5
128,0.0753,0.2037,0.721,5
129,0.0818,0.2129,0.7053,5
130,0.0894,0.2201,0.6905,5
131,0.0982,0.2377,0.6641,5
132,0.0991,0.2566,0.6443,5
133,0.0991,0.2657,0.6352,5
134,0.0975,0.2654,0.6371,5
135,0.0894,0.2691,0.6415,5
136,0.0846,0.2696,0.6458,5
137,0.0817,0.244,0.6743,5
138,0.0777,0.2305,0.6918,5
139,0.0751,0.2324,0.6925,5
140,0.0712,0.2194,0.7094,5
141,0.0721,0.2192,0.7087,5
142,0.0754,0.2152,0.7094,5
143,0.0734,0.2148,0.7118,5
144,0.0787,0.2195,0.7018,5
145,0.0764,0.229,0.6946,5
146,0.0777,0.2109,0.7114,5
147,0.0888,0.1974,0.7138,5
148,0.101,0.2033,0.6957,5
149,0.1132,0.2212,0.6656,5
150,0.1207,0.2494,0.6299,5
151,0.1174,0.2693,0.6133,5
152,0.1092,0.2768,0.614,5
153,0.0982,0.2731,0.6287,5
154,0.0883,0.2731,0.6386,5
155,0.0803,0.2622,0.6575,5
156,0.0725,0.2485,0.679,5
157,0.0672,0.2219,0.7109,5
158,0.0712,0.201,0.7278,5
159,0.0815,0.1981,0.7204,5
160,0.0907,0.2098,0.6995,5
161,0.0873,0.2358,0.6769,5
162,0.085,0.2439,0.6711,5
163,0.0901,0.2282,0.6817,5
164,0.0935,0.2322,0.6743,5
165,0.0925,0.2365,0.671,5
166,0.0977,0.231,0.6713,5
167,0.0931,0.2459,0.661,5
168,0.0838,0.2528,0.6634,5
169,0.0828,0.2339,0.6833,5
170,0.0845,0.2337,0.6818,5
171,0.0846,0.2367,0.6787,5
172,0.0828,0.238,0.6792,5
173,0.0869,0.2205,0.6926,5
174,0.0881,0.2146,0.6973,5
175,0.0932,0.2162,0.6906,5
176,0.0927,0.2367,0.6706,5
177,0.0874,0.2454,0.6672,5
178,0.0885,0.2232,0.6883,5
179,0.0943,0.2182,0.6875,5
180,0.0943,0.2264,0.6793,5
181,0.0996,0.2309,0.6695,5
182,0.1003,0.2414,0.6583,5
183,0.0947,0.2515,0.6538,5
184,0.0952,0.2418,0.663,5
185,0.0992,0.2133,0.6875,5
186,0.1053,0.207,0.6877,5
187,0.1088,0.234,0.6572,5
188,0.1026,0.2465,0.6509,5
189,0.0951,0.2504,0.6545,5
190,0.0922,0.2309,0.6769,5
191,0.087,0.2396,0.6734,5
192,0.0818,0.2481,0.6701,5
193,0.0837,0.2418,0.6745,5
194,0.0868,0.243,0.6702,5
195,0.0908,0.2372,0.672,5
196,0.0937,0.2316,0.6747,5
197,0.0951,0.2436,0.6613,5
198,0.0999,0.2401,0.66,5
199,0.0993,0.2603,0.6404,5
200,0.0859,0.2672,0.6469,5
0,0.3364,0.3342,0.3294,6
1,0.0698,0.7397,0.1905,6
2,0.002,0.3697,0.6283,6
3,0.004,0.0944,0.9016,6
4,0.0081,0.043,0.9489,6
5,0.0127,0.0424,0.9449,6
6,0.0178,0.0311,0.9511,6
7,0.0246,0.02,0.9554,6
8,0.0295,0.0236,0.9469,6
9,0.0343,0.0281,0.9376,6
10,0.0393,0.0355,0.9252,6
11,0.0448,0.0381,0.9171,6
12,0.0504,0.0439,0.9057,6
13,0.056,0.0497,0.8943,6
14,0.0621,0.0588,0.8791,6
15,0.0666,0.0669,0.8665,6
16,0.0731,0.0701,0.8568,6
17,0.0815,0.073,0.8455,6
18,0.0907,0.0809,0.8284,6
19,0.0958,0.0913,0.8129,6
20,0.0975,0.1016,0.8009,6
21,0.0996,0.1041,0.7963,6
22,0.1045,0.1109,0.7846,6
23,0.1082,0.1159,0.7759,6
24,0.1124,0.1243,0.7633,6
25,0.1106,0.1316,0.7578,6
26,0.1103,0.1435,0.7462,6
27,0.1096,0.1496,0.7408,6
28,0.1112,0.1481,0.7407,6
29,0.1123,0.1499,0.7378,6
30,0.1136,0.1614,0.725,6
31,0.1123,0.1718,0.7159,6
32,0.1127,0.1724,0.7149,6
33,0.1154,0.1771,0.7075,6
34,0.1155,0.1897,0.6948,6
35,0.1182,0.1988,0.683,6
36,0.1144,0.2165,0.6691,6
37,0.1064,0.2231,0.6705,6
38,0.1021,0.2245,0.6734,6
39,0.0992,0.2243,0.6765,6
40,0.0967,0.2273,0.676,6
41,0.0924,0.2402,0.6674,6
42,0.0842,0.2491,0.6667,6
43,0.0766,0.243,0.6804,6
44,0.0737,0.2208,0.7055,6
45,0.0731,0.2006,0.7263,6
46,0.0699,0.2029,0.7272,6
47,0.0702,0.1969,0.7329,6
48,0.0715,0.2034,0.7251,6
49,0.0762,0.1974,0.7264,6
50,0.0811,0.1915,0.7274,6
51,0.0854,0.204,0.7106,6
52,0.0915,0.2219,0.6866,6
53,0.0963,0.2235,0.6802,6
54,0.1013,0.2265,0.6722,6
55,0.1032,0.2485,0.6483,6
56,0.0931,0.2731,0.6338,6
57,0.0855,0.2662,0.6483,6
58,0.0873,0.2468,0.6659,6
59,0.0968,0.2339,0.6693,6
60,0.1083,0.2327,0.659,6
61,0.1107,0.2649,0.6244,6
62,0.1013,0.2795,0.6192,6
63,0.0952,0.2768,0.628,6
64,0.0903,0.2731,0.6366,6
65,0.0785,0.27,0.6515,6
66,0.0723,0.2321,0.6956,6
67,0.0794,0.2039,0.7167,6
68,0.0887,0.2055,0.7058,6
69,0.0887,0.2327,0.6786,6
70,0.0825,0.2468,0.6707,6
71,0.0804,0.2434,0.6762,6
72,0.0816,0.2256,0.6928,6
73,0.0814,0.2258,0.6928,6
74,0.0824,0.2296,0.688,6
75,0.0792,0.2477,0.6731,6
76,0.0806,0.251,0.6684,6
77,0.0823,0.2264,0.6913,6
78,0.086,0.2199,0.6941,6
79,0.0923,0.2227,0.685,6
80,0.0902,0.2295,0.6803,6
81,0.0891,0.234,0.6769,6
82,0.0868,0.2331,0.6801,6
83,0.088,0.2243,0.6877,6
84,0.0926,0.2189,0.6885,6
85,0.0962,0.2293,0.6745,6
86,0.0985,0.2361,0.6654,6
87,0.098,0.2519,0.6501,6
88,0.0934,0.2534,0.6532,6
89,0.0887,0.2348,0.6765,6
90,0.0906,0.2401,0.6693,6
91,0.0996,0.2341,0.6663,6
92,0.0926,0.2481,0.6593,6
93,0.089,0.2493,0.6617,6
94,0.0895,0.2328,0.6777,6
95,0.0892,0.2344,0.6764,6
96,0.0922,0.2383,0.6695,6
97,0.089,0.2586,0.6524,6
98,0.0878,0.2578,0.6544,6
99,0.0838,0.2604,0.6558,6
100,0.0781,0.252,0.6699,6
101,0.0772,0.2295,0.6933,6
102,0.0723,0.2284,0.6993,6
103,0.0701,0.2283,0.7016,6
104,0.0806,0.2125,0.7069,6
105,0.0855,0.2197,0.6948,6
106,0.0794,0.2321,0.6885,6
107,0.0726,0.2332,0.6942,6
108,0.0711,0.2157,0.7132,6
109,0.0744,0.2075,0.7181,6
110,0.0759,0.2134,0.7107,6
111,0.0729,0.2193,0.7078,6
112,0.0776,0.2214,0.701,6
113,0.0847,0.2158,0.6995,6
114,0.0883,0.2171,0.6946,6
115,0.0843,0.2361,0.6796,6
116,0.0789,0.2325,0.6886,6
117,0.0804,0.22,0.6996,6
118,0.0829,0.222,0.6951,6
119,0.0827,0.2338,0.6835,6
120,0.0807,0.2334,0.6859,6
121,0.0849,0.2226,0.6925,6
122,0.0913,0.2211,0.6876,6
123,0.0921,0.2342,0.6737,6
124,0.0905,0.2431,0.6664,6
125,0.0825,0.2529,0.6646,6
126,0.0762,0.2422,0.6816,6
127,0.0738,0.226,0.7002,6
128,0.0761,0.2236,0.7003,6
129,0.0759,0.2186,0.7055,6
130,0.076,0.2175,0.7065,6
131,0.0806,0.2128,0.7066,6
132,0.0873,0.2174,0.6953,6
133,0.0947,0.2435,0.6618,6
134,0.0985,0.2585,0.643,6
135,0.0934,0.2626,0.644,6
136,0.0906,0.2495,0.6599,6
137,0.0921,0.2435,0.6644,6
138,0.0943,0.2315,0.6742,6
139,0.0941,0.2308,0.6751,6
140,0.0881,0.2509,0.661,6
141,0.0814,0.2452,0.6734,6
142,0.0816,0.2389,0.6795,6
143,0.0816,0.2317,0.6867,6
144,0.0843,0.2269,0.6888,6
145,0.0908,0.218,0.6912,6
146,0.0986,0.2127,0.6887,6
147,0.1015,0.2191,0.6794,6
148,0.0972,0.2219,0.6809,6
149,0.0907,0.229,0.6803,6
150,0.0877,0.2298,0.6825,6
151,0.0868,0.2357,0.6775,6
152,0.0877,0.2272,0.6851,6
153,0.0888,0.2329,0.6783,6
154,0.0861,0.2333,0.6806,6
155,0.0821,0.2385,0.6794,6
156,0.0821,0.2345,0.6834,6
157,0.0814,0.228,0.6906,6
158,0.0785,0.2176,0.7039,6
159,0.0792,0.2261,0.6947,6
160,0.0865,0.2208,0.6927,6
161,0.0986,0.2129,0.6885,6
162,0.1051,0.2314,0.6635,6
163,0.0993,0.2386,0.6621,6
164,0.0927,0.2389,0.6684,6
165,0.0875,0.2393,0.6732,6
166,0.0865,0.2325,0.681,6
167,0.0916,0.2197,0.6887,6
168,0.094,0.2296,0.6764,6
169,0.0936,0.2459,0.6605,6
170,0.0903,0.246,0.6637,6
171,0.0933,0.2328,0.6739,6
172,0.0953,0.2276,0.6771,6
173,0.0933,0.2391,0.6676,6
174,0.0869,0.2539,0.6592,6
175,0.0836,0.2427,0.6737,6
176,0.0829,0.2374,0.6797,6
177,0.085,0.243,0.672,6
178,0.0782,0.2586,0.6632,6
179,0.0684,0.2514,0.6802,6
180,0.0698,0.2174,0.7128,6
181,0.0732,0.2052,0.7216,6
182,0.077,0.2117,0.7113,6
183,0.0776,0.2122,0.7102,6
184,0.0781,0.2155,0.7064,6
185,0.0829,0.2206,0.6965,6
186,0.0902,0.2145,0.6953,6
187,0.098,0.2172,0.6848,6
188,0.1023,0.2265,0.6712,6
189,0.1016,0.2383,0.6601,6
190,0.1037,0.232,0.6643,6
191,0.1008,0.2348,0.6644,6
192,0.1006,0.2291,0.6703,6
193,0.0984,0.2418,0.6598,6
194,0.0902,0.2475,0.6623,6
195,0.0892,0.2331,0.6777,6
196,0.0949,0.2236,0.6815,6
197,0.1032,0.2341,0.6627,6
198,0.0979,0.2515,0.6506,6
199,0.0932,0.2548,0.652,6
200,0.0905,0.248,0.6615,6
0,0.337,0.3335,0.3295,7
1,0.0736,0.7271,0.1993,7
2,0.0048,0.3593,0.6359,7
3,0.0083,0.0916,0.9001,7
4,0.0152,0.0354,0.9494,7
5,0.0184,0.0511,0.9305,7
6,0.0174,0.0607,0.9219,7
7,0.0164,0.0554,0.9282,7
8,0.0142,0.06,0.9258,7
9,0.0157,0.0595,0.9248,7
10,0.0176,0.0589,0.9235,7
11,0.019,0.0605,0.9205,7
12,0.0211,0.0695,0.9094,7
13,0.0244,0.0755,0.9001,7
14,0.0296,0.0807,0.8897,7
15,0.0337,0.0875,0.8788,7
16,0.0388,0.1026,0.8586,7
17,0.039,0.1169,0.8441,7
18,0.037,0.1246,0.8384,7
19,0.0401,0.1238,0.8361,7
20,0.0474,0.1198,0.8328,7
21,0.0557,0.1319,0.8124,7
22,0.0585,0.153,0.7885,7
23,0.059,0.1629,0.7781,7
24,0.0582,0.1638,0.778,7
25,0.0611,0.1667,0.7722,7
26,0.0624,0.1706,0.767,7
27,0.0636,0.1806,0.7558,7
28,0.0663,0.1923,0.7414,7
29,0.0678,0.1863,0.7459,7
30,0.0733,0.1784,0.7483,7
31,0.0774,0.1758,0.7468,7
32,0.0891,0.1796,0.7313,7
33,0.0944,0.1925,0.7131,7
34,0.0962,0.2024,0.7014,7
35,0.0964,0.2191,0.6845,7
36,0.0982,0.2423,0.6595,7
37,0.094,0.2514,0.6546,7
38,0.0868,0.2547,0.6585,7
39,0.0848,0.2488,0.6664,7
40,0.0864,0.236,0.6776,7
41,0.0838,0.2435,0.6727,7
42,0.0845,0.2452,0.6703,7
43,0.0808,0.2559,0.6633,7
44,0.078,0.2477,0.6743,7
45,0.0794,0.2221,0.6985,7
46,0.083,0.2064,0.7106,7
47,0.0839,0.2175,0.6986,7
48,0.0786,0.2193,0.7021,7
49,0.0758,0.2264,0.6978,7
50,0.0763,0.2182,0.7055,7
51,0.0833,0.2137,0.703,7
52,0.0873,0.2215,0.6912,7
53,0.0864,0.2344,0.6792,7
54,0.0848,0.2292,0.686,7
55,0.0836,0.2229,0.6935,7
56,0.0879,0.226,0.6861,7
57,0.0915,0.2314,0.6771,7
58,0.0913,0.2343,0.6744,7
59,0.0882,0.229,0.6828,7
60,0.0883,0.2236,0.6881,7
61,0.0918,0.2229,0.6853,7
62,0.0958,0.2252,0.679,7
63,0.0925,0.2356,0.6719,7
64,0.0887,0.2266,0.6847,7
65,0.089,0.2182,0.6928,7
66,0.0939,0.2148,0.6913,7
67,0.0982,0.2203,0.6815,7
68,0.0961,0.2358,0.6681,7
69,0.0885,0.2641,0.6474,7
70,0.0793,0.2636,0.6571,7
71,0.0799,0.2322,0.6879,7
72,0.0902,0.2106,0.6992,7
73,0.0955,0.2181,0.6864,7
74,0.0971,0.2438,0.6591,7
75,0.0957,0.242,0.6623,7
76,0.0933,0.2418,0.6649,7
77,0.0858,0.2518,0.6624,7
78,0.0824,0.2486,0.669,7
79,0.0818,0.2438,0.6744,7
80,0.0807,0.245,0.6743,7
81,0.0786,0.2373,0.6841,7
82,0.0767,0.239,0.6843,7
83,0.0774,0.2335,0.6891,7
84,0.0793,0.2289,0.6918,7
85,0.0781,0.2187,0.7032,7
86,0.0843,0.2278,0.6879,7
87,0.0864,0.2372,0.6764,7
88,0.0832,0.2341,0.6827,7
89,0.0842,0.2269,0.6889,7
90,0.08,0.2265,0.6935,7
91,0.0796,0.2334,0.687,7
92,0.076,0.2315,0.6925,7
93,0.0833,0.2301,0.6866,7
94,0.0866,0.2495,0.6639,7
95,0.0836,0.2573,0.6591,7
96,0.0779,0.2595,0.6626,7
97,0.0775,0.2369,0.6856,7
98,0.0738,0.2379,0.6883,7
99,0.07,0.2404,0.6896,7
100,0.0693,0.2323,0.6984,7
101,0.0774,0.218,0.7046,7
102,0.0814,0.2161,0.7025,7
103,0.0855,0.2221,0.6924,7
104,0.0916,0.2262,0.6822,7
105,0.0963,0.2265,0.6772,7
106,0.0999,0.236,0.6641,7
107,0.1007,0.2477,0.6516,7
108,0.102,0.2607,0.6373,7
109,0.0921,0.2512,0.6567,7
110,0.0908,0.2318,0.6774,7
111,0.0915,0.2327,0.6758,7
112,0.0891,0.2351,0.6758,7
113,0.0836,0.2442,0.6722,7
114,0.0848,0.2404,0.6748,7
115,0.0912,0.2247,0.6841,7
116,0.0922,0.232,0.6758,7
117,0.0868,0.2371,0.6761,7
118,0.087,0.2323,0.6807,7
119,0.0846,0.2324,0.683,7
120,0.0812,0.2275,0.6913,7
121,0.0811,0.2259,0.693,7
122,0.0785,0.2266,0.6949,7
123,0.0768,0.222,0.7012,7
124,0.0838,0.2143,0.7019,7
125,0.0825,0.2214,0.6961,7
126,0.0806,0.2212,0.6982,7
127,0.0766,0.231,0.6924,7
128,0.0743,0.2243,0.7014,7
129,0.0795,0.2109,0.7096,7
130,0.0822,0.2139,0.7039,7
131,0.0821,0.2235,0.6944,7
132,0.079,0.2384,0.6826,7
133,0.0792,0.2338,0.687,7
134,0.0795,0.2265,0.694,7
135,0.0796,0.2239,0.6965,7
136,0.0759,0.2396,0.6845,7
137,0.0742,0.2313,0.6945,7
138,0.0793,0.2145,0.7062,7
139,0.0835,0.222,0.6945,7
140,0.09,0.213,0.697,7
141,0.0911,0.2334,0.6755,7
142,0.0855,0.2482,0.6663,7
143,0.0804,0.2502,0.6694,7
144,0.0783,0.2445,0.6772,7
145,0.0751,0.2399,0.685,7
146,0.0744,0.2306,0.695,7
147,0.0776,0.2214,0.701,7
148,0.0818,0.2278,0.6904,7
149,0.0848,0.2352,0.68,7
150,0.0817,0.2348,0.6835,7
151,0.0749,0.2268,0.6983,7
152,0.0757,0.2067,0.7176,7
153,0.0799,0.2062,0.7139,7
154,0.0816,0.209,0.7094,7
155,0.0886,0.2058,0.7056,7
156,0.0957,0.2204,0.6839,7
157,0.0938,0.2401,0.6661,7
158,0.1,0.25,0.65,7
159,0.0976,0.2486,0.6538,7
160,0.0938,0.2326,0.6736,7
161,0.0958,0.2303,0.6739,7
162,0.092,0.2437,0.6643,7
163,0.096,0.2422,0.6618,7
164,0.0968,0.2427,0.6605,7
165,0.0955,0.238,0.6665,7
166,0.093,0.2354,0.6716,7
167,0.093,0.241,0.666,7
168,0.0932,0.2492,0.6576,7
169,0.0928,0.2528,0.6544,7
170,0.0947,0.2459,0.6594,7
171,0.0854,0.2479,0.6667,7
172,0.0781,0.2449,0.677,7
173,0.0752,0.2281,0.6967,7
174,0.0765,0.2274,0.6961,7
175,0.0836,0.2205,0.6959,7
176,0.0897,0.2263,0.684,7
177,0.0857,0.2436,0.6707,7
178,0.0824,0.2383,0.6793,7
179,0.0816,0.2365,0.6819,7
180,0.0803,0.225,0.6947,7
181,0.0823,0.2117,0.706,7
182,0.0842,0.2068,0.709,7
183,0.0869,0.2089,0.7042,7
184,0.0808,0.2259,0.6933,7
185,0.0782,0.2307,0.6911,7
186,0.0742,0.2359,0.6899,7
187,0.0731,0.2272,0.6997,7
188,0.0753,0.2189,0.7058,7
189,0.0759,0.2087,0.7154,7
190,0.0836,0.2208,0.6956,7
191,0.0867,0.2312,0.6821,7
192,0.0889,0.2306,0.6805,7
193,0.0899,0.2288,0.6813,7
194,0.0916,0.2277,0.6807,7
195,0.0909,0.2324,0.6767,7
196,0.0909,0.2238,0.6853,7
197,0.0908,0.223,0.6862,7
198,0.0961,0.2207,0.6832,7
199,0.0983,0.2088,0.6929,7
200,0.1015,0.2114,0.6871,7
0,0.3405,0.3206,0.3389,8
1,0.068,0.7433,0.1887,8
2,0.0017,0.3783,0.62,8
3,0.0033,0.0957,0.901,8
4,0.0092,0.0375,0.9533,8
5,0.0171,0.038,0.9449,8
6,0.0243,0.0289,0.9468,8
7,0.0303,0.0264,0.9433,8
8,0.0364,0.0254,0.9382,8
9,0.0438,0.031,0.9252,8
10,0.0522,0.035,0.9128,8
11,0.0583,0.0445,0.8972,8
12,0.065,0.0478,0.8872,8
13,0.0746,0.0473,0.8781,8
14,0.0872,0.0497,0.8631,8
15,0.0997,0.0542,0.8461,8
16,0.1106,0.0639,0.8255,8
17,0.1235,0.0702,0.8063,8
18,0.1374,0.0729,0.7897,8
19,0.1543,0.0776,0.7681,8
20,0.1692,0.0834,0.7474,8
21,0.1836,0.0905,0.7259,8
22,0.1961,0.0963,0.7076,8
23,0.2066,0.1035,0.6899,8
24,0.2155,0.1085,0.676,8
25,0.2242,0.1105,0.6653,8
26,0.234,0.1169,0.6491,8
27,0.2462,0.1223,0.6315,8
28,0.2562,0.1364,0.6074,8
29,0.2642,0.1554,0.5804,8
30,0.2689,0.1663,0.5648,8
31,0.2706,0.1757,0.5537,8
32,0.2696,0.1882,0.5422,8
33,0.2584,0.2117,0.5299,8
34,0.2341,0.2273,0.5386,8
35,0.2071,0.2222,0.5707,8
36,0.1805,0.2185,0.601,8
37,0.1518,0.2062,0.642,8
38,0.1296,0.2062,0.6642,8
39,0.1116,0.2005,0.6879,8
40,0.0946,0.1978,0.7076,8
41,0.0786,0.1963,0.7251,8
42,0.0677,0.1845,0.7478,8
43,0.0618,0.1757,0.7625,8
44,0.0604,0.167,0.7726,8
45,0.0582,0.1653,0.7765,8
46,0.0606,0.1714,0.768,8
47,0.06,0.1708,0.7692,8
48,0.0606,0.1637,0.7757,8
49,0.0687,0.1567,0.7746,8
50,0.0788,0.1606,0.7606,8
51,0.0886,0.1786,0.7328,8
52,0.096,0.1889,0.7151,8
53,0.0968,0.2102,0.693,8
54,0.0956,0.2128,0.6916,8
55,0.087,0.2293,0.6837,8
56,0.078,0.227,0.695,8
57,0.07,0.2153,0.7147,8
58,0.0698,0.1984,0.7318,8
59,0.0726,0.2002,0.7272,8
60,0.0752,0.2006,0.7242,8
61,0.0794,0.1966,0.724,8
62,0.0737,0.2108,0.7155,8
63,0.0705,0.2032,0.7263,8
64,0.0745,0.1878,0.7377,8
65,0.0808,0.1936,0.7256,8
66,0.0883,0.2116,0.7001,8
67,0.0894,0.2138,0.6968,8
68,0.0867,0.2292,0.6841,8
69,0.0855,0.2287,0.6858,8
70,0.0868,0.2348,0.6784,8
71,0.0869,0.2382,0.6749,8
72,0.0862,0.233,0.6808,8
73,0.0925,0.227,0.6805,8
74,0.1002,0.2347,0.6651,8
75,0.1001,0.2586,0.6413,8
76,0.0942,0.2779,0.6279,8
77,0.0912,0.2666,0.6422,8
78,0.0877,0.2548,0.6575,8
79,0.0853,0.2537,0.661,8
80,0.0776,0.2448,0.6776,8
81,0.0762,0.2274,0.6964,8
82,0.0797,0.2125,0.7078,8
83,0.0829,0.2118,0.7053,8
84,0.092,0.2148,0.6932,8
85,0.0961,0.2317,0.6722,8
86,0.0947,0.2572,0.6481,8
87,0.0929,0.2568,0.6503,8
88,0.0916,0.2466,0.6618,8
89,0.0864,0.2463,0.6673,8
90,0.0877,0.2296,0.6827,8
91,0.0893,0.2161,0.6946,8
92,0.0878,0.2234,0.6888,8
93,0.0774,0.2266,0.696,8
94,0.0719,0.2093,0.7188,8
95,0.0743,0.19,0.7357,8
96,0.0842,0.1991,0.7167,8
97,0.0842,0.2132,0.7026,8
98,0.0803,0.2201,0.6996,8
99,0.08,0.2153,0.7047,8
100,0.0838,0.2118,0.7044,8
101,0.0948,0.2083,0.6969,8
102,0.0979,0.2311,0.671,8
103,0.0878,0.2655,0.6467,8
104,0.085,0.2532,0.6618,8
105,0.0821,0.2363,0.6816,8
106,0.0878,0.2248,0.6874,8
107,0.0879,0.2353,0.6768,8
108,0.0812,0.2484,0.6704,8
109,0.0825,0.2272,0.6903,8
110,0.0919,0.2271,0.681,8
111,0.1017,0.2347,0.6636,8
112,0.0994,0.2483,0.6523,8
113,0.0922,0.2539,0.6539,8
114,0.0886,0.2466,0.6648,8
115,0.0852,0.2398,0.675,8
116,0.0874,0.2388,0.6738,8
117,0.092,0.2404,0.6676,8
118,0.089,0.2459,0.6651,8
119,0.086,0.2435,0.6705,8
120,0.0836,0.2474,0.669,8
121,0.0786,0.2444,0.677,8
122,0.0828,0.2464,0.6708,8
123,0.0886,0.2235,0.6879,8
