Generation,O,Y,B,sim
0,0.3348,0.3358,0.3294,1
1,0.4895,0.4077,0.1028,1
2,0.2525,0.7125,0.035,1
3,0.0677,0.8858,0.0465,1
4,0.0212,0.8923,0.0865,1
5,0.0236,0.8352,0.1412,1
6,0.0307,0.7627,0.2066,1
7,0.0375,0.6831,0.2794,1
8,0.0443,0.5995,0.3562,1
9,0.0573,0.5134,0.4293,1
10,0.073,0.4319,0.4951,1
11,0.0856,0.3683,0.5461,1
12,0.1021,0.3165,0.5814,1
13,0.1183,0.2862,0.5955,1
14,0.1268,0.2781,0.5951,1
15,0.1371,0.2813,0.5816,1
16,0.1467,0.2911,0.5622,1
17,0.1526,0.3073,0.5401,1
18,0.1674,0.319,0.5136,1
19,0.1743,0.3376,0.4881,1
20,0.172,0.364,0.464,1
21,0.1709,0.3893,0.4398,1
22,0.1761,0.4013,0.4226,1
23,0.1747,0.4177,0.4076,1
24,0.1713,0.4301,0.3986,1
25,0.1703,0.4344,0.3953,1
26,0.1706,0.4368,0.3926,1
27,0.1714,0.4371,0.3915,1
28,0.1722,0.4406,0.3872,1
29,0.1742,0.4447,0.3811,1
30,0.1829,0.4436,0.3735,1
31,0.1885,0.4509,0.3606,1
32,0.1888,0.4618,0.3494,1
33,0.1802,0.4827,0.3371,1
34,0.1802,0.4977,0.3221,1
35,0.1802,0.5094,0.3104,1
36,0.1705,0.5195,0.31,1
37,0.1634,0.5196,0.317,1
38,0.1611,0.5137,0.3252,1
39,0.1671,0.5021,0.3308,1
40,0.1705,0.4994,0.3301,1
41,0.1682,0.5009,0.3309,1
42,0.1731,0.4938,0.3331,1
43,0.1724,0.4932,0.3344,1
44,0.1756,0.4855,0.3389,1
45,0.1818,0.476,0.3422,1
46,0.1816,0.4678,0.3506,1
47,0.1765,0.466,0.3575,1
48,0.1831,0.4554,0.3615,1
49,0.1969,0.4424,0.3607,1
50,0.2084,0.4364,0.3552,1
51,0.2092,0.4416,0.3492,1
52,0.2108,0.4476,0.3416,1
53,0.2074,0.455,0.3376,1
54,0.2109,0.4628,0.3263,1
55,0.207,0.4747,0.3183,1
56,0.2033,0.4869,0.3098,1
57,0.1946,0.4968,0.3086,1
58,0.1893,0.4984,0.3123,1
59,0.1874,0.492,0.3206,1
60,0.193,0.4794,0.3276,1
61,0.1924,0.4735,0.3341,1
62,0.2066,0.4523,0.3411,1
63,0.209,0.4447,0.3463,1
64,0.2182,0.4326,0.3492,1
65,0.2175,0.433,0.3495,1
66,0.2123,0.436,0.3517,1
67,0.204,0.4398,0.3562,1
68,0.2068,0.4376,0.3556,1
69,0.2131,0.4385,0.3484,1
70,0.2115,0.4477,0.3408,1
71,0.2093,0.449,0.3417,1
72,0.2039,0.4524,0.3437,1
73,0.1991,0.4569,0.344,1
74,0.1966,0.4536,0.3498,1
75,0.2013,0.4445,0.3542,1
76,0.2029,0.4384,0.3587,1
77,0.1904,0.4421,0.3675,1
78,0.1876,0.4388,0.3736,1
79,0.1863,0.4391,0.3746,1
80,0.1869,0.4341,0.379,1
81,0.1861,0.4281,0.3858,1
82,0.1892,0.4189,0.3919,1
83,0.1925,0.4103,0.3972,1
84,0.2005,0.4004,0.3991,1
85,0.1965,0.401,0.4025,1
86,0.206,0.3921,0.4019,1
87,0.2061,0.3933,0.4006,1
88,0.1934,0.4029,0.4037,1
89,0.187,0.4037,0.4093,1
90,0.1861,0.4041,0.4098,1
91,0.1939,0.3953,0.4108,1
92,0.1935,0.3944,0.4121,1
93,0.1891,0.3948,0.4161,1
94,0.189,0.3902,0.4208,1
95,0.1886,0.3835,0.4279,1
96,0.1879,0.3793,0.4328,1
97,0.1887,0.3748,0.4365,1
98,0.1928,0.3741,0.4331,1
99,0.1957,0.3718,0.4325,1
100,0.1882,0.3797,0.4321,1
101,0.1873,0.3759,0.4368,1
102,0.1919,0.369,0.4391,1
103,0.2029,0.3666,0.4305,1
104,0.2059,0.3724,0.4217,1
105,0.2035,0.3823,0.4142,1
106,0.2011,0.3909,0.408,1
107,0.1954,0.4003,0.4043,1
108,0.1924,0.4017,0.4059,1
109,0.1967,0.3939,0.4094,1
110,0.2012,0.3859,0.4129,1
111,0.2,0.3884,0.4116,1
112,0.2043,0.385,0.4107,1
113,0.209,0.3849,0.4061,1
114,0.213,0.3901,0.3969,1
115,0.2095,0.401,0.3895,1
116,0.2078,0.4036,0.3886,1
117,0.204,0.4107,0.3853,1
118,0.2045,0.4084,0.3871,1
119,0.2025,0.4111,0.3864,1
120,0.2018,0.4131,0.3851,1
121,0.1948,0.4168,0.3884,1
122,0.1937,0.4143,0.392,1
123,0.2016,0.408,0.3904,1
124,0.2081,0.4054,0.3865,1
125,0.2112,0.4085,0.3803,1
126,0.2054,0.4152,0.3794,1
127,0.2117,0.41,0.3783,1
128,0.2122,0.4155,0.3723,1
129,0.2129,0.4204,0.3667,1
130,0.2046,0.4316,0.3638,1
131,0.2081,0.4282,0.3637,1
132,0.1973,0.4344,0.3683,1
133,0.199,0.4238,0.3772,1
134,0.1963,0.4211,0.3826,1
135,0.2005,0.412,0.3875,1
136,0.199,0.4068,0.3942,1
137,0.1993,0.3998,0.4009,1
138,0.2026,0.3946,0.4028,1
139,0.207,0.3925,0.4005,1
140,0.2134,0.3892,0.3974,1
141,0.2107,0.3978,0.3915,1
142,0.2018,0.4077,0.3905,1
143,0.1958,0.4122,0.392,1
144,0.2003,0.4056,0.3941,1
145,0.204,0.4011,0.3949,1
146,0.2025,0.4012,0.3963,1
147,0.1973,0.4053,0.3974,1
148,0.1981,0.4013,0.4006,1
149,0.1949,0.3978,0.4073,1
150,0.1928,0.3967,0.4105,1
151,0.1969,0.3859,0.4172,1
152,0.1986,0.3791,0.4223,1
153,0.2,0.3743,0.4257,1
154,0.2004,0.3723,0.4273,1
155,0.2042,0.3691,0.4267,1
156,0.2066,0.3674,0.426,1
157,0.2121,0.3669,0.421,1
158,0.2179,0.3663,0.4158,1
159,0.2168,0.3711,0.4121,1
160,0.2093,0.3803,0.4104,1
161,0.2011,0.3861,0.4128,1
162,0.1959,0.3869,0.4172,1
163,0.1989,0.3805,0.4206,1
164,0.2062,0.3686,0.4252,1
165,0.2065,0.3679,0.4256,1
166,0.2091,0.361,0.4299,1
167,0.2083,0.3593,0.4324,1
168,0.2141,0.3527,0.4332,1
169,0.2157,0.3559,0.4284,1
170,0.2089,0.3628,0.4283,1
171,0.2079,0.3641,0.428,1
172,0.2119,0.361,0.4271,1
173,0.2102,0.363,0.4268,1
174,0.2095,0.3645,0.426,1
175,0.2092,0.3651,0.4257,1
176,0.2138,0.3599,0.4263,1
177,0.2119,0.3644,0.4237,1
178,0.2095,0.3679,0.4226,1
179,0.2102,0.368,0.4218,1
180,0.2116,0.3653,0.4231,1
181,0.2094,0.3658,0.4248,1
182,0.2099,0.3639,0.4262,1
183,0.2122,0.3599,0.4279,1
184,0.2073,0.3613,0.4314,1
185,0.2084,0.3605,0.4311,1
186,0.2115,0.3612,0.4273,1
187,0.212,0.3629,0.4251,1
188,0.2125,0.3623,0.4252,1
189,0.2169,0.3642,0.4189,1
190,0.2282,0.3587,0.4131,1
191,0.2212,0.3748,0.404,1
192,0.2285,0.3686,0.4029,1
193,0.224,0.3788,0.3972,1
194,0.2287,0.3776,0.3937,1
195,0.2255,0.3855,0.389,1
196,0.2237,0.387,0.3893,1
197,0.2196,0.3915,0.3889,1
198,0.2161,0.3941,0.3898,1
199,0.2156,0.3889,0.3955,1
200,0.2162,0.3871,0.3967,1
0,0.3368,0.3332,0.33,2
1,0.5083,0.3951,0.0966,2
2,0.2464,0.7288,0.0248,2
3,0.0601,0.9048,0.0351,2
4,0.0163,0.915,0.0687,2
5,0.021,0.8666,0.1124,2
6,0.0312,0.8057,0.1631,2
7,0.0407,0.7456,0.2137,2
8,0.0508,0.684,0.2652,2
9,0.0631,0.6239,0.313,2
10,0.0745,0.5704,0.3551,2
11,0.0894,0.5228,0.3878,2
12,0.102,0.4848,0.4132,2
13,0.1117,0.4571,0.4312,2
14,0.1204,0.4359,0.4437,2
15,0.1307,0.421,0.4483,2
16,0.1424,0.4135,0.4441,2
17,0.1529,0.4118,0.4353,2
18,0.16,0.4177,0.4223,2
19,0.1622,0.4354,0.4024,2
20,0.1752,0.4439,0.3809,2
21,0.1763,0.4606,0.3631,2
22,0.1753,0.4764,0.3483,2
23,0.1721,0.4937,0.3342,2
24,0.166,0.5087,0.3253,2
25,0.1655,0.5174,0.3171,2
26,0.1679,0.5228,0.3093,2
27,0.1715,0.5306,0.2979,2
28,0.1732,0.5375,0.2893,2
29,0.1651,0.5527,0.2822,2
30,0.1619,0.5614,0.2767,2
31,0.1578,0.5675,0.2747,2
32,0.1527,0.5713,0.276,2
33,0.1454,0.5713,0.2833,2
34,0.142,0.5637,0.2943,2
35,0.1457,0.5502,0.3041,2
36,0.1461,0.5465,0.3074,2
37,0.1413,0.5459,0.3128,2
38,0.1285,0.5487,0.3228,2
39,0.1292,0.5379,0.3329,2
40,0.1358,0.526,0.3382,2
41,0.1419,0.517,0.3411,2
42,0.1467,0.5092,0.3441,2
43,0.1544,0.4997,0.3459,2
44,0.1603,0.4945,0.3452,2
45,0.1652,0.4906,0.3442,2
46,0.1679,0.493,0.3391,2
47,0.1753,0.4947,0.33,2
48,0.1773,0.5013,0.3214,2
49,0.1818,0.5033,0.3149,2
50,0.1797,0.5125,0.3078,2
51,0.1845,0.5159,0.2996,2
52,0.1786,0.5288,0.2926,2
53,0.1749,0.5357,0.2894,2
54,0.1638,0.5454,0.2908,2
55,0.1601,0.5502,0.2897,2
56,0.1615,0.5551,0.2834,2
57,0.163,0.5583,0.2787,2
58,0.1643,0.5592,0.2765,2
59,0.1588,0.5635,0.2777,2
60,0.1663,0.5586,0.2751,2
61,0.1704,0.5585,0.2711,2
62,0.1782,0.5579,0.2639,2
63,0.1788,0.5656,0.2556,2
64,0.1719,0.5741,0.254,2
65,0.1596,0.5847,0.2557,2
66,0.1656,0.5776,0.2568,2
67,0.1614,0.5814,0.2572,2
68,0.1628,0.5834,0.2538,2
69,0.1593,0.5891,0.2516,2
70,0.1602,0.5891,0.2507,2
71,0.1548,0.5928,0.2524,2
72,0.1535,0.5918,0.2547,2
73,0.1554,0.5852,0.2594,2
74,0.1637,0.5749,0.2614,2
75,0.1591,0.5763,0.2646,2
76,0.1648,0.5671,0.2681,2
77,0.167,0.5622,0.2708,2
78,0.1707,0.5546,0.2747,2
79,0.1709,0.551,0.2781,2
80,0.177,0.5472,0.2758,2
81,0.1771,0.5539,0.269,2
82,0.1755,0.5622,0.2623,2
83,0.1662,0.571,0.2628,2
84,0.1533,0.5769,0.2698,2
85,0.1489,0.5768,0.2743,2
86,0.1518,0.5681,0.2801,2
87,0.1548,0.5632,0.282,2
88,0.1548,0.5622,0.283,2
89,0.1544,0.558,0.2876,2
90,0.1555,0.5541,0.2904,2
91,0.1668,0.543,0.2902,2
92,0.1717,0.54,0.2883,2
93,0.1722,0.5396,0.2882,2
94,0.1699,0.5394,0.2907,2
95,0.1688,0.5323,0.2989,2
96,0.1711,0.5176,0.3113,2
97,0.1728,0.5015,0.3257,2
98,0.1744,0.4882,0.3374,2
99,0.1821,0.4765,0.3414,2
100,0.187,0.4712,0.3418,2
101,0.1908,0.4702,0.339,2
102,0.1921,0.4757,0.3322,2
103,0.2005,0.4741,0.3254,2
104,0.2008,0.4847,0.3145,2
105,0.1926,0.4964,0.311,2
106,0.1859,0.5074,0.3067,2
107,0.1861,0.5073,0.3066,2
108,0.1823,0.5106,0.3071,2
109,0.1798,0.508,0.3122,2
110,0.1782,0.5005,0.3213,2
111,0.1801,0.4939,0.326,2
112,0.1817,0.4858,0.3325,2
113,0.18,0.4835,0.3365,2
114,0.1787,0.4789,0.3424,2
115,0.1823,0.4712,0.3465,2
116,0.1857,0.4609,0.3534,2
117,0.1915,0.4526,0.3559,2
118,0.1931,0.4505,0.3564,2
119,0.1881,0.4542,0.3577,2
120,0.1864,0.4534,0.3602,2
121,0.1959,0.4431,0.361,2
122,0.1961,0.4414,0.3625,2
123,0.1892,0.4458,0.365,2
124,0.185,0.4462,0.3688,2
125,0.185,0.4442,0.3708,2
126,0.1901,0.4398,0.3701,2
127,0.1996,0.4339,0.3665,2
128,0.2014,0.438,0.3606,2
129,0.1913,0.4457,0.363,2
130,0.1863,0.4446,0.3691,2
131,0.1959,0.4351,0.369,2
132,0.1952,0.4358,0.369,2
133,0.1854,0.4423,0.3723,2
134,0.1835,0.438,0.3785,2
135,0.177,0.437,0.386,2
136,0.1796,0.4223,0.3981,2
137,0.1786,0.4137,0.4077,2
138,0.1834,0.3967,0.4199,2
139,0.1892,0.388,0.4228,2
140,0.1965,0.376,0.4275,2
141,0.1918,0.3774,0.4308,2
142,0.1907,0.3757,0.4336,2
143,0.1978,0.3719,0.4303,2
144,0.1995,0.3725,0.428,2
145,0.1979,0.3749,0.4272,2
146,0.1969,0.3724,0.4307,2
147,0.1968,0.3713,0.4319,2
148,0.1987,0.3667,0.4346,2
149,0.2074,0.3591,0.4335,2
150,0.2137,0.3565,0.4298,2
151,0.2131,0.3623,0.4246,2
152,0.2131,0.3663,0.4206,2
153,0.2121,0.3745,0.4134,2
154,0.2164,0.3767,0.4069,2
155,0.2224,0.3813,0.3963,2
156,0.2276,0.3856,0.3868,2
157,0.2298,0.393,0.3772,2
158,0.233,0.3987,0.3683,2
159,0.2327,0.4058,0.3615,2
160,0.2323,0.4099,0.3578,2
161,0.2289,0.4164,0.3547,2
162,0.2225,0.4243,0.3532,2
163,0.2196,0.427,0.3534,2
164,0.2122,0.43,0.3578,2
165,0.2065,0.4332,0.3603,2
166,0.2131,0.4254,0.3615,2
167,0.2101,0.4267,0.3632,2
168,0.2019,0.4248,0.3733,2
169,0.204,0.4159,0.3801,2
170,0.2152,0.4009,0.3839,2
171,0.2223,0.395,0.3827,2
172,0.2324,0.3877,0.3799,2
173,0.2276,0.4016,0.3708,2
174,0.2226,0.41,0.3674,2
175,0.222,0.4123,0.3657,2
176,0.2207,0.4175,0.3618,2
177,0.2121,0.4226,0.3653,2
178,0.2221,0.4096,0.3683,2
179,0.2177,0.4154,0.3669,2
180,0.2179,0.415,0.3671,2
181,0.2111,0.4214,0.3675,2
182,0.2099,0.4215,0.3686,2
183,0.2048,0.4243,0.3709,2
184,0.2019,0.4217,0.3764,2
185,0.205,0.4115,0.3835,2
186,0.2021,0.4103,0.3876,2
187,0.2042,0.4016,0.3942,2
188,0.2113,0.3898,0.3989,2
189,0.2124,0.3873,0.4003,2
190,0.2129,0.3888,0.3983,2
191,0.2113,0.3874,0.4013,2
192,0.2054,0.3901,0.4045,2
193,0.2119,0.3822,0.4059,2
194,0.2127,0.386,0.4013,2
195,0.2108,0.391,0.3982,2
196,0.2156,0.3899,0.3945,2
197,0.2088,0.3959,0.3953,2
198,0.2087,0.3936,0.3977,2
199,0.208,0.3927,0.3993,2
200,0.2138,0.3893,0.3969,2
0,0.3402,0.3357,0.3241,3
1,0.4863,0.4233,0.0904,3
2,0.2198,0.7462,0.034,3
3,0.0553,0.8899,0.0548,3
4,0.0291,0.873,0.0979,3
5,0.0378,0.8102,0.152,3
6,0.047,0.738,0.215,3
7,0.0563,0.6602,0.2835,3
8,0.0712,0.5769,0.3519,3
9,0.0898,0.4974,0.4128,3
10,0.0998,0.4348,0.4654,3
11,0.1152,0.3814,0.5034,3
12,0.129,0.3444,0.5266,3
13,0.1402,0.324,0.5358,3
14,0.1478,0.3204,0.5318,3
15,0.1541,0.3264,0.5195,3
16,0.156,0.3426,0.5014,3
17,0.161,0.3589,0.4801,3
18,0.1744,0.3724,0.4532,3
19,0.1823,0.3934,0.4243,3
20,0.1882,0.415,0.3968,3
21,0.1868,0.4424,0.3708,3
22,0.1815,0.4678,0.3507,3
23,0.1792,0.4865,0.3343,3
24,0.181,0.4977,0.3213,3
25,0.1739,0.5149,0.3112,3
26,0.1674,0.5235,0.3091,3
27,0.1567,0.537,0.3063,3
28,0.1484,0.5385,0.3131,3
29,0.1464,0.5271,0.3265,3
30,0.1458,0.512,0.3422,3
31,0.1517,0.4901,0.3582,3
32,0.1547,0.4696,0.3757,3
33,0.1584,0.4493,0.3923,3
34,0.1645,0.4302,0.4053,3
35,0.1701,0.4177,0.4122,3
36,0.1801,0.4061,0.4138,3
37,0.1788,0.4083,0.4129,3
38,0.1812,0.4072,0.4116,3
39,0.1796,0.4152,0.4052,3
40,0.1838,0.4215,0.3947,3
41,0.1878,0.4304,0.3818,3
42,0.1874,0.4432,0.3694,3
43,0.1818,0.4556,0.3626,3
44,0.1809,0.4603,0.3588,3
45,0.1786,0.4627,0.3587,3
46,0.1737,0.4624,0.3639,3
47,0.1607,0.4681,0.3712,3
48,0.1504,0.464,0.3856,3
49,0.1518,0.4476,0.4006,3
50,0.1532,0.4316,0.4152,3
51,0.1565,0.4162,0.4273,3
52,0.165,0.402,0.433,3
53,0.1728,0.3952,0.432,3
54,0.1789,0.3958,0.4253,3
55,0.1831,0.4004,0.4165,3
56,0.1824,0.4055,0.4121,3
57,0.1793,0.4149,0.4058,3
58,0.1821,0.4139,0.404,3
59,0.1866,0.4117,0.4017,3
60,0.1827,0.4144,0.4029,3
61,0.1806,0.4115,0.4079,3
62,0.182,0.4067,0.4113,3
63,0.1837,0.4021,0.4142,3
64,0.1864,0.4004,0.4132,3
65,0.1874,0.3996,0.413,3
66,0.1816,0.4042,0.4142,3
67,0.1831,0.4058,0.4111,3
68,0.1886,0.4051,0.4063,3
69,0.1936,0.4079,0.3985,3
70,0.1907,0.4197,0.3896,3
71,0.1781,0.4354,0.3865,3
72,0.1769,0.4378,0.3853,3
73,0.1778,0.4374,0.3848,3
74,0.1788,0.4355,0.3857,3
75,0.1786,0.4365,0.3849,3
76,0.1774,0.4384,0.3842,3
77,0.1787,0.4378,0.3835,3
78,0.1773,0.4366,0.3861,3
79,0.1817,0.4335,0.3848,3
80,0.1883,0.4316,0.3801,3
81,0.187,0.4375,0.3755,3
82,0.1821,0.4421,0.3758,3
83,0.1824,0.4374,0.3802,3
84,0.1815,0.4358,0.3827,3
85,0.1881,0.4286,0.3833,3
86,0.1944,0.4275,0.3781,3
87,0.2019,0.4277,0.3704,3
88,0.1962,0.4367,0.3671,3
89,0.1947,0.4377,0.3676,3
90,0.1805,0.4451,0.3744,3
91,0.1859,0.4289,0.3852,3
92,0.1912,0.4196,0.3892,3
93,0.202,0.4093,0.3887,3
94,0.2093,0.4112,0.3795,3
95,0.2174,0.4139,0.3687,3
96,0.2159,0.4282,0.3559,3
97,0.2201,0.4334,0.3465,3
98,0.2185,0.4438,0.3377,3
99,0.2167,0.4553,0.328,3
100,0.2128,0.4684,0.3188,3
101,0.2067,0.4785,0.3148,3
102,0.1987,0.4895,0.3118,3
103,0.1888,0.4903,0.3209,3
104,0.1832,0.483,0.3338,3
105,0.1905,0.4558,0.3537,3
106,0.1939,0.4396,0.3665,3
107,0.2078,0.4188,0.3734,3
108,0.2178,0.4146,0.3676,3
109,0.2294,0.4151,0.3555,3
110,0.2304,0.4292,0.3404,3
111,0.231,0.4412,0.3278,3
112,0.2231,0.46,0.3169,3
113,0.219,0.4725,0.3085,3
114,0.2058,0.4898,0.3044,3
115,0.2016,0.4924,0.306,3
116,0.1988,0.4895,0.3117,3
117,0.2016,0.4828,0.3156,3
118,0.204,0.4796,0.3164,3
119,0.2067,0.4751,0.3182,3
120,0.2143,0.4686,0.3171,3
121,0.208,0.4746,0.3174,3
122,0.2092,0.4709,0.3199,3
123,0.2123,0.4647,0.323,3
124,0.2104,0.4609,0.3287,3
125,0.2085,0.4573,0.3342,3
126,0.2066,0.4515,0.3419,3
127,0.206,0.4463,0.3477,3
128,0.2112,0.4387,0.3501,3
129,0.2098,0.4381,0.3521,3
130,0.2168,0.433,0.3502,3
131,0.2159,0.4383,0.3458,3
132,0.2119,0.4422,0.3459,3
133,0.2123,0.4406,0.3471,3
134,0.2098,0.4381,0.3521,3
135,0.2091,0.4313,0.3596,3
136,0.2074,0.4271,0.3655,3
137,0.2057,0.4267,0.3676,3
138,0.207,0.4247,0.3683,3
139,0.2072,0.4204,0.3724,3
140,0.2103,0.4144,0.3753,3
141,0.2161,0.406,0.3779,3
142,0.2236,0.4018,0.3746,3
143,0.2253,0.4073,0.3674,3
144,0.2234,0.4157,0.3609,3
145,0.215,0.4279,0.3571,3
146,0.2024,0.438,0.3596,3
147,0.1977,0.4388,0.3635,3
148,0.1946,0.4354,0.37,3
149,0.192,0.431,0.377,3
150,0.1966,0.4172,0.3862,3
151,0.2,0.4119,0.3881,3
152,0.2045,0.4048,0.3907,3
153,0.2044,0.408,0.3876,3
154,0.2082,0.4095,0.3823,3
155,0.206,0.4201,0.3739,3
156,0.2062,0.4224,0.3714,3
157,0.2068,0.4226,0.3706,3
158,0.2064,0.4239,0.3697,3
159,0.2047,0.4236,0.3717,3
160,0.2072,0.4207,0.3721,3
161,0.2127,0.4174,0.3699,3
162,0.2115,0.4195,0.369,3
163,0.2143,0.4162,0.3695,3
164,0.2154,0.4194,0.3652,3
165,0.2089,0.4249,0.3662,3
166,0.2113,0.4235,0.3652,3
167,0.2098,0.4261,0.3641,3
168,0.21,0.4223,0.3677,3
169,0.2083,0.424,0.3677,3
170,0.2067,0.4256,0.3677,3
171,0.2094,0.4166,0.374,3
172,0.2168,0.409,0.3742,3
173,0.22,0.4049,0.3751,3
174,0.214,0.4117,0.3743,3
175,0.2107,0.4161,0.3732,3
176,0.2119,0.4183,0.3698,3
177,0.2105,0.4194,0.3701,3
178,0.2059,0.4225,0.3716,3
179,0.2045,0.4225,0.373,3
180,0.2127,0.4145,0.3728,3
181,0.2139,0.4151,0.371,3
182,0.2141,0.4142,0.3717,3
183,0.2107,0.4164,0.3729,3
184,0.2082,0.4136,0.3782,3
185,0.2097,0.4072,0.3831,3
186,0.2125,0.4023,0.3852,3
187,0.2141,0.3998,0.3861,3
188,0.2104,0.4052,0.3844,3
189,0.2014,0.4094,0.3892,3
190,0.1973,0.4115,0.3912,3
191,0.2053,0.4008,0.3939,3
192,0.2036,0.4006,0.3958,3
193,0.2044,0.3954,0.4002,3
194,0.202,0.3959,0.4021,3
195,0.2082,0.3877,0.4041,3
196,0.2134,0.3871,0.3995,3
197,0.2061,0.3949,0.399,3
198,0.2026,0.3971,0.4003,3
199,0.2109,0.3932,0.3959,3
200,0.2174,0.3954,0.3872,3
0,0.3358,0.3338,0.3304,4
1,0.5042,0.3954,0.1004,4
2,0.2422,0.731,0.0268,4
3,0.0591,0.9044,0.0365,4
4,0.0193,0.9075,0.0732,4
5,0.0227,0.8527,0.1246,4
6,0.0324,0.783,0.1846,4
7,0.0413,0.7116,0.2471,4
8,0.0539,0.6326,0.3135,4
9,0.0668,0.5561,0.3771,4
10,0.0803,0.4876,0.4321,4
11,0.0875,0.4352,0.4773,4
12,0.1047,0.3928,0.5025,4
13,0.1115,0.3724,0.5161,4
14,0.1262,0.3538,0.52,4
15,0.1308,0.3507,0.5185,4
16,0.1365,0.3494,0.5141,4
17,0.1396,0.356,0.5044,4
18,0.1407,0.3636,0.4957,4
19,0.1406,0.3757,0.4837,4
20,0.1406,0.3896,0.4698,4
21,0.1413,0.3998,0.4589,4
22,0.1503,0.4029,0.4468,4
23,0.1582,0.4108,0.431,4
24,0.1657,0.4195,0.4148,4
25,0.167,0.4344,0.3986,4
26,0.167,0.4479,0.3851,4
27,0.1678,0.4596,0.3726,4
28,0.1709,0.4696,0.3595,4
29,0.1748,0.4776,0.3476,4
30,0.1701,0.493,0.3369,4
31,0.1721,0.5026,0.3253,4
32,0.1722,0.5126,0.3152,4
33,0.1718,0.5192,0.309,4
34,0.1708,0.5238,0.3054,4
35,0.1712,0.5262,0.3026,4
36,0.1741,0.5248,0.3011,4
37,0.1777,0.5243,0.298,4
38,0.1762,0.5273,0.2965,4
39,0.1782,0.5269,0.2949,4
40,0.1787,0.5262,0.2951,4
41,0.1851,0.5239,0.291,4
42,0.1861,0.5301,0.2838,4
43,0.1885,0.5322,0.2793,4
44,0.1903,0.5383,0.2714,4
45,0.1917,0.5408,0.2675,4
46,0.186,0.5486,0.2654,4
47,0.1805,0.555,0.2645,4
48,0.1792,0.5606,0.2602,4
49,0.1752,0.5624,0.2624,4
50,0.1666,0.5632,0.2702,4
51,0.1715,0.549,0.2795,4
52,0.1673,0.5468,0.2859,4
53,0.1718,0.5348,0.2934,4
54,0.1681,0.5355,0.2964,4
55,0.1737,0.5294,0.2969,4
56,0.168,0.5356,0.2964,4
57,0.1649,0.5335,0.3016,4
58,0.1655,0.5248,0.3097,4
59,0.172,0.5103,0.3177,4
60,0.1715,0.5052,0.3233,4
61,0.1748,0.4978,0.3274,4
62,0.1802,0.4908,0.329,4
63,0.1767,0.4931,0.3302,4
64,0.1759,0.4918,0.3323,4
65,0.1739,0.4916,0.3345,4
66,0.1735,0.4892,0.3373,4
67,0.1762,0.4826,0.3412,4
68,0.1776,0.479,0.3434,4
69,0.1794,0.4764,0.3442,4
70,0.1803,0.4764,0.3433,4
71,0.1743,0.4767,0.349,4
72,0.175,0.4689,0.3561,4
73,0.1773,0.455,0.3677,4
74,0.1744,0.446,0.3796,4
75,0.1816,0.4271,0.3913,4
76,0.187,0.412,0.401,4
77,0.1898,0.3996,0.4106,4
78,0.1973,0.3851,0.4176,4
79,0.1924,0.3864,0.4212,4
80,0.197,0.3819,0.4211,4
81,0.2017,0.3798,0.4185,4
82,0.2101,0.3786,0.4113,4
83,0.2143,0.3858,0.3999,4
84,0.2065,0.4037,0.3898,4
85,0.2073,0.4132,0.3795,4
86,0.2093,0.4206,0.3701,4
87,0.2069,0.435,0.3581,4
88,0.2112,0.4359,0.3529,4
89,0.2081,0.4411,0.3508,4
90,0.2002,0.4448,0.355,4
91,0.1977,0.4404,0.3619,4
92,0.2008,0.428,0.3712,4
93,0.2074,0.4187,0.3739,4
94,0.2122,0.4157,0.3721,4
95,0.2152,0.4137,0.3711,4
96,0.2194,0.4106,0.37,4
97,0.2166,0.4152,0.3682,4
98,0.2145,0.4144,0.3711,4
99,0.2151,0.411,0.3739,4
100,0.2218,0.4045,0.3737,4
101,0.2226,0.4047,0.3727,4
102,0.2172,0.4101,0.3727,4
103,0.2131,0.4155,0.3714,4
104,0.2102,0.4182,0.3716,4
105,0.2096,0.4178,0.3726,4
106,0.21,0.4169,0.3731,4
107,0.2056,0.4215,0.3729,4
108,0.2114,0.4142,0.3744,4
109,0.2136,0.4119,0.3745,4
110,0.214,0.4159,0.3701,4
111,0.2146,0.4189,0.3665,4
112,0.2167,0.4215,0.3618,4
113,0.2191,0.4209,0.36,4
114,0.221,0.4205,0.3585,4
115,0.2225,0.4199,0.3576,4
116,0.2177,0.4213,0.361,4
117,0.2214,0.4151,0.3635,4
118,0.2243,0.4155,0.3602,4
119,0.2222,0.4177,0.3601,4
120,0.2238,0.4154,0.3608,4
121,0.2242,0.4178,0.358,4
122,0.2163,0.4253,0.3584,4
123,0.2057,0.4324,0.3619,4
124,0.2049,0.4274,0.3677,4
125,0.2003,0.4254,0.3743,4
126,0.2058,0.4125,0.3817,4
127,0.2072,0.4088,0.384,4
128,0.2056,0.4022,0.3922,4
129,0.1978,0.4043,0.3979,4
130,0.1991,0.3966,0.4043,4
131,0.1947,0.3974,0.4079,4
132,0.1963,0.387,0.4167,4
133,0.1982,0.3791,0.4227,4
134,0.1988,0.3721,0.4291,4
135,0.1982,0.3686,0.4332,4
136,0.2024,0.3628,0.4348,4
137,0.2069,0.3652,0.4279,4
138,0.2114,0.3684,0.4202,4
139,0.2056,0.3777,0.4167,4
140,0.1993,0.3845,0.4162,4
141,0.1912,0.3909,0.4179,4
142,0.1937,0.3847,0.4216,4
143,0.1946,0.3831,0.4223,4
144,0.2005,0.3798,0.4197,4
145,0.2088,0.3733,0.4179,4
146,0.2045,0.3794,0.4161,4
147,0.2028,0.3775,0.4197,4
148,0.2123,0.3698,0.4179,4
149,0.2125,0.3714,0.4161,4
150,0.2243,0.3671,0.4086,4
151,0.2207,0.3751,0.4042,4
152,0.2185,0.3798,0.4017,4
153,0.2134,0.3892,0.3974,4
154,0.2162,0.3918,0.392,4
155,0.2209,0.3904,0.3887,4
156,0.224,0.3855,0.3905,4
157,0.221,0.3938,0.3852,4
158,0.2198,0.3933,0.3869,4
159,0.218,0.3965,0.3855,4
160,0.2156,0.3949,0.3895,4
161,0.2172,0.3894,0.3934,4
162,0.2138,0.3863,0.3999,4
163,0.2133,0.3825,0.4042,4
164,0.2089,0.3824,0.4087,4
165,0.2043,0.3792,0.4165,4
166,0.1996,0.3753,0.4251,4
167,0.198,0.362,0.44,4
168,0.1996,0.3514,0.449,4
169,0.2066,0.3372,0.4562,4
170,0.2079,0.3403,0.4518,4
171,0.2161,0.3356,0.4483,4
172,0.2225,0.3407,0.4368,4
173,0.2285,0.344,0.4275,4
174,0.2295,0.3551,0.4154,4
175,0.2182,0.3712,0.4106,4
176,0.2159,0.3766,0.4075,4
177,0.2127,0.3772,0.4101,4
178,0.2116,0.3743,0.4141,4
179,0.2139,0.3673,0.4188,4
180,0.2172,0.3632,0.4196,4
181,0.2137,0.3677,0.4186,4
182,0.2137,0.3736,0.4127,4
183,0.2161,0.3772,0.4067,4
184,0.2199,0.3805,0.3996,4
185,0.2213,0.3871,0.3916,4
186,0.2303,0.3881,0.3816,4
187,0.2256,0.3973,0.3771,4
188,0.2227,0.4018,0.3755,4
189,0.2207,0.4056,0.3737,4
190,0.2204,0.4067,0.3729,4
191,0.2118,0.4119,0.3763,4
192,0.2104,0.4061,0.3835,4
193,0.2159,0.3956,0.3885,4
194,0.2176,0.3956,0.3868,4
195,0.2196,0.3928,0.3876,4
196,0.2187,0.3936,0.3877,4
197,0.2171,0.3961,0.3868,4
198,0.2162,0.3945,0.3893,4
199,0.2168,0.3917,0.3915,4
200,0.2152,0.3953,0.3895,4
0,0.3351,0.3317,0.3332,5
1,0.4957,0.4094,0.0949,5
2,0.2241,0.7463,0.0296,5
3,0.0499,0.9109,0.0392,5
4,0.0212,0.9097,0.0691,5
5,0.0219,0.8631,0.115,5
6,0.0267,0.8014,0.1719,5
7,0.0339,0.7307,0.2354,5
8,0.0434,0.6516,0.305,5
9,0.051,0.5727,0.3763,5
10,0.0628,0.4918,0.4454,5
11,0.0758,0.4154,0.5088,5
12,0.0849,0.3535,0.5616,5
13,0.0907,0.3082,0.6011,5
14,0.0978,0.2787,0.6235,5
15,0.1101,0.2629,0.627,5
16,0.1213,0.2597,0.619,5
17,0.1242,0.2706,0.6052,5
18,0.1335,0.2822,0.5843,5
19,0.1431,0.2984,0.5585,5
20,0.1496,0.3192,0.5312,5
21,0.1527,0.3432,0.5041,5
22,0.1541,0.3662,0.4797,5
23,0.1518,0.3894,0.4588,5
24,0.151,0.409,0.44,5
25,0.1491,0.4266,0.4243,5
26,0.1523,0.4365,0.4112,5
27,0.1554,0.4476,0.397,5
28,0.1637,0.4555,0.3808,5
29,0.166,0.4666,0.3674,5
30,0.1683,0.4826,0.3491,5
31,0.1662,0.5017,0.3321,5
32,0.1578,0.5229,0.3193,5
33,0.1585,0.5322,0.3093,5
34,0.157,0.5413,0.3017,5
35,0.1577,0.5418,0.3005,5
36,0.1543,0.5456,0.3001,5
37,0.1589,0.5398,0.3013,5
38,0.1531,0.5423,0.3046,5
39,0.1456,0.5416,0.3128,5
40,0.1358,0.5419,0.3223,5
41,0.1327,0.5328,0.3345,5
42,0.1331,0.5209,0.346,5
43,0.1344,0.5061,0.3595,5
44,0.1366,0.4924,0.371,5
45,0.1422,0.4775,0.3803,5
46,0.1452,0.4664,0.3884,5
47,0.1493,0.455,0.3957,5
48,0.1528,0.4496,0.3976,5
49,0.1599,0.4426,0.3975,5
50,0.1639,0.4438,0.3923,5
51,0.1675,0.4459,0.3866,5
52,0.165,0.4549,0.3801,5
53,0.1738,0.4513,0.3749,5
54,0.1709,0.4607,0.3684,5
55,0.1657,0.471,0.3633,5
56,0.1559,0.4812,0.3629,5
57,0.1446,0.4878,0.3676,5
58,0.145,0.481,0.374,5
59,0.1485,0.4718,0.3797,5
60,0.1469,0.4682,0.3849,5
61,0.1474,0.4625,0.3901,5
62,0.1457,0.4569,0.3974,5
63,0.1493,0.4435,0.4072,5
64,0.1506,0.4349,0.4145,5
65,0.1568,0.4216,0.4216,5
66,0.1593,0.4167,0.424,5
67,0.1714,0.4038,0.4248,5
68,0.1752,0.4037,0.4211,5
69,0.181,0.401,0.418,5
70,0.1788,0.4092,0.412,5
71,0.1833,0.4092,0.4075,5
72,0.1895,0.4111,0.3994,5
73,0.1895,0.4153,0.3952,5
74,0.1932,0.4167,0.3901,5
75,0.1989,0.416,0.3851,5
76,0.2008,0.4203,0.3789,5
77,0.2025,0.4224,0.3751,5
78,0.2058,0.4262,0.368,5
79,0.2152,0.4256,0.3592,5
80,0.2226,0.4301,0.3473,5
81,0.2273,0.4386,0.3341,5
82,0.219,0.4521,0.3289,5
83,0.204,0.4695,0.3265,5
84,0.1967,0.4748,0.3285,5
85,0.1944,0.4707,0.3349,5
86,0.1974,0.4604,0.3422,5
87,0.1985,0.4483,0.3532,5
88,0.1955,0.4394,0.3651,5
89,0.199,0.4362,0.3648,5
90,0.2031,0.4324,0.3645,5
91,0.2079,0.4301,0.362,5
92,0.2002,0.4354,0.3644,5
93,0.2006,0.4326,0.3668,5
94,0.209,0.4253,0.3657,5
95,0.2116,0.4265,0.3619,5
96,0.2085,0.4319,0.3596,5
97,0.203,0.4402,0.3568,5
98,0.2027,0.4444,0.3529,5
99,0.2042,0.446,0.3498,5
100,0.1979,0.4531,0.349,5
101,0.195,0.4485,0.3565,5
102,0.1949,0.4424,0.3627,5
103,0.1971,0.4349,0.368,5
104,0.2,0.4279,0.3721,5
105,0.2027,0.4265,0.3708,5
106,0.2031,0.4281,0.3688,5
107,0.2074,0.4275,0.3651,5
108,0.2,0.4344,0.3656,5
109,0.1992,0.4314,0.3694,5
110,0.2008,0.4243,0.3749,5
111,0.2014,0.4224,0.3762,5
112,0.1978,0.4239,0.3783,5
113,0.2008,0.4174,0.3818,5
114,0.2042,0.4089,0.3869,5
115,0.2069,0.4055,0.3876,5
116,0.2135,0.4049,0.3816,5
117,0.2143,0.4124,0.3733,5
118,0.2076,0.4223,0.3701,5
119,0.2077,0.4252,0.3671,5
120,0.2089,0.4278,0.3633,5
121,0.209,0.426,0.365,5
122,0.2068,0.4281,0.3651,5
123,0.2038,0.4316,0.3646,5
124,0.204,0.4289,0.3671,5
125,0.1982,0.4326,0.3692,5
126,0.2014,0.4251,0.3735,5
127,0.1977,0.4258,0.3765,5
128,0.2041,0.4154,0.3805,5
129,0.2049,0.4139,0.3812,5
130,0.2045,0.4125,0.383,5
131,0.205,0.4081,0.3869,5
132,0.1975,0.412,0.3905,5
133,0.2017,0.4015,0.3968,5
134,0.2007,0.399,0.4003,5
135,0.2112,0.3892,0.3996,5
136,0.2194,0.3895,0.3911,5
137,0.2202,0.4007,0.3791,5
138,0.2219,0.4058,0.3723,5
139,0.2159,0.4139,0.3702,5
140,0.2141,0.4178,0.3681,5
141,0.2168,0.4195,0.3637,5
142,0.2153,0.4212,0.3635,5
143,0.2063,0.4314,0.3623,5
144,0.208,0.4255,0.3665,5
145,0.2072,0.4211,0.3717,5
146,0.2054,0.4174,0.3772,5
147,0.2038,0.4105,0.3857,5
148,0.2048,0.4022,0.393,5
149,0.2047,0.3954,0.3999,5
150,0.2069,0.386,0.4071,5
151,0.2127,0.3763,0.411,5
152,0.2095,0.376,0.4145,5
153,0.2145,0.3648,0.4207,5
154,0.2205,0.3606,0.4189,5
155,0.2277,0.3597,0.4126,5
156,0.2277,0.3667,0.4056,5
157,0.2229,0.376,0.4011,5
158,0.2186,0.3815,0.3999,5
159,0.2212,0.3817,0.3971,5
160,0.22,0.3892,0.3908,5
161,0.2183,0.3951,0.3866,5
162,0.2184,0.4008,0.3808,5
163,0.2174,0.4038,0.3788,5
164,0.2139,0.409,0.3771,5
165,0.2106,0.4115,0.3779,5
166,0.212,0.4075,0.3805,5
167,0.211,0.4067,0.3823,5
168,0.2083,0.4074,0.3843,5
169,0.213,0.3977,0.3893,5
170,0.2175,0.3927,0.3898,5
171,0.2171,0.3904,0.3925,5
172,0.2182,0.3917,0.3901,5
173,0.2148,0.3933,0.3919,5
174,0.217,0.3862,0.3968,5
175,0.2183,0.3825,0.3992,5
176,0.2184,0.3815,0.4001,5
177,0.2157,0.3797,0.4046,5
178,0.2231,0.368,0.4089,5
179,0.2258,0.366,0.4082,5
180,0.2317,0.3598,0.4085,5
181,0.2308,0.3638,0.4054,5
182,0.2369,0.3607,0.4024,5
183,0.2264,0.3769,0.3967,5
184,0.2214,0.3856,0.393,5
185,0.2199,0.3929,0.3872,5
186,0.2172,0.3967,0.3861,5
187,0.2092,0.4014,0.3894,5
188,0.203,0.4002,0.3968,5
189,0.1984,0.395,0.4066,5
190,0.2021,0.382,0.4159,5
191,0.2069,0.3728,0.4203,5
192,0.2105,0.3668,0.4227,5
193,0.2132,0.3627,0.4241,5
194,0.2167,0.3642,0.4191,5
195,0.2248,0.3666,0.4086,5
196,0.2149,0.3828,0.4023,5
197,0.2148,0.3842,0.401,5
198,0.2116,0.3901,0.3983,5
199,0.2127,0.3879,0.3994,5
200,0.2096,0.3904,0.4,5
0,0.3364,0.3342,0.3294,6
1,0.4971,0.4093,0.0936,6
2,0.2237,0.7499,0.0264,6
3,0.0471,0.9124,0.0405,6
4,0.0177,0.9047,0.0776,6
5,0.0205,0.8507,0.1288,6
6,0.0267,0.7858,0.1875,6
7,0.0344,0.7154,0.2502,6
8,0.0437,0.642,0.3143,6
9,0.0521,0.5664,0.3815,6
10,0.0627,0.4968,0.4405,6
11,0.0763,0.4355,0.4882,6
12,0.0896,0.3872,0.5232,6
13,0.1026,0.35,0.5474,6
14,0.1159,0.3267,0.5574,6
15,0.1221,0.3181,0.5598,6
16,0.1349,0.3108,0.5543,6
17,0.1406,0.3153,0.5441,6
18,0.1488,0.3192,0.532,6
19,0.1525,0.3289,0.5186,6
20,0.1609,0.3386,0.5005,6
21,0.1762,0.3442,0.4796,6
22,0.178,0.3638,0.4582,6
23,0.1771,0.3846,0.4383,6
24,0.1816,0.4055,0.4129,6
25,0.1888,0.4224,0.3888,6
26,0.1889,0.4542,0.3569,6
27,0.1865,0.4816,0.3319,6
28,0.1844,0.5042,0.3114,6
29,0.1781,0.5216,0.3003,6
30,0.1803,0.5324,0.2873,6
31,0.1688,0.5492,0.282,6
32,0.164,0.551,0.285,6
33,0.1661,0.5447,0.2892,6
34,0.166,0.5405,0.2935,6
35,0.1623,0.5362,0.3015,6
36,0.1628,0.5259,0.3113,6
37,0.1664,0.513,0.3206,6
38,0.1731,0.5043,0.3226,6
39,0.1794,0.4995,0.3211,6
40,0.1808,0.4996,0.3196,6
41,0.178,0.5075,0.3145,6
42,0.1775,0.5157,0.3068,6
43,0.1874,0.5162,0.2964,6
44,0.1905,0.5231,0.2864,6
45,0.1896,0.5318,0.2786,6
46,0.1903,0.5401,0.2696,6
47,0.1869,0.5458,0.2673,6
48,0.1839,0.5422,0.2739,6
49,0.1889,0.5287,0.2824,6
50,0.1918,0.5165,0.2917,6
51,0.1899,0.5068,0.3033,6
52,0.1931,0.4971,0.3098,6
53,0.1978,0.4873,0.3149,6
54,0.1993,0.4813,0.3194,6
55,0.2046,0.4717,0.3237,6
56,0.2055,0.4685,0.326,6
57,0.2075,0.4657,0.3268,6
58,0.2103,0.4595,0.3302,6
59,0.2098,0.4592,0.331,6
60,0.2072,0.4643,0.3285,6
61,0.2045,0.469,0.3265,6
62,0.1996,0.4764,0.324,6
63,0.1986,0.4744,0.327,6
64,0.1959,0.4721,0.332,6
65,0.1964,0.4645,0.3391,6
66,0.1975,0.4581,0.3444,6
67,0.1995,0.4533,0.3472,6
68,0.1964,0.453,0.3506,6
69,0.1847,0.4581,0.3572,6
70,0.1827,0.4523,0.365,6
71,0.1801,0.4465,0.3734,6
72,0.1784,0.4382,0.3834,6
73,0.1734,0.4274,0.3992,6
74,0.1732,0.4176,0.4092,6
75,0.1673,0.4139,0.4188,6
76,0.1752,0.3967,0.4281,6
77,0.181,0.3856,0.4334,6
78,0.1909,0.3714,0.4377,6
79,0.1929,0.3743,0.4328,6
80,0.194,0.3766,0.4294,6
81,0.1965,0.3823,0.4212,6
82,0.2006,0.3856,0.4138,6
83,0.2,0.3931,0.4069,6
84,0.2006,0.3991,0.4003,6
85,0.205,0.3989,0.3961,6
86,0.2032,0.4033,0.3935,6
87,0.2055,0.4033,0.3912,6
88,0.2054,0.4076,0.387,6
89,0.2071,0.4138,0.3791,6
90,0.2106,0.4158,0.3736,6
91,0.2109,0.4212,0.3679,6
92,0.2181,0.4208,0.3611,6
93,0.215,0.4323,0.3527,6
94,0.2092,0.4415,0.3493,6
95,0.1976,0.4542,0.3482,6
96,0.1911,0.4573,0.3516,6
97,0.1882,0.4536,0.3582,6
98,0.1931,0.4394,0.3675,6
99,0.1878,0.4355,0.3767,6
100,0.1872,0.426,0.3868,6
101,0.1876,0.4163,0.3961,6
102,0.1993,0.4024,0.3983,6
103,0.2086,0.3961,0.3953,6
104,0.2115,0.395,0.3935,6
105,0.2033,0.4007,0.396,6
106,0.2009,0.4027,0.3964,6
107,0.2041,0.4003,0.3956,6
108,0.199,0.4077,0.3933,6
109,0.196,0.4076,0.3964,6
110,0.1964,0.4038,0.3998,6
111,0.1986,0.3967,0.4047,6
112,0.1999,0.3897,0.4104,6
113,0.2037,0.383,0.4133,6
114,0.206,0.3793,0.4147,6
115,0.2015,0.3786,0.4199,6
116,0.1983,0.3773,0.4244,6
117,0.201,0.3675,0.4315,6
118,0.2001,0.3625,0.4374,6
119,0.1987,0.3586,0.4427,6
120,0.197,0.3517,0.4513,6
121,0.2001,0.3448,0.4551,6
122,0.2027,0.3433,0.454,6
123,0.2059,0.3383,0.4558,6
124,0.2117,0.3371,0.4512,6
125,0.2115,0.3436,0.4449,6
126,0.2141,0.3459,0.44,6
127,0.2127,0.352,0.4353,6
128,0.2137,0.3589,0.4274,6
129,0.2081,0.3695,0.4224,6
130,0.2082,0.375,0.4168,6
131,0.2054,0.3795,0.4151,6
132,0.2083,0.3808,0.4109,6
133,0.2025,0.3884,0.4091,6
134,0.2024,0.3896,0.408,6
135,0.2029,0.3904,0.4067,6
136,0.2086,0.3835,0.4079,6
137,0.2052,0.3863,0.4085,6
138,0.2077,0.3849,0.4074,6
139,0.206,0.386,0.408,6
140,0.2027,0.3842,0.4131,6
141,0.2069,0.3784,0.4147,6
142,0.2114,0.3779,0.4107,6
143,0.2138,0.3778,0.4084,6
144,0.2144,0.3845,0.4011,6
145,0.2175,0.3922,0.3903,6
146,0.2185,0.4029,0.3786,6
147,0.2137,0.414,0.3723,6
148,0.2107,0.423,0.3663,6
149,0.209,0.4319,0.3591,6
150,0.2068,0.4413,0.3519,6
151,0.1983,0.4485,0.3532,6
152,0.1941,0.4411,0.3648,6
153,0.1952,0.4268,0.378,6
154,0.21,0.4092,0.3808,6
155,0.212,0.4084,0.3796,6
156,0.2128,0.4031,0.3841,6
157,0.2084,0.4062,0.3854,6
158,0.2073,0.4081,0.3846,6
159,0.2126,0.4083,0.3791,6
160,0.2237,0.407,0.3693,6
161,0.2264,0.4154,0.3582,6
162,0.2295,0.4241,0.3464,6
163,0.2194,0.4415,0.3391,6
164,0.2094,0.4537,0.3369,6
165,0.1977,0.4613,0.341,6
166,0.1926,0.4583,0.3491,6
167,0.1875,0.4522,0.3603,6
168,0.1912,0.4358,0.373,6
169,0.1929,0.4218,0.3853,6
170,0.196,0.4098,0.3942,6
171,0.2034,0.3972,0.3994,6
172,0.2024,0.3919,0.4057,6
173,0.1999,0.3908,0.4093,6
174,0.2001,0.3873,0.4126,6
175,0.207,0.3804,0.4126,6
176,0.2135,0.3781,0.4084,6
177,0.212,0.3851,0.4029,6
178,0.2174,0.3845,0.3981,6
179,0.2049,0.3981,0.397,6
180,0.1972,0.4041,0.3987,6
181,0.1917,0.407,0.4013,6
182,0.1941,0.3948,0.4111,6
183,0.1964,0.3893,0.4143,6
184,0.2033,0.3764,0.4203,6
185,0.2043,0.3792,0.4165,6
186,0.2115,0.3762,0.4123,6
187,0.2065,0.3909,0.4026,6
188,0.2111,0.3947,0.3942,6
189,0.2075,0.407,0.3855,6
190,0.1978,0.4181,0.3841,6
191,0.1913,0.4198,0.3889,6
192,0.201,0.4099,0.3891,6
193,0.2074,0.4038,0.3888,6
194,0.21,0.4012,0.3888,6
195,0.2164,0.3974,0.3862,6
196,0.2176,0.3995,0.3829,6
197,0.2197,0.4023,0.378,6
198,0.2248,0.4013,0.3739,6
199,0.2208,0.4123,0.3669,6
200,0.2228,0.4136,0.3636,6
0,0.337,0.3335,0.3295,7
1,0.4931,0.4087,0.0982,7
2,0.2309,0.7366,0.0325,7
3,0.0602,0.8948,0.045,7
4,0.0228,0.8953,0.0819,7
5,0.0284,0.8398,0.1318,7
6,0.041,0.7717,0.1873,7
7,0.0558,0.695,0.2492,7
8,0.0702,0.6171,0.3127,7
9,0.0858,0.5451,0.3691,7
10,0.1048,0.4798,0.4154,7
11,0.1211,0.4261,0.4528,7
12,0.139,0.3862,0.4748,7
13,0.155,0.3608,0.4842,7
14,0.1651,0.3513,0.4836,7
15,0.1742,0.3484,0.4774,7
16,0.1809,0.3562,0.4629,7
17,0.1838,0.3738,0.4424,7
18,0.1891,0.391,0.4199,7
19,0.1886,0.4174,0.394,7
20,0.1919,0.4393,0.3688,7
21,0.1856,0.4607,0.3537,7
22,0.1768,0.4806,0.3426,7
23,0.1746,0.4852,0.3402,7
24,0.1759,0.4804,0.3437,7
25,0.1777,0.4731,0.3492,7
26,0.1838,0.462,0.3542,7
27,0.1904,0.4574,0.3522,7
28,0.1994,0.455,0.3456,7
29,0.1931,0.4604,0.3465,7
30,0.1853,0.4679,0.3468,7
31,0.1833,0.4703,0.3464,7
32,0.1865,0.4716,0.3419,7
33,0.1855,0.4787,0.3358,7
34,0.1902,0.4818,0.328,7
35,0.1841,0.4928,0.3231,7
36,0.181,0.4969,0.3221,7
37,0.1769,0.5038,0.3193,7
38,0.1784,0.5061,0.3155,7
39,0.1791,0.5076,0.3133,7
40,0.1884,0.5004,0.3112,7
41,0.1844,0.5039,0.3117,7
42,0.1666,0.5114,0.322,7
43,0.1677,0.5001,0.3322,7
44,0.17,0.4943,0.3357,7
45,0.1758,0.4836,0.3406,7
46,0.1811,0.4731,0.3458,7
47,0.1858,0.4636,0.3506,7
48,0.1925,0.4561,0.3514,7
49,0.2011,0.4496,0.3493,7
50,0.2034,0.4491,0.3475,7
51,0.2038,0.4502,0.346,7
52,0.2031,0.4518,0.3451,7
53,0.2112,0.4471,0.3417,7
54,0.2134,0.4495,0.3371,7
55,0.2101,0.4542,0.3357,7
56,0.2107,0.4545,0.3348,7
57,0.2113,0.4527,0.336,7
58,0.2114,0.4543,0.3343,7
59,0.2131,0.4516,0.3353,7
60,0.2109,0.4544,0.3347,7
61,0.2111,0.4556,0.3333,7
62,0.208,0.4568,0.3352,7
63,0.203,0.457,0.34,7
64,0.2009,0.4547,0.3444,7
65,0.1995,0.452,0.3485,7
66,0.2011,0.4471,0.3518,7
67,0.2054,0.4404,0.3542,7
68,0.2078,0.4358,0.3564,7
69,0.207,0.4374,0.3556,7
70,0.2052,0.4398,0.355,7
71,0.2046,0.4417,0.3537,7
72,0.1989,0.4485,0.3526,7
73,0.1873,0.4589,0.3538,7
74,0.1847,0.4584,0.3569,7
75,0.1804,0.4563,0.3633,7
76,0.1785,0.4501,0.3714,7
77,0.1846,0.4399,0.3755,7
78,0.185,0.4344,0.3806,7
79,0.182,0.4306,0.3874,7
80,0.1866,0.417,0.3964,7
81,0.1959,0.4003,0.4038,7
82,0.2043,0.3891,0.4066,7
83,0.2041,0.3898,0.4061,7
84,0.2054,0.3893,0.4053,7
85,0.2033,0.393,0.4037,7
86,0.2075,0.3944,0.3981,7
87,0.203,0.4002,0.3968,7
88,0.1992,0.4035,0.3973,7
89,0.1995,0.4007,0.3998,7
90,0.1984,0.4012,0.4004,7
91,0.1934,0.4047,0.4019,7
92,0.1928,0.4042,0.403,7
93,0.1944,0.4007,0.4049,7
94,0.1863,0.4094,0.4043,7
95,0.1839,0.41,0.4061,7
96,0.1906,0.4013,0.4081,7
97,0.1966,0.3969,0.4065,7
98,0.2002,0.3909,0.4089,7
99,0.2053,0.3842,0.4105,7
100,0.216,0.3826,0.4014,7
101,0.2209,0.3922,0.3869,7
102,0.2253,0.3988,0.3759,7
103,0.2281,0.411,0.3609,7
104,0.2257,0.4224,0.3519,7
105,0.2204,0.4329,0.3467,7
106,0.2214,0.4342,0.3444,7
107,0.2213,0.4349,0.3438,7
108,0.2201,0.4363,0.3436,7
109,0.2249,0.4349,0.3402,7
110,0.2177,0.4429,0.3394,7
111,0.217,0.4433,0.3397,7
112,0.2188,0.4415,0.3397,7
113,0.2233,0.4376,0.3391,7
114,0.2197,0.4382,0.3421,7
115,0.2212,0.4364,0.3424,7
116,0.2209,0.4358,0.3433,7
117,0.2216,0.4375,0.3409,7
118,0.2236,0.4362,0.3402,7
119,0.2226,0.4387,0.3387,7
120,0.2205,0.4377,0.3418,7
121,0.2152,0.4408,0.344,7
122,0.2166,0.4364,0.347,7
123,0.2172,0.4379,0.3449,7
124,0.2172,0.4395,0.3433,7
125,0.2178,0.4449,0.3373,7
126,0.223,0.4456,0.3314,7
127,0.2105,0.4618,0.3277,7
128,0.2127,0.4585,0.3288,7
129,0.2167,0.4546,0.3287,7
130,0.219,0.4446,0.3364,7
131,0.2108,0.443,0.3462,7
132,0.2118,0.4323,0.3559,7
133,0.221,0.4163,0.3627,7
134,0.2231,0.4142,0.3627,7
135,0.2173,0.4215,0.3612,7
136,0.2178,0.422,0.3602,7
137,0.2225,0.4189,0.3586,7
138,0.216,0.424,0.36,7
139,0.216,0.4254,0.3586,7
140,0.2181,0.4226,0.3593,7
141,0.22,0.4239,0.3561,7
142,0.2187,0.4253,0.356,7
143,0.2192,0.4278,0.353,7
144,0.215,0.4319,0.3531,7
145,0.2069,0.4423,0.3508,7
146,0.2005,0.4447,0.3548,7
147,0.2021,0.4375,0.3604,7
148,0.2007,0.433,0.3663,7
149,0.2038,0.4248,0.3714,7
150,0.2095,0.4155,0.375,7
151,0.2112,0.4121,0.3767,7
152,0.2195,0.408,0.3725,7
153,0.2191,0.417,0.3639,7
154,0.2161,0.4253,0.3586,7
155,0.2155,0.4239,0.3606,7
156,0.2163,0.4193,0.3644,7
157,0.2129,0.4181,0.369,7
158,0.2092,0.4105,0.3803,7
159,0.2078,0.4005,0.3917,7
160,0.2088,0.3876,0.4036,7
161,0.2175,0.3774,0.4051,7
162,0.2241,0.3751,0.4008,7
163,0.2258,0.381,0.3932,7
164,0.2233,0.3893,0.3874,7
165,0.2181,0.4003,0.3816,7
166,0.2142,0.4073,0.3785,7
167,0.2142,0.4064,0.3794,7
168,0.2145,0.4023,0.3832,7
169,0.2153,0.3968,0.3879,7
170,0.2135,0.3938,0.3927,7
171,0.2182,0.3862,0.3956,7
172,0.2215,0.3848,0.3937,7
173,0.2238,0.3906,0.3856,7
174,0.2186,0.3984,0.383,7
175,0.2129,0.4028,0.3843,7
176,0.2171,0.3961,0.3868,7
177,0.2235,0.3911,0.3854,7
178,0.2252,0.3945,0.3803,7
179,0.2279,0.396,0.3761,7
180,0.2216,0.4018,0.3766,7
181,0.2222,0.3973,0.3805,7
182,0.2212,0.3959,0.3829,7
183,0.2203,0.3916,0.3881,7
184,0.2162,0.3929,0.3909,7
185,0.2208,0.3874,0.3918,7
186,0.2188,0.3913,0.3899,7
187,0.223,0.3857,0.3913,7
188,0.2202,0.3914,0.3884,7
189,0.2209,0.3932,0.3859,7
190,0.2267,0.389,0.3843,7
191,0.2263,0.392,0.3817,7
192,0.2193,0.3963,0.3844,7
193,0.2104,0.4,0.3896,7
194,0.2122,0.3908,0.397,7
195,0.2192,0.3828,0.398,7
196,0.2312,0.3711,0.3977,7
197,0.2342,0.3752,0.3906,7
198,0.229,0.3847,0.3863,7
199,0.2208,0.3967,0.3825,7
200,0.218,0.3961,0.3859,7
0,0.3405,0.3206,0.3389,8
1,0.5227,0.3927,0.0846,8
2,0.239,0.7402,0.0208,8
3,0.0477,0.9213,0.031,8
4,0.0144,0.9254,0.0602,8
5,0.0159,0.8796,0.1045,8
6,0.0208,0.8177,0.1615,8
7,0.0268,0.7438,0.2294,8
8,0.032,0.6636,0.3044,8
9,0.039,0.5818,0.3792,8
10,0.0464,0.5047,0.4489,8
11,0.0544,0.4359,0.5097,8
12,0.067,0.3711,0.5619,8
13,0.079,0.3228,0.5982,8
14,0.0922,0.2871,0.6207,8
15,0.1039,0.2636,0.6325,8
16,0.1119,0.2545,0.6336,8
17,0.1264,0.2495,0.6241,8
18,0.1358,0.2599,0.6043,8
19,0.1464,0.2745,0.5791,8
20,0.1512,0.2992,0.5496,8
21,0.1519,0.3218,0.5263,8
22,0.1514,0.3441,0.5045,8
23,0.16,0.3569,0.4831,8
24,0.1641,0.3793,0.4566,8
25,0.17,0.3975,0.4325,8
26,0.1715,0.4202,0.4083,8
27,0.1683,0.4445,0.3872,8
28,0.1639,0.4682,0.3679,8
29,0.1699,0.4798,0.3503,8
30,0.1737,0.4923,0.334,8
31,0.1727,0.5051,0.3222,8
32,0.1629,0.5182,0.3189,8
33,0.1541,0.5239,0.322,8
34,0.1521,0.5191,0.3288,8
35,0.1501,0.5132,0.3367,8
36,0.1459,0.5074,0.3467,8
37,0.1464,0.4937,0.3599,8
38,0.15,0.4766,0.3734,8
39,0.1517,0.4598,0.3885,8
40,0.1609,0.4449,0.3942,8
41,0.1643,0.4373,0.3984,8
42,0.1663,0.433,0.4007,8
43,0.1642,0.4294,0.4064,8
44,0.1633,0.4286,0.4081,8
45,0.1653,0.4261,0.4086,8
46,0.1691,0.4257,0.4052,8
47,0.1707,0.4276,0.4017,8
48,0.1723,0.432,0.3957,8
49,0.176,0.4316,0.3924,8
50,0.1682,0.4355,0.3963,8
51,0.1714,0.4295,0.3991,8
52,0.179,0.4218,0.3992,8
53,0.1825,0.4195,0.398,8
54,0.1805,0.4247,0.3948,8
55,0.1696,0.4329,0.3975,8
56,0.1649,0.4315,0.4036,8
57,0.1686,0.4222,0.4092,8
58,0.1735,0.4178,0.4087,8
59,0.1824,0.4092,0.4084,8
60,0.1838,0.4084,0.4078,8
61,0.1892,0.4059,0.4049,8
62,0.1889,0.4117,0.3994,8
63,0.19,0.4199,0.3901,8
64,0.1938,0.4233,0.3829,8
65,0.1913,0.4321,0.3766,8
66,0.1825,0.441,0.3765,8
67,0.1705,0.4461,0.3834,8
68,0.1702,0.4374,0.3924,8
69,0.1763,0.4269,0.3968,8
70,0.1868,0.4151,0.3981,8
71,0.1949,0.4135,0.3916,8
72,0.2015,0.4157,0.3828,8
73,0.2018,0.4236,0.3746,8
74,0.2013,0.4307,0.368,8
75,0.1961,0.4426,0.3613,8
76,0.1878,0.4474,0.3648,8
77,0.1819,0.4451,0.373,8
78,0.1868,0.4307,0.3825,8
79,0.1882,0.4198,0.392,8
80,0.1941,0.4041,0.4018,8
81,0.2034,0.3933,0.4033,8
82,0.2097,0.3916,0.3987,8
83,0.2088,0.4017,0.3895,8
84,0.2002,0.4216,0.3782,8
85,0.1981,0.4332,0.3687,8
86,0.2008,0.4429,0.3563,8
87,0.1925,0.4577,0.3498,8
88,0.1908,0.4633,0.3459,8
89,0.1814,0.469,0.3496,8
90,0.1768,0.4653,0.3579,8
91,0.1742,0.4566,0.3692,8
92,0.1808,0.4403,0.3789,8
93,0.184,0.4302,0.3858,8
94,0.1877,0.4232,0.3891,8
95,0.1939,0.4174,0.3887,8
96,0.2063,0.412,0.3817,8
97,0.2132,0.4148,0.372,8
98,0.2122,0.4249,0.3629,8
99,0.2147,0.4281,0.3572,8
100,0.2099,0.4385,0.3516,8
101,0.2034,0.4497,0.3469,8
102,0.191,0.4593,0.3497,8
103,0.1837,0.4585,0.3578,8
104,0.1892,0.4456,0.3652,8
105,0.1882,0.4408,0.371,8
106,0.1912,0.4331,0.3757,8
107,0.1905,0.4308,0.3787,8
108,0.1923,0.4292,0.3785,8
109,0.2031,0.4211,0.3758,8
110,0.2081,0.424,0.3679,8
111,0.2007,0.4341,0.3652,8
112,0.1903,0.4422,0.3675,8
113,0.1909,0.4353,0.3738,8
114,0.196,0.4268,0.3772,8
115,0.2003,0.4212,0.3785,8
116,0.1995,0.4202,0.3803,8
117,0.2009,0.4163,0.3828,8
118,0.1965,0.4213,0.3822,8
119,0.1988,0.4179,0.3833,8
120,0.1993,0.418,0.3827,8
121,0.2055,0.4084,0.3861,8
122,0.2022,0.4125,0.3853,8
123,0.2026,0.4097,0.3877,8
