Generation,O,Y,B,sim
0,0.3348,0.3358,0.3294,1
1,0.5649,0.3617,0.0734,1
2,0.1807,0.8005,0.0188,1
3,0.0232,0.9445,0.0323,1
4,0.0147,0.9225,0.0628,1
5,0.0206,0.8739,0.1055,1
6,0.0258,0.8176,0.1566,1
7,0.0333,0.7527,0.214,1
8,0.0386,0.6863,0.2751,1
9,0.0469,0.6157,0.3374,1
10,0.0546,0.5461,0.3993,1
11,0.0604,0.4769,0.4627,1
12,0.0665,0.4115,0.522,1
13,0.0757,0.3505,0.5738,1
14,0.0849,0.307,0.6081,1
15,0.0945,0.2776,0.6279,1
16,0.1051,0.255,0.6399,1
17,0.1119,0.2474,0.6407,1
18,0.1243,0.2372,0.6385,1
19,0.1356,0.2337,0.6307,1
20,0.1379,0.2412,0.6209,1
21,0.1421,0.2478,0.6101,1
22,0.1501,0.2561,0.5938,1
23,0.1547,0.2653,0.58,1
24,0.1557,0.2748,0.5695,1
25,0.1618,0.2774,0.5608,1
26,0.1677,0.2822,0.5501,1
27,0.1741,0.2926,0.5333,1
28,0.1852,0.2966,0.5182,1
29,0.1893,0.3102,0.5005,1
30,0.195,0.3212,0.4838,1
31,0.1989,0.3315,0.4696,1
32,0.2026,0.3398,0.4576,1
33,0.1917,0.3576,0.4507,1
34,0.1884,0.363,0.4486,1
35,0.1935,0.3664,0.4401,1
36,0.2015,0.3664,0.4321,1
37,0.2053,0.3722,0.4225,1
38,0.1988,0.3903,0.4109,1
39,0.1876,0.4131,0.3993,1
40,0.1861,0.4234,0.3905,1
41,0.1761,0.4356,0.3883,1
42,0.1698,0.4353,0.3949,1
43,0.176,0.4235,0.4005,1
44,0.1759,0.4209,0.4032,1
45,0.1687,0.4291,0.4022,1
46,0.1696,0.4269,0.4035,1
47,0.1707,0.4223,0.407,1
48,0.1715,0.4214,0.4071,1
49,0.1728,0.4223,0.4049,1
50,0.1711,0.431,0.3979,1
51,0.1739,0.4385,0.3876,1
52,0.178,0.4508,0.3712,1
53,0.1785,0.4658,0.3557,1
54,0.1841,0.4746,0.3413,1
55,0.1834,0.487,0.3296,1
56,0.1829,0.4961,0.321,1
57,0.1807,0.5059,0.3134,1
58,0.1813,0.512,0.3067,1
59,0.1639,0.5301,0.306,1
60,0.1572,0.5238,0.319,1
61,0.1585,0.5097,0.3318,1
62,0.1666,0.4909,0.3425,1
63,0.1687,0.4762,0.3551,1
64,0.172,0.4646,0.3634,1
65,0.1731,0.4589,0.368,1
66,0.1706,0.4542,0.3752,1
67,0.1794,0.4404,0.3802,1
68,0.1872,0.4284,0.3844,1
69,0.1929,0.4203,0.3868,1
70,0.1892,0.4234,0.3874,1
71,0.1929,0.4309,0.3762,1
72,0.192,0.4436,0.3644,1
73,0.198,0.4513,0.3507,1
74,0.1938,0.4628,0.3434,1
75,0.1923,0.4717,0.336,1
76,0.1878,0.4819,0.3303,1
77,0.1888,0.4834,0.3278,1
78,0.19,0.4861,0.3239,1
79,0.1841,0.4925,0.3234,1
80,0.1785,0.4958,0.3257,1
81,0.1782,0.4924,0.3294,1
82,0.1761,0.4899,0.334,1
83,0.1781,0.4845,0.3374,1
84,0.1876,0.4715,0.3409,1
85,0.1888,0.4727,0.3385,1
86,0.194,0.4744,0.3316,1
87,0.1956,0.481,0.3234,1
88,0.1939,0.4831,0.323,1
89,0.1834,0.483,0.3336,1
90,0.1814,0.4695,0.3491,1
91,0.1824,0.4511,0.3665,1
92,0.1917,0.4308,0.3775,1
93,0.1965,0.4289,0.3746,1
94,0.2024,0.4311,0.3665,1
95,0.1972,0.4428,0.36,1
96,0.1983,0.4468,0.3549,1
97,0.1999,0.4515,0.3486,1
98,0.1884,0.4626,0.349,1
99,0.1778,0.4652,0.357,1
100,0.1831,0.4517,0.3652,1
101,0.1856,0.4455,0.3689,1
102,0.1891,0.4467,0.3642,1
103,0.1953,0.4488,0.3559,1
104,0.2021,0.4516,0.3463,1
105,0.2024,0.4623,0.3353,1
106,0.2114,0.4684,0.3202,1
107,0.2201,0.473,0.3069,1
108,0.2225,0.4888,0.2887,1
109,0.2042,0.5149,0.2809,1
110,0.1971,0.5241,0.2788,1
111,0.1923,0.5278,0.2799,1
112,0.1925,0.5222,0.2853,1
113,0.1966,0.5106,0.2928,1
114,0.1938,0.5079,0.2983,1
115,0.192,0.5062,0.3018,1
116,0.1964,0.5007,0.3029,1
117,0.1978,0.5002,0.302,1
118,0.1946,0.5025,0.3029,1
119,0.1842,0.5046,0.3112,1
120,0.1804,0.4959,0.3237,1
121,0.1878,0.4772,0.335,1
122,0.1898,0.4652,0.345,1
123,0.1916,0.4621,0.3463,1
124,0.191,0.4628,0.3462,1
125,0.1942,0.465,0.3408,1
126,0.199,0.4653,0.3357,1
127,0.1974,0.4749,0.3277,1
128,0.1947,0.4797,0.3256,1
129,0.1919,0.48,0.3281,1
130,0.1919,0.4761,0.332,1
131,0.1867,0.4764,0.3369,1
132,0.1908,0.4594,0.3498,1
133,0.2008,0.4402,0.359,1
134,0.1959,0.4459,0.3582,1
135,0.1956,0.4532,0.3512,1
136,0.1952,0.4592,0.3456,1
137,0.1871,0.4754,0.3375,1
138,0.1788,0.489,0.3322,1
139,0.1796,0.4885,0.3319,1
140,0.1838,0.4812,0.335,1
141,0.1926,0.4729,0.3345,1
142,0.2033,0.4629,0.3338,1
143,0.1997,0.4598,0.3405,1
144,0.1982,0.454,0.3478,1
145,0.2053,0.4422,0.3525,1
146,0.2146,0.4449,0.3405,1
147,0.2201,0.4487,0.3312,1
148,0.2238,0.4588,0.3174,1
149,0.2114,0.4834,0.3052,1
150,0.1911,0.4999,0.309,1
151,0.1868,0.4913,0.3219,1
152,0.1882,0.4784,0.3334,1
153,0.201,0.4595,0.3395,1
154,0.2087,0.4546,0.3367,1
155,0.2134,0.45,0.3366,1
156,0.2164,0.444,0.3396,1
157,0.2145,0.446,0.3395,1
158,0.2184,0.4495,0.3321,1
159,0.2273,0.4488,0.3239,1
160,0.2264,0.4601,0.3135,1
161,0.2211,0.472,0.3069,1
162,0.2274,0.4681,0.3045,1
163,0.2275,0.4713,0.3012,1
164,0.2185,0.4787,0.3028,1
165,0.2153,0.4789,0.3058,1
166,0.2046,0.4845,0.3109,1
167,0.1986,0.4802,0.3212,1
168,0.2028,0.4711,0.3261,1
169,0.2163,0.456,0.3277,1
170,0.2239,0.4521,0.324,1
171,0.2252,0.4511,0.3237,1
172,0.2175,0.4661,0.3164,1
173,0.2181,0.4765,0.3054,1
174,0.2159,0.492,0.2921,1
175,0.2141,0.5033,0.2826,1
176,0.1958,0.518,0.2862,1
177,0.1926,0.5127,0.2947,1
178,0.197,0.503,0.3,1
179,0.2006,0.493,0.3064,1
180,0.2034,0.4854,0.3112,1
181,0.2061,0.4799,0.314,1
182,0.2021,0.4853,0.3126,1
183,0.2086,0.4885,0.3029,1
184,0.2003,0.5034,0.2963,1
185,0.1854,0.5118,0.3028,1
186,0.1791,0.5175,0.3034,1
187,0.1784,0.5097,0.3119,1
188,0.1797,0.4916,0.3287,1
189,0.1792,0.4708,0.35,1
190,0.1838,0.4422,0.374,1
191,0.1983,0.4217,0.38,1
192,0.2037,0.4269,0.3694,1
193,0.213,0.4309,0.3561,1
194,0.209,0.4455,0.3455,1
195,0.2102,0.4584,0.3314,1
196,0.2051,0.4729,0.322,1
197,0.207,0.4748,0.3182,1
198,0.2094,0.4766,0.314,1
199,0.2112,0.4729,0.3159,1
200,0.2118,0.4733,0.3149,1
0,0.3368,0.3332,0.33,2
1,0.5848,0.3506,0.0646,2
2,0.1851,0.8038,0.0111,2
3,0.0258,0.9538,0.0204,2
4,0.0062,0.9498,0.044,2
5,0.0098,0.9155,0.0747,2
6,0.0136,0.8758,0.1106,2
7,0.0163,0.8344,0.1493,2
8,0.0197,0.7878,0.1925,2
9,0.0245,0.7351,0.2404,2
10,0.029,0.6787,0.2923,2
11,0.0329,0.6225,0.3446,2
12,0.0391,0.5656,0.3953,2
13,0.0463,0.5118,0.4419,2
14,0.0517,0.4624,0.4859,2
15,0.0599,0.4156,0.5245,2
16,0.0668,0.3752,0.558,2
17,0.073,0.3396,0.5874,2
18,0.0753,0.3074,0.6173,2
19,0.0826,0.2745,0.6429,2
20,0.0889,0.2542,0.6569,2
21,0.0997,0.2429,0.6574,2
22,0.1081,0.2375,0.6544,2
23,0.1174,0.2345,0.6481,2
24,0.1237,0.238,0.6383,2
25,0.1307,0.2505,0.6188,2
26,0.1381,0.2634,0.5985,2
27,0.1454,0.275,0.5796,2
28,0.1466,0.2931,0.5603,2
29,0.1544,0.3041,0.5415,2
30,0.1548,0.3221,0.5231,2
31,0.1585,0.3357,0.5058,2
32,0.153,0.3603,0.4867,2
33,0.151,0.378,0.471,2
34,0.1564,0.3875,0.4561,2
35,0.1629,0.396,0.4411,2
36,0.1665,0.406,0.4275,2
37,0.179,0.4064,0.4146,2
38,0.1786,0.4176,0.4038,2
39,0.1859,0.4158,0.3983,2
40,0.1938,0.4213,0.3849,2
41,0.1916,0.4355,0.3729,2
42,0.1843,0.4539,0.3618,2
43,0.1839,0.4591,0.357,2
44,0.1844,0.4603,0.3553,2
45,0.1881,0.4614,0.3505,2
46,0.1821,0.4665,0.3514,2
47,0.1685,0.4754,0.3561,2
48,0.1694,0.4661,0.3645,2
49,0.1676,0.4609,0.3715,2
50,0.1688,0.4561,0.3751,2
51,0.1684,0.4604,0.3712,2
52,0.18,0.4562,0.3638,2
53,0.1867,0.4633,0.35,2
54,0.183,0.4764,0.3406,2
55,0.1754,0.4951,0.3295,2
56,0.1823,0.5047,0.313,2
57,0.1913,0.5137,0.295,2
58,0.1918,0.5293,0.2789,2
59,0.1839,0.5494,0.2667,2
60,0.1754,0.5603,0.2643,2
61,0.1753,0.5619,0.2628,2
62,0.1797,0.5587,0.2616,2
63,0.182,0.5545,0.2635,2
64,0.1753,0.5588,0.2659,2
65,0.1767,0.5505,0.2728,2
66,0.1746,0.5477,0.2777,2
67,0.167,0.5429,0.2901,2
68,0.1591,0.5308,0.3101,2
69,0.1681,0.4992,0.3327,2
70,0.1639,0.4819,0.3542,2
71,0.1689,0.4581,0.373,2
72,0.1757,0.4359,0.3884,2
73,0.1845,0.4139,0.4016,2
74,0.1985,0.3995,0.402,2
75,0.2029,0.403,0.3941,2
76,0.2064,0.4088,0.3848,2
77,0.2022,0.4261,0.3717,2
78,0.2055,0.4306,0.3639,2
79,0.2095,0.4349,0.3556,2
80,0.2135,0.437,0.3495,2
81,0.2114,0.4446,0.344,2
82,0.2179,0.4422,0.3399,2
83,0.2113,0.4522,0.3365,2
84,0.208,0.4583,0.3337,2
85,0.2044,0.4623,0.3333,2
86,0.2076,0.4564,0.336,2
87,0.2096,0.451,0.3394,2
88,0.2141,0.4462,0.3397,2
89,0.2244,0.4388,0.3368,2
90,0.2135,0.4516,0.3349,2
91,0.1952,0.4685,0.3363,2
92,0.1933,0.4605,0.3462,2
93,0.2011,0.444,0.3549,2
94,0.2003,0.4358,0.3639,2
95,0.2087,0.4248,0.3665,2
96,0.2095,0.4276,0.3629,2
97,0.2106,0.4332,0.3562,2
98,0.2145,0.4371,0.3484,2
99,0.218,0.4445,0.3375,2
100,0.2267,0.446,0.3273,2
101,0.2268,0.4671,0.3061,2
102,0.22,0.4879,0.2921,2
103,0.2101,0.5028,0.2871,2
104,0.2059,0.5032,0.2909,2
105,0.2095,0.4943,0.2962,2
106,0.2155,0.4773,0.3072,2
107,0.219,0.4766,0.3044,2
108,0.2096,0.4837,0.3067,2
109,0.2114,0.486,0.3026,2
110,0.2097,0.4924,0.2979,2
111,0.2056,0.5005,0.2939,2
112,0.2023,0.5055,0.2922,2
113,0.1908,0.5102,0.299,2
114,0.1782,0.502,0.3198,2
115,0.1772,0.4798,0.343,2
116,0.1835,0.4568,0.3597,2
117,0.1923,0.4387,0.369,2
118,0.1865,0.4404,0.3731,2
119,0.1866,0.4374,0.376,2
120,0.1892,0.4344,0.3764,2
121,0.1912,0.4282,0.3806,2
122,0.2001,0.4207,0.3792,2
123,0.1955,0.4285,0.376,2
124,0.2027,0.4304,0.3669,2
125,0.2025,0.4451,0.3524,2
126,0.1983,0.4522,0.3495,2
127,0.202,0.445,0.353,2
128,0.206,0.4446,0.3494,2
129,0.2102,0.4497,0.3401,2
130,0.2091,0.4615,0.3294,2
131,0.2081,0.4691,0.3228,2
132,0.2066,0.4809,0.3125,2
133,0.1959,0.4958,0.3083,2
134,0.1911,0.4998,0.3091,2
135,0.1952,0.4916,0.3132,2
136,0.2027,0.4832,0.3141,2
137,0.1943,0.4853,0.3204,2
138,0.1919,0.4807,0.3274,2
139,0.1917,0.474,0.3343,2
140,0.1859,0.4724,0.3417,2
141,0.189,0.4664,0.3446,2
142,0.2003,0.4566,0.3431,2
143,0.2109,0.448,0.3411,2
144,0.2121,0.452,0.3359,2
145,0.2115,0.4571,0.3314,2
146,0.2134,0.4627,0.3239,2
147,0.2183,0.4672,0.3145,2
148,0.2146,0.4778,0.3076,2
149,0.2082,0.4886,0.3032,2
150,0.2045,0.4928,0.3027,2
151,0.2124,0.4896,0.298,2
152,0.2212,0.487,0.2918,2
153,0.208,0.5013,0.2907,2
154,0.1955,0.5109,0.2936,2
155,0.1927,0.5041,0.3032,2
156,0.1902,0.4941,0.3157,2
157,0.1925,0.4868,0.3207,2
158,0.1957,0.4799,0.3244,2
159,0.1954,0.4817,0.3229,2
160,0.193,0.4874,0.3196,2
161,0.1911,0.4904,0.3185,2
162,0.1851,0.4948,0.3201,2
163,0.1913,0.4852,0.3235,2
164,0.1916,0.4875,0.3209,2
165,0.1882,0.4908,0.321,2
166,0.1749,0.4995,0.3256,2
167,0.1809,0.4908,0.3283,2
168,0.1846,0.4855,0.3299,2
169,0.1933,0.4815,0.3252,2
170,0.1962,0.4813,0.3225,2
171,0.2038,0.4771,0.3191,2
172,0.2153,0.4746,0.3101,2
173,0.2114,0.4847,0.3039,2
174,0.2016,0.5011,0.2973,2
175,0.209,0.4917,0.2993,2
176,0.2161,0.4831,0.3008,2
177,0.2095,0.4857,0.3048,2
178,0.2127,0.4831,0.3042,2
179,0.2094,0.4822,0.3084,2
180,0.2055,0.4887,0.3058,2
181,0.2079,0.4901,0.302,2
182,0.2054,0.4942,0.3004,2
183,0.2068,0.4917,0.3015,2
184,0.2,0.497,0.303,2
185,0.2041,0.4924,0.3035,2
186,0.2034,0.4959,0.3007,2
187,0.1986,0.4976,0.3038,2
188,0.1913,0.5002,0.3085,2
189,0.1859,0.4955,0.3186,2
190,0.1881,0.4877,0.3242,2
191,0.1952,0.4746,0.3302,2
192,0.1948,0.4783,0.3269,2
193,0.1948,0.4766,0.3286,2
194,0.1988,0.4726,0.3286,2
195,0.2116,0.4644,0.324,2
196,0.22,0.4655,0.3145,2
197,0.221,0.4785,0.3005,2
198,0.2196,0.4971,0.2833,2
199,0.2125,0.5159,0.2716,2
200,0.1959,0.5378,0.2663,2
0,0.3402,0.3357,0.3241,3
1,0.5519,0.3777,0.0704,3
2,0.1786,0.8025,0.0189,3
3,0.0283,0.9384,0.0333,3
4,0.0169,0.9146,0.0685,3
5,0.0209,0.8624,0.1167,3
6,0.0275,0.8038,0.1687,3
7,0.0365,0.7428,0.2207,3
8,0.0446,0.6837,0.2717,3
9,0.0557,0.6249,0.3194,3
10,0.0629,0.5695,0.3676,3
11,0.0736,0.5097,0.4167,3
12,0.0851,0.4494,0.4655,3
13,0.0966,0.3954,0.508,3
14,0.1039,0.3638,0.5323,3
15,0.1176,0.3384,0.544,3
16,0.127,0.3287,0.5443,3
17,0.1333,0.3335,0.5332,3
18,0.1445,0.3365,0.519,3
19,0.1566,0.3428,0.5006,3
20,0.169,0.3534,0.4776,3
21,0.1804,0.3682,0.4514,3
22,0.1809,0.3915,0.4276,3
23,0.1841,0.4095,0.4064,3
24,0.1781,0.4334,0.3885,3
25,0.1806,0.4473,0.3721,3
26,0.1809,0.4614,0.3577,3
27,0.173,0.4807,0.3463,3
28,0.1643,0.4983,0.3374,3
29,0.1634,0.4978,0.3388,3
30,0.1638,0.4876,0.3486,3
31,0.1757,0.4691,0.3552,3
32,0.1851,0.4628,0.3521,3
33,0.1898,0.4658,0.3444,3
34,0.1851,0.4844,0.3305,3
35,0.1709,0.5114,0.3177,3
36,0.1735,0.518,0.3085,3
37,0.1635,0.5297,0.3068,3
38,0.1506,0.5364,0.313,3
39,0.1533,0.5215,0.3252,3
40,0.1608,0.5029,0.3363,3
41,0.1671,0.4842,0.3487,3
42,0.1774,0.4624,0.3602,3
43,0.1958,0.4488,0.3554,3
44,0.2012,0.4554,0.3434,3
45,0.2003,0.4684,0.3313,3
46,0.1961,0.4788,0.3251,3
47,0.2011,0.4751,0.3238,3
48,0.196,0.4873,0.3167,3
49,0.183,0.4984,0.3186,3
50,0.1781,0.4975,0.3244,3
51,0.1736,0.4901,0.3363,3
52,0.1809,0.4741,0.345,3
53,0.1898,0.4573,0.3529,3
54,0.203,0.4391,0.3579,3
55,0.2039,0.4419,0.3542,3
56,0.2003,0.4518,0.3479,3
57,0.1864,0.4683,0.3453,3
58,0.1864,0.4729,0.3407,3
59,0.1951,0.4724,0.3325,3
60,0.2015,0.4767,0.3218,3
61,0.1943,0.4921,0.3136,3
62,0.1829,0.5049,0.3122,3
63,0.1732,0.5118,0.315,3
64,0.1733,0.5086,0.3181,3
65,0.1711,0.5022,0.3267,3
66,0.1587,0.5007,0.3406,3
67,0.1614,0.485,0.3536,3
68,0.1616,0.4759,0.3625,3
69,0.177,0.458,0.365,3
70,0.178,0.4583,0.3637,3
71,0.1802,0.466,0.3538,3
72,0.1889,0.4664,0.3447,3
73,0.1818,0.483,0.3352,3
74,0.1754,0.494,0.3306,3
75,0.1791,0.4901,0.3308,3
76,0.1795,0.4924,0.3281,3
77,0.1724,0.5038,0.3238,3
78,0.1769,0.4963,0.3268,3
79,0.1821,0.4933,0.3246,3
80,0.1772,0.4983,0.3245,3
81,0.1775,0.4941,0.3284,3
82,0.1879,0.4797,0.3324,3
83,0.1895,0.4761,0.3344,3
84,0.1866,0.4726,0.3408,3
85,0.1868,0.465,0.3482,3
86,0.1918,0.457,0.3512,3
87,0.2007,0.4484,0.3509,3
88,0.1946,0.4573,0.3481,3
89,0.1911,0.4519,0.357,3
90,0.199,0.4385,0.3625,3
91,0.2029,0.4384,0.3587,3
92,0.2065,0.4433,0.3502,3
93,0.2052,0.4534,0.3414,3
94,0.1873,0.4772,0.3355,3
95,0.1928,0.4738,0.3334,3
96,0.1892,0.4796,0.3312,3
97,0.1871,0.4728,0.3401,3
98,0.1783,0.4704,0.3513,3
99,0.1786,0.4507,0.3707,3
100,0.1828,0.4385,0.3787,3
101,0.1876,0.4257,0.3867,3
102,0.1965,0.4208,0.3827,3
103,0.2047,0.4195,0.3758,3
104,0.2071,0.4311,0.3618,3
105,0.2096,0.4515,0.3389,3
106,0.2103,0.4714,0.3183,3
107,0.2097,0.4847,0.3056,3
108,0.2032,0.5075,0.2893,3
109,0.2065,0.5129,0.2806,3
110,0.2036,0.5206,0.2758,3
111,0.1911,0.536,0.2729,3
112,0.1905,0.5336,0.2759,3
113,0.1774,0.5435,0.2791,3
114,0.1619,0.5506,0.2875,3
115,0.1599,0.5399,0.3002,3
116,0.162,0.5236,0.3144,3
117,0.1655,0.5066,0.3279,3
118,0.1713,0.4966,0.3321,3
119,0.1776,0.4873,0.3351,3
120,0.178,0.4852,0.3368,3
121,0.1791,0.4864,0.3345,3
122,0.1835,0.4801,0.3364,3
123,0.1871,0.475,0.3379,3
124,0.1949,0.4676,0.3375,3
125,0.1947,0.4687,0.3366,3
126,0.1883,0.4763,0.3354,3
127,0.1845,0.483,0.3325,3
128,0.19,0.4744,0.3356,3
129,0.1912,0.4644,0.3444,3
130,0.1976,0.4493,0.3531,3
131,0.1991,0.4433,0.3576,3
132,0.203,0.446,0.351,3
133,0.2031,0.4569,0.34,3
134,0.2028,0.4686,0.3286,3
135,0.2031,0.472,0.3249,3
136,0.1949,0.4854,0.3197,3
137,0.1968,0.4854,0.3178,3
138,0.2054,0.4828,0.3118,3
139,0.2026,0.4925,0.3049,3
140,0.1923,0.5026,0.3051,3
141,0.1859,0.5045,0.3096,3
142,0.1856,0.4994,0.315,3
143,0.1832,0.4952,0.3216,3
144,0.185,0.4935,0.3215,3
145,0.1902,0.4872,0.3226,3
146,0.1851,0.4976,0.3173,3
147,0.1905,0.4958,0.3137,3
148,0.195,0.4985,0.3065,3
149,0.1962,0.508,0.2958,3
150,0.1892,0.524,0.2868,3
151,0.1776,0.5403,0.2821,3
152,0.1722,0.5413,0.2865,3
153,0.1694,0.5357,0.2949,3
154,0.1743,0.52,0.3057,3
155,0.1762,0.5126,0.3112,3
156,0.1811,0.5096,0.3093,3
157,0.1862,0.5168,0.297,3
158,0.1895,0.5212,0.2893,3
159,0.1876,0.5229,0.2895,3
160,0.1933,0.5174,0.2893,3
161,0.1861,0.5154,0.2985,3
162,0.1835,0.5056,0.3109,3
163,0.1872,0.4926,0.3202,3
164,0.1834,0.4899,0.3267,3
165,0.1869,0.4824,0.3307,3
166,0.1887,0.4786,0.3327,3
167,0.1943,0.4745,0.3312,3
168,0.2032,0.4661,0.3307,3
169,0.1964,0.4757,0.3279,3
170,0.1911,0.4801,0.3288,3
171,0.1894,0.4742,0.3364,3
172,0.1964,0.4677,0.3359,3
173,0.2042,0.4621,0.3337,3
174,0.2077,0.464,0.3283,3
175,0.2085,0.469,0.3225,3
176,0.2059,0.4728,0.3213,3
177,0.2112,0.4706,0.3182,3
178,0.2094,0.4789,0.3117,3
179,0.2058,0.4811,0.3131,3
180,0.1915,0.492,0.3165,3
181,0.1876,0.4981,0.3143,3
182,0.1898,0.4954,0.3148,3
183,0.1955,0.4853,0.3192,3
184,0.1928,0.4808,0.3264,3
185,0.1955,0.468,0.3365,3
186,0.1908,0.4701,0.3391,3
187,0.1915,0.4647,0.3438,3
188,0.1944,0.4587,0.3469,3
189,0.195,0.4667,0.3383,3
190,0.2009,0.4617,0.3374,3
191,0.1866,0.4774,0.336,3
192,0.1845,0.476,0.3395,3
193,0.1958,0.4601,0.3441,3
194,0.1976,0.4533,0.3491,3
195,0.2019,0.4502,0.3479,3
196,0.2107,0.4563,0.333,3
197,0.2115,0.4715,0.317,3
198,0.2124,0.4895,0.2981,3
199,0.2073,0.512,0.2807,3
200,0.1994,0.5266,0.274,3
0,0.3358,0.3338,0.3304,4
1,0.5594,0.3707,0.0699,4
2,0.1809,0.8019,0.0172,4
3,0.0273,0.9376,0.0351,4
4,0.0146,0.9158,0.0696,4
5,0.0185,0.8661,0.1154,4
6,0.0284,0.8014,0.1702,4
7,0.0374,0.7311,0.2315,4
8,0.0458,0.6575,0.2967,4
9,0.0547,0.5859,0.3594,4
10,0.0635,0.5202,0.4163,4
11,0.0744,0.4605,0.4651,4
12,0.0826,0.4129,0.5045,4
13,0.0934,0.3729,0.5337,4
14,0.1057,0.3387,0.5556,4
15,0.1097,0.3191,0.5712,4
16,0.112,0.3075,0.5805,4
17,0.1152,0.2981,0.5867,4
18,0.115,0.2982,0.5868,4
19,0.1173,0.3031,0.5796,4
20,0.1163,0.3149,0.5688,4
21,0.1215,0.3177,0.5608,4
22,0.1237,0.3283,0.548,4
23,0.1276,0.3371,0.5353,4
24,0.1291,0.351,0.5199,4
25,0.1297,0.364,0.5063,4
26,0.1351,0.3721,0.4928,4
27,0.1368,0.3843,0.4789,4
28,0.1363,0.3956,0.4681,4
29,0.1331,0.4042,0.4627,4
30,0.1381,0.408,0.4539,4
31,0.1427,0.4133,0.444,4
32,0.1515,0.4174,0.4311,4
33,0.1543,0.4304,0.4153,4
34,0.1514,0.4473,0.4013,4
35,0.1428,0.4657,0.3915,4
36,0.1504,0.4625,0.3871,4
37,0.1533,0.4697,0.377,4
38,0.1619,0.475,0.3631,4
39,0.1621,0.4858,0.3521,4
40,0.1663,0.4902,0.3435,4
41,0.1554,0.4959,0.3487,4
42,0.1507,0.4976,0.3517,4
43,0.1514,0.4972,0.3514,4
44,0.1455,0.5024,0.3521,4
45,0.1423,0.5033,0.3544,4
46,0.1479,0.4935,0.3586,4
47,0.1439,0.4884,0.3677,4
48,0.1489,0.4707,0.3804,4
49,0.1542,0.4541,0.3917,4
50,0.1554,0.4416,0.403,4
51,0.1588,0.427,0.4142,4
52,0.1673,0.408,0.4247,4
53,0.1812,0.3934,0.4254,4
54,0.1905,0.3952,0.4143,4
55,0.19,0.4103,0.3997,4
56,0.1898,0.4299,0.3803,4
57,0.1832,0.4535,0.3633,4
58,0.1848,0.4604,0.3548,4
59,0.1866,0.4636,0.3498,4
60,0.1924,0.4686,0.339,4
61,0.2058,0.465,0.3292,4
62,0.2,0.4838,0.3162,4
63,0.1936,0.4987,0.3077,4
64,0.1886,0.5076,0.3038,4
65,0.1858,0.5075,0.3067,4
66,0.1881,0.5018,0.3101,4
67,0.1917,0.4957,0.3126,4
68,0.1953,0.4919,0.3128,4
69,0.1929,0.4879,0.3192,4
70,0.1948,0.4851,0.3201,4
71,0.1976,0.4857,0.3167,4
72,0.1981,0.4907,0.3112,4
73,0.2027,0.4946,0.3027,4
74,0.201,0.4992,0.2998,4
75,0.2023,0.4986,0.2991,4
76,0.1978,0.4956,0.3066,4
77,0.1897,0.4915,0.3188,4
78,0.1929,0.4729,0.3342,4
79,0.1953,0.4584,0.3463,4
80,0.1826,0.4602,0.3572,4
81,0.1781,0.4573,0.3646,4
82,0.1852,0.447,0.3678,4
83,0.1931,0.4433,0.3636,4
84,0.1908,0.4505,0.3587,4
85,0.1913,0.4514,0.3573,4
86,0.1961,0.4436,0.3603,4
87,0.1949,0.4508,0.3543,4
88,0.2019,0.4512,0.3469,4
89,0.202,0.4569,0.3411,4
90,0.1982,0.4666,0.3352,4
91,0.1989,0.4689,0.3322,4
92,0.2038,0.4669,0.3293,4
93,0.2001,0.4762,0.3237,4
94,0.1948,0.4857,0.3195,4
95,0.192,0.4886,0.3194,4
96,0.1976,0.487,0.3154,4
97,0.1984,0.4824,0.3192,4
98,0.2085,0.4732,0.3183,4
99,0.2125,0.4791,0.3084,4
100,0.2154,0.4844,0.3002,4
101,0.2021,0.5025,0.2954,4
102,0.1906,0.5117,0.2977,4
103,0.199,0.4946,0.3064,4
104,0.205,0.485,0.31,4
105,0.2083,0.4795,0.3122,4
106,0.2206,0.4735,0.3059,4
107,0.217,0.4853,0.2977,4
108,0.1969,0.4977,0.3054,4
109,0.1896,0.4995,0.3109,4
110,0.1928,0.4998,0.3074,4
111,0.1951,0.5011,0.3038,4
112,0.1846,0.5105,0.3049,4
113,0.1772,0.5123,0.3105,4
114,0.171,0.5134,0.3156,4
115,0.1635,0.5137,0.3228,4
116,0.1622,0.4985,0.3393,4
117,0.1652,0.4776,0.3572,4
118,0.1664,0.4575,0.3761,4
119,0.1735,0.4358,0.3907,4
120,0.1845,0.4197,0.3958,4
121,0.197,0.4114,0.3916,4
122,0.2131,0.4051,0.3818,4
123,0.2116,0.4224,0.366,4
124,0.2102,0.4368,0.353,4
125,0.2057,0.4511,0.3432,4
126,0.2066,0.4547,0.3387,4
127,0.2071,0.4568,0.3361,4
128,0.2132,0.4568,0.33,4
129,0.2047,0.4747,0.3206,4
130,0.1988,0.4815,0.3197,4
131,0.2015,0.4803,0.3182,4
132,0.2032,0.4785,0.3183,4
133,0.1982,0.4833,0.3185,4
134,0.1945,0.4896,0.3159,4
135,0.1898,0.5001,0.3101,4
136,0.19,0.5052,0.3048,4
137,0.1793,0.5137,0.307,4
138,0.1719,0.5165,0.3116,4
139,0.1706,0.5155,0.3139,4
140,0.1839,0.5012,0.3149,4
141,0.1749,0.5091,0.316,4
142,0.1778,0.5058,0.3164,4
143,0.1817,0.5045,0.3138,4
144,0.1811,0.5097,0.3092,4
145,0.1787,0.5128,0.3085,4
146,0.1895,0.5066,0.3039,4
147,0.1781,0.5182,0.3037,4
148,0.1714,0.5196,0.309,4
149,0.171,0.5076,0.3214,4
150,0.1698,0.4929,0.3373,4
151,0.1799,0.4674,0.3527,4
152,0.1838,0.4547,0.3615,4
153,0.1899,0.4481,0.362,4
154,0.1976,0.4486,0.3538,4
155,0.1991,0.4644,0.3365,4
156,0.2139,0.471,0.3151,4
157,0.2063,0.4957,0.298,4
158,0.197,0.515,0.288,4
159,0.1844,0.525,0.2906,4
160,0.1856,0.5123,0.3021,4
161,0.192,0.4935,0.3145,4
162,0.1879,0.4826,0.3295,4
163,0.1845,0.4737,0.3418,4
164,0.1912,0.46,0.3488,4
165,0.1987,0.455,0.3463,4
166,0.2005,0.4606,0.3389,4
167,0.2007,0.4728,0.3265,4
168,0.1806,0.5049,0.3145,4
169,0.1767,0.5126,0.3107,4
170,0.1672,0.5165,0.3163,4
171,0.174,0.5029,0.3231,4
172,0.1809,0.486,0.3331,4
173,0.1852,0.4741,0.3407,4
174,0.1989,0.4528,0.3483,4
175,0.2072,0.451,0.3418,4
176,0.2192,0.4432,0.3376,4
177,0.2152,0.456,0.3288,4
178,0.2182,0.4637,0.3181,4
179,0.2049,0.4913,0.3038,4
180,0.2082,0.4981,0.2937,4
181,0.199,0.519,0.282,4
182,0.2024,0.5277,0.2699,4
183,0.1959,0.5436,0.2605,4
184,0.1921,0.5475,0.2604,4
185,0.1776,0.5556,0.2668,4
186,0.1825,0.5396,0.2779,4
187,0.1833,0.5246,0.2921,4
188,0.19,0.5092,0.3008,4
189,0.1851,0.512,0.3029,4
190,0.1859,0.5026,0.3115,4
191,0.1825,0.4985,0.319,4
192,0.1836,0.4909,0.3255,4
193,0.1936,0.4773,0.3291,4
194,0.1998,0.4701,0.3301,4
195,0.2001,0.4657,0.3342,4
196,0.1933,0.4645,0.3422,4
197,0.1799,0.4665,0.3536,4
198,0.1904,0.4486,0.361,4
199,0.2025,0.4365,0.361,4
200,0.212,0.4283,0.3597,4
0,0.3351,0.3317,0.3332,5
1,0.5651,0.3712,0.0637,5
2,0.1625,0.8225,0.015,5
3,0.0147,0.95,0.0353,5
4,0.0083,0.9105,0.0812,5
5,0.0152,0.8437,0.1411,5
6,0.0215,0.768,0.2105,5
7,0.028,0.6848,0.2872,5
8,0.0338,0.606,0.3602,5
9,0.0384,0.5334,0.4282,5
10,0.0452,0.462,0.4928,5
11,0.0519,0.3975,0.5506,5
12,0.058,0.3477,0.5943,5
13,0.0667,0.3038,0.6295,5
14,0.0712,0.2738,0.655,5
15,0.0813,0.2521,0.6666,5
16,0.0864,0.2418,0.6718,5
17,0.0904,0.2385,0.6711,5
18,0.0924,0.2387,0.6689,5
19,0.0951,0.2384,0.6665,5
20,0.0996,0.2375,0.6629,5
21,0.1094,0.2359,0.6547,5
22,0.1114,0.2495,0.6391,5
23,0.1153,0.2633,0.6214,5
24,0.1204,0.2769,0.6027,5
25,0.1221,0.2953,0.5826,5
26,0.1322,0.306,0.5618,5
27,0.1376,0.3206,0.5418,5
28,0.1423,0.3351,0.5226,5
29,0.1473,0.3535,0.4992,5
30,0.1549,0.3667,0.4784,5
31,0.1591,0.3816,0.4593,5
32,0.1662,0.3978,0.436,5
33,0.1707,0.4174,0.4119,5
34,0.1737,0.4354,0.3909,5
35,0.1747,0.4533,0.372,5
36,0.1802,0.4632,0.3566,5
37,0.1785,0.4789,0.3426,5
38,0.1813,0.488,0.3307,5
39,0.1834,0.4988,0.3178,5
40,0.1951,0.4982,0.3067,5
41,0.2012,0.5031,0.2957,5
42,0.1928,0.5165,0.2907,5
43,0.1861,0.5208,0.2931,5
44,0.1906,0.5133,0.2961,5
45,0.1899,0.5068,0.3033,5
46,0.1911,0.4959,0.313,5
47,0.1885,0.4884,0.3231,5
48,0.1809,0.4789,0.3402,5
49,0.1883,0.4611,0.3506,5
50,0.1862,0.4565,0.3573,5
51,0.1938,0.4463,0.3599,5
52,0.1985,0.4484,0.3531,5
53,0.19,0.4614,0.3486,5
54,0.1873,0.4648,0.3479,5
55,0.1959,0.4589,0.3452,5
56,0.2017,0.4586,0.3397,5
57,0.1958,0.4747,0.3295,5
58,0.2014,0.4781,0.3205,5
59,0.1938,0.4925,0.3137,5
60,0.187,0.501,0.312,5
61,0.1751,0.5061,0.3188,5
62,0.1636,0.505,0.3314,5
63,0.156,0.4984,0.3456,5
64,0.1555,0.4829,0.3616,5
65,0.1574,0.4673,0.3753,5
66,0.1682,0.4447,0.3871,5
67,0.1828,0.4242,0.393,5
68,0.1862,0.4182,0.3956,5
69,0.1855,0.4215,0.393,5
70,0.1776,0.4287,0.3937,5
71,0.1727,0.436,0.3913,5
72,0.1692,0.4418,0.389,5
73,0.1635,0.4532,0.3833,5
74,0.1644,0.4576,0.378,5
75,0.1743,0.4525,0.3732,5
76,0.1801,0.4463,0.3736,5
77,0.1849,0.441,0.3741,5
78,0.1952,0.4318,0.373,5
79,0.1997,0.4353,0.365,5
80,0.2095,0.4304,0.3601,5
81,0.2082,0.4418,0.35,5
82,0.2112,0.4494,0.3394,5
83,0.2016,0.4723,0.3261,5
84,0.1981,0.4833,0.3186,5
85,0.204,0.4856,0.3104,5
86,0.2037,0.4933,0.303,5
87,0.1936,0.509,0.2974,5
88,0.1889,0.5187,0.2924,5
89,0.1738,0.5351,0.2911,5
90,0.1719,0.5258,0.3023,5
91,0.1668,0.5161,0.3171,5
92,0.1676,0.5005,0.3319,5
93,0.1693,0.4896,0.3411,5
94,0.1706,0.4791,0.3503,5
95,0.1794,0.4637,0.3569,5
96,0.1788,0.4624,0.3588,5
97,0.1725,0.4631,0.3644,5
98,0.1785,0.4537,0.3678,5
99,0.1771,0.454,0.3689,5
100,0.181,0.4438,0.3752,5
101,0.1831,0.439,0.3779,5
102,0.1837,0.4319,0.3844,5
103,0.194,0.4192,0.3868,5
104,0.1995,0.4203,0.3802,5
105,0.2046,0.4297,0.3657,5
106,0.1939,0.4565,0.3496,5
107,0.2062,0.4595,0.3343,5
108,0.2131,0.4717,0.3152,5
109,0.2116,0.4826,0.3058,5
110,0.2057,0.4953,0.299,5
111,0.2209,0.4858,0.2933,5
112,0.208,0.5089,0.2831,5
113,0.1916,0.5247,0.2837,5
114,0.1999,0.5133,0.2868,5
115,0.1994,0.5194,0.2812,5
116,0.2039,0.5196,0.2765,5
117,0.2048,0.521,0.2742,5
118,0.2118,0.5145,0.2737,5
119,0.2169,0.5141,0.269,5
120,0.2122,0.5198,0.268,5
121,0.1968,0.535,0.2682,5
122,0.1946,0.533,0.2724,5
123,0.1913,0.5352,0.2735,5
124,0.1843,0.5369,0.2788,5
125,0.1742,0.5422,0.2836,5
126,0.1776,0.5348,0.2876,5
127,0.1779,0.5293,0.2928,5
128,0.1785,0.5211,0.3004,5
129,0.1798,0.5137,0.3065,5
130,0.1742,0.5091,0.3167,5
131,0.1782,0.4975,0.3243,5
132,0.1778,0.4963,0.3259,5
133,0.1949,0.4812,0.3239,5
134,0.1978,0.4922,0.31,5
135,0.1968,0.5036,0.2996,5
136,0.1831,0.5182,0.2987,5
137,0.1955,0.5067,0.2978,5
138,0.1996,0.5073,0.2931,5
139,0.2023,0.5092,0.2885,5
140,0.1988,0.521,0.2802,5
141,0.2007,0.5249,0.2744,5
142,0.1988,0.5334,0.2678,5
143,0.1957,0.538,0.2663,5
144,0.1899,0.5345,0.2756,5
145,0.1847,0.5257,0.2896,5
146,0.1964,0.5008,0.3028,5
147,0.2054,0.4845,0.3101,5
148,0.2166,0.4662,0.3172,5
149,0.2208,0.4655,0.3137,5
150,0.2127,0.4778,0.3095,5
151,0.2046,0.4811,0.3143,5
152,0.197,0.4929,0.3101,5
153,0.1795,0.5082,0.3123,5
154,0.1819,0.5007,0.3174,5
155,0.1832,0.4879,0.3289,5
156,0.1786,0.4844,0.337,5
157,0.1879,0.4697,0.3424,5
158,0.1872,0.4714,0.3414,5
159,0.1942,0.4698,0.336,5
160,0.207,0.4689,0.3241,5
161,0.2101,0.4764,0.3135,5
162,0.2014,0.4972,0.3014,5
163,0.196,0.5102,0.2938,5
164,0.1918,0.5161,0.2921,5
165,0.1854,0.521,0.2936,5
166,0.1882,0.5104,0.3014,5
167,0.1938,0.4925,0.3137,5
168,0.1929,0.4844,0.3227,5
169,0.1894,0.4805,0.3301,5
170,0.1869,0.4774,0.3357,5
171,0.1931,0.4709,0.336,5
172,0.2023,0.4612,0.3365,5
173,0.2054,0.4621,0.3325,5
174,0.188,0.4827,0.3293,5
175,0.1717,0.4934,0.3349,5
176,0.1707,0.4809,0.3484,5
177,0.181,0.4575,0.3615,5
178,0.1905,0.4414,0.3681,5
179,0.1968,0.4352,0.368,5
180,0.2053,0.4296,0.3651,5
181,0.2012,0.4474,0.3514,5
182,0.1903,0.4675,0.3422,5
183,0.1947,0.4684,0.3369,5
184,0.1998,0.4746,0.3256,5
185,0.2068,0.4767,0.3165,5
186,0.2099,0.4842,0.3059,5
187,0.2057,0.4966,0.2977,5
188,0.199,0.5076,0.2934,5
189,0.1894,0.5125,0.2981,5
190,0.183,0.5037,0.3133,5
191,0.1844,0.4831,0.3325,5
192,0.1862,0.4618,0.352,5
193,0.1984,0.4462,0.3554,5
194,0.1934,0.4597,0.3469,5
195,0.2047,0.4616,0.3337,5
196,0.1989,0.4811,0.32,5
197,0.1925,0.4944,0.3131,5
198,0.1819,0.5079,0.3102,5
199,0.1787,0.5001,0.3212,5
200,0.1776,0.4891,0.3333,5
0,0.3364,0.3342,0.3294,6
1,0.5822,0.3512,0.0666,6
2,0.1763,0.8089,0.0148,6
3,0.0232,0.9505,0.0263,6
4,0.013,0.9328,0.0542,6
5,0.0241,0.8862,0.0897,6
6,0.0351,0.835,0.1299,6
7,0.0454,0.7818,0.1728,6
8,0.0567,0.728,0.2153,6
9,0.0667,0.6774,0.2559,6
10,0.0739,0.6287,0.2974,6
11,0.0839,0.5799,0.3362,6
12,0.0888,0.5356,0.3756,6
13,0.0976,0.4929,0.4095,6
14,0.1045,0.4586,0.4369,6
15,0.1115,0.434,0.4545,6
16,0.1216,0.4094,0.469,6
17,0.1233,0.3981,0.4786,6
18,0.1235,0.3903,0.4862,6
19,0.1285,0.3764,0.4951,6
20,0.1383,0.3612,0.5005,6
21,0.1481,0.3513,0.5006,6
22,0.1533,0.3561,0.4906,6
23,0.1532,0.3651,0.4817,6
24,0.1551,0.3718,0.4731,6
25,0.1648,0.3737,0.4615,6
26,0.1748,0.3777,0.4475,6
27,0.1744,0.391,0.4346,6
28,0.1654,0.4121,0.4225,6
29,0.1601,0.4196,0.4203,6
30,0.1661,0.4138,0.4201,6
31,0.1664,0.414,0.4196,6
32,0.1619,0.4202,0.4179,6
33,0.1669,0.4163,0.4168,6
34,0.1715,0.4113,0.4172,6
35,0.168,0.4119,0.4201,6
36,0.1742,0.4073,0.4185,6
37,0.1862,0.3996,0.4142,6
38,0.1915,0.4091,0.3994,6
39,0.1899,0.4283,0.3818,6
40,0.1887,0.4446,0.3667,6
41,0.1878,0.4563,0.3559,6
42,0.1872,0.4672,0.3456,6
43,0.1899,0.4697,0.3404,6
44,0.1917,0.4739,0.3344,6
45,0.1884,0.472,0.3396,6
46,0.1835,0.4708,0.3457,6
47,0.1782,0.4694,0.3524,6
48,0.1692,0.4602,0.3706,6
49,0.173,0.4394,0.3876,6
50,0.1762,0.4219,0.4019,6
51,0.1781,0.4078,0.4141,6
52,0.1854,0.3956,0.419,6
53,0.1905,0.3894,0.4201,6
54,0.1914,0.3944,0.4142,6
55,0.1994,0.3943,0.4063,6
56,0.2082,0.3972,0.3946,6
57,0.1979,0.4191,0.383,6
58,0.1968,0.4294,0.3738,6
59,0.2105,0.4237,0.3658,6
60,0.2002,0.4479,0.3519,6
61,0.1922,0.4644,0.3434,6
62,0.1814,0.4804,0.3382,6
63,0.1791,0.4791,0.3418,6
64,0.1824,0.465,0.3526,6
65,0.1871,0.4527,0.3602,6
66,0.1956,0.4385,0.3659,6
67,0.2006,0.4365,0.3629,6
68,0.2022,0.4398,0.358,6
69,0.2022,0.4474,0.3504,6
70,0.1939,0.4638,0.3423,6
71,0.1909,0.4768,0.3323,6
72,0.2019,0.4777,0.3204,6
73,0.1975,0.4988,0.3037,6
74,0.1991,0.5117,0.2892,6
75,0.1939,0.5245,0.2816,6
76,0.1931,0.5263,0.2806,6
77,0.1945,0.5243,0.2812,6
78,0.1908,0.5235,0.2857,6
79,0.1944,0.5126,0.293,6
80,0.2038,0.503,0.2932,6
81,0.2083,0.4983,0.2934,6
82,0.2107,0.4964,0.2929,6
83,0.2047,0.5015,0.2938,6
84,0.2072,0.4966,0.2962,6
85,0.2009,0.5033,0.2958,6
86,0.1955,0.5063,0.2982,6
87,0.2,0.5036,0.2964,6
88,0.1999,0.4978,0.3023,6
89,0.1939,0.4987,0.3074,6
90,0.1978,0.4908,0.3114,6
91,0.2008,0.4857,0.3135,6
92,0.2048,0.481,0.3142,6
93,0.2002,0.484,0.3158,6
94,0.2023,0.4762,0.3215,6
95,0.2031,0.4802,0.3167,6
96,0.1968,0.4847,0.3185,6
97,0.188,0.4813,0.3307,6
98,0.1904,0.4618,0.3478,6
99,0.1901,0.4492,0.3607,6
100,0.2009,0.4294,0.3697,6
101,0.2075,0.4246,0.3679,6
102,0.2124,0.4293,0.3583,6
103,0.2055,0.4456,0.3489,6
104,0.1997,0.4552,0.3451,6
105,0.1915,0.4752,0.3333,6
106,0.185,0.4889,0.3261,6
107,0.1798,0.4991,0.3211,6
108,0.1814,0.496,0.3226,6
109,0.172,0.502,0.326,6
110,0.1769,0.4883,0.3348,6
111,0.1799,0.4821,0.338,6
112,0.1886,0.4736,0.3378,6
113,0.1954,0.4707,0.3339,6
114,0.1943,0.4771,0.3286,6
115,0.1904,0.4805,0.3291,6
116,0.18,0.4852,0.3348,6
117,0.1751,0.4838,0.3411,6
118,0.1809,0.4694,0.3497,6
119,0.1832,0.458,0.3588,6
120,0.1961,0.444,0.3599,6
121,0.2064,0.437,0.3566,6
122,0.2023,0.4503,0.3474,6
123,0.2049,0.4511,0.344,6
124,0.2165,0.4397,0.3438,6
125,0.2095,0.4502,0.3403,6
126,0.204,0.4575,0.3385,6
127,0.2111,0.4577,0.3312,6
128,0.207,0.4651,0.3279,6
129,0.2044,0.4723,0.3233,6
130,0.2098,0.4713,0.3189,6
131,0.2117,0.4758,0.3125,6
132,0.2124,0.4825,0.3051,6
133,0.2149,0.4854,0.2997,6
134,0.2059,0.4977,0.2964,6
135,0.1938,0.5046,0.3016,6
136,0.1962,0.5025,0.3013,6
137,0.203,0.4943,0.3027,6
138,0.1969,0.4993,0.3038,6
139,0.1936,0.5028,0.3036,6
140,0.1873,0.5114,0.3013,6
141,0.1777,0.5139,0.3084,6
142,0.1737,0.5019,0.3244,6
143,0.1722,0.4858,0.342,6
144,0.1764,0.4695,0.3541,6
145,0.178,0.4613,0.3607,6
146,0.1853,0.4523,0.3624,6
147,0.1926,0.4467,0.3607,6
148,0.1982,0.4567,0.3451,6
149,0.1932,0.4757,0.3311,6
150,0.1849,0.4929,0.3222,6
151,0.1712,0.5002,0.3286,6
152,0.1683,0.4871,0.3446,6
153,0.1612,0.4751,0.3637,6
154,0.1637,0.4513,0.385,6
155,0.1688,0.4293,0.4019,6
156,0.1851,0.407,0.4079,6
157,0.1972,0.3995,0.4033,6
158,0.1996,0.4074,0.393,6
159,0.2037,0.4147,0.3816,6
160,0.2178,0.4192,0.363,6
161,0.2263,0.4352,0.3385,6
162,0.2109,0.4764,0.3127,6
163,0.2163,0.4895,0.2942,6
164,0.2122,0.5069,0.2809,6
165,0.2039,0.5173,0.2788,6
166,0.213,0.5039,0.2831,6
167,0.2134,0.5,0.2866,6
168,0.2122,0.496,0.2918,6
169,0.2061,0.5002,0.2937,6
170,0.2042,0.4976,0.2982,6
171,0.2025,0.5004,0.2971,6
172,0.203,0.4984,0.2986,6
173,0.2109,0.4944,0.2947,6
174,0.2165,0.4933,0.2902,6
175,0.2207,0.4969,0.2824,6
176,0.2091,0.5136,0.2773,6
177,0.2032,0.524,0.2728,6
178,0.1964,0.5227,0.2809,6
179,0.1874,0.523,0.2896,6
180,0.1814,0.5147,0.3039,6
181,0.1809,0.5047,0.3144,6
182,0.1849,0.4947,0.3204,6
183,0.1924,0.4849,0.3227,6
184,0.2071,0.4689,0.324,6
185,0.2093,0.4739,0.3168,6
186,0.2099,0.4786,0.3115,6
187,0.2121,0.4884,0.2995,6
188,0.2118,0.5037,0.2845,6
189,0.2007,0.5292,0.2701,6
190,0.1919,0.5394,0.2687,6
191,0.198,0.5294,0.2726,6
192,0.1924,0.5309,0.2767,6
193,0.1917,0.5293,0.279,6
194,0.1754,0.5353,0.2893,6
195,0.1809,0.5152,0.3039,6
196,0.1834,0.4999,0.3167,6
197,0.1854,0.4814,0.3332,6
198,0.1946,0.459,0.3464,6
199,0.199,0.4478,0.3532,6
200,0.2062,0.4444,0.3494,6
0,0.337,0.3335,0.3295,7
1,0.5619,0.3726,0.0655,7
2,0.1724,0.8105,0.0171,7
3,0.0221,0.9392,0.0387,7
4,0.0123,0.9052,0.0825,7
5,0.0169,0.8451,0.138,7
6,0.0195,0.7772,0.2033,7
7,0.024,0.7035,0.2725,7
8,0.0291,0.6272,0.3437,7
9,0.0348,0.5505,0.4147,7
10,0.0407,0.4748,0.4845,7
11,0.0455,0.408,0.5465,7
12,0.0542,0.35,0.5958,7
13,0.0622,0.3005,0.6373,7
14,0.0694,0.2591,0.6715,7
15,0.0761,0.2262,0.6977,7
16,0.0845,0.2024,0.7131,7
17,0.0968,0.1844,0.7188,7
18,0.1043,0.1835,0.7122,7
19,0.1126,0.1854,0.702,7
20,0.1249,0.1903,0.6848,7
21,0.1294,0.2073,0.6633,7
22,0.1343,0.2265,0.6392,7
23,0.1392,0.2437,0.6171,7
24,0.136,0.2703,0.5937,7
25,0.1419,0.2787,0.5794,7
26,0.1447,0.2901,0.5652,7
27,0.1525,0.2969,0.5506,7
28,0.1584,0.3109,0.5307,7
29,0.1605,0.3309,0.5086,7
30,0.1574,0.3506,0.492,7
31,0.1592,0.3569,0.4839,7
32,0.1578,0.3668,0.4754,7
33,0.1587,0.3731,0.4682,7
34,0.1561,0.3864,0.4575,7
35,0.1595,0.3893,0.4512,7
36,0.156,0.3992,0.4448,7
37,0.1584,0.4014,0.4402,7
38,0.1685,0.3977,0.4338,7
39,0.1695,0.4075,0.423,7
40,0.1731,0.4113,0.4156,7
41,0.1752,0.4148,0.41,7
42,0.1748,0.4253,0.3999,7
43,0.167,0.431,0.402,7
44,0.1791,0.4165,0.4044,7
45,0.1852,0.4158,0.399,7
46,0.1924,0.4232,0.3844,7
47,0.1925,0.4387,0.3688,7
48,0.1853,0.4643,0.3504,7
49,0.1856,0.4794,0.335,7
50,0.1812,0.4993,0.3195,7
51,0.1844,0.5036,0.312,7
52,0.1824,0.5106,0.307,7
53,0.1776,0.5163,0.3061,7
54,0.1709,0.5229,0.3062,7
55,0.1685,0.5161,0.3154,7
56,0.1761,0.4981,0.3258,7
57,0.1781,0.4831,0.3388,7
58,0.18,0.474,0.346,7
59,0.186,0.4702,0.3438,7
60,0.1878,0.4681,0.3441,7
61,0.1849,0.4665,0.3486,7
62,0.1829,0.461,0.3561,7
63,0.1898,0.4535,0.3567,7
64,0.2047,0.44,0.3553,7
65,0.1974,0.4527,0.3499,7
66,0.1886,0.4621,0.3493,7
67,0.1923,0.4554,0.3523,7
68,0.1859,0.4524,0.3617,7
69,0.1913,0.4346,0.3741,7
70,0.187,0.4293,0.3837,7
71,0.1889,0.4228,0.3883,7
72,0.2044,0.4126,0.383,7
73,0.22,0.4139,0.3661,7
74,0.2209,0.4343,0.3448,7
75,0.2132,0.4557,0.3311,7
76,0.1988,0.4832,0.318,7
77,0.1854,0.5079,0.3067,7
78,0.1685,0.5272,0.3043,7
79,0.1519,0.5351,0.313,7
80,0.1482,0.5272,0.3246,7
81,0.1597,0.5058,0.3345,7
82,0.1746,0.4882,0.3372,7
83,0.1851,0.4751,0.3398,7
84,0.1887,0.4741,0.3372,7
85,0.1941,0.4754,0.3305,7
86,0.2094,0.4675,0.3231,7
87,0.2068,0.4818,0.3114,7
88,0.1986,0.4968,0.3046,7
89,0.1967,0.5027,0.3006,7
90,0.1889,0.5042,0.3069,7
91,0.1908,0.491,0.3182,7
92,0.183,0.4816,0.3354,7
93,0.1874,0.4632,0.3494,7
94,0.196,0.449,0.355,7
95,0.197,0.4484,0.3546,7
96,0.1917,0.4601,0.3482,7
97,0.1874,0.4647,0.3479,7
98,0.1869,0.4663,0.3468,7
99,0.184,0.4674,0.3486,7
100,0.1855,0.4663,0.3482,7
101,0.1898,0.4658,0.3444,7
102,0.1898,0.4692,0.341,7
103,0.1933,0.4638,0.3429,7
104,0.1983,0.4528,0.3489,7
105,0.2051,0.4456,0.3493,7
106,0.2147,0.4419,0.3434,7
107,0.2094,0.4532,0.3374,7
108,0.2141,0.4603,0.3256,7
109,0.2176,0.4741,0.3083,7
110,0.2135,0.4897,0.2968,7
111,0.208,0.5051,0.2869,7
112,0.2042,0.5112,0.2846,7
113,0.2022,0.5131,0.2847,7
114,0.205,0.5137,0.2813,7
115,0.2054,0.5142,0.2804,7
116,0.1962,0.5111,0.2927,7
117,0.1903,0.5047,0.305,7
118,0.2035,0.4846,0.3119,7
119,0.2118,0.4858,0.3024,7
120,0.2064,0.4938,0.2998,7
121,0.2078,0.4881,0.3041,7
122,0.1995,0.4915,0.309,7
123,0.208,0.4798,0.3122,7
124,0.2206,0.4759,0.3035,7
125,0.2141,0.489,0.2969,7
126,0.2017,0.5064,0.2919,7
127,0.202,0.5087,0.2893,7
128,0.2049,0.5099,0.2852,7
129,0.1948,0.5157,0.2895,7
130,0.1857,0.5214,0.2929,7
131,0.193,0.4966,0.3104,7
132,0.1938,0.4803,0.3259,7
133,0.1981,0.4654,0.3365,7
134,0.2015,0.4593,0.3392,7
135,0.2068,0.4506,0.3426,7
136,0.2163,0.4435,0.3402,7
137,0.2193,0.4516,0.3291,7
138,0.2109,0.4686,0.3205,7
139,0.2101,0.478,0.3119,7
140,0.2058,0.4893,0.3049,7
141,0.2043,0.4932,0.3025,7
142,0.2024,0.4958,0.3018,7
143,0.1968,0.4997,0.3035,7
144,0.198,0.4974,0.3046,7
145,0.1937,0.4999,0.3064,7
146,0.1894,0.4995,0.3111,7
147,0.1885,0.4923,0.3192,7
148,0.1941,0.4864,0.3195,7
149,0.2044,0.4796,0.316,7
150,0.1986,0.4908,0.3106,7
151,0.208,0.4889,0.3031,7
152,0.2086,0.4966,0.2948,7
153,0.2104,0.5066,0.283,7
154,0.1985,0.5228,0.2787,7
155,0.1893,0.5306,0.2801,7
156,0.1867,0.5237,0.2896,7
157,0.1933,0.5083,0.2984,7
158,0.1901,0.5145,0.2954,7
159,0.1888,0.5161,0.2951,7
160,0.1892,0.5169,0.2939,7
161,0.1789,0.5209,0.3002,7
162,0.1742,0.5175,0.3083,7
163,0.1656,0.5125,0.3219,7
164,0.1668,0.4913,0.3419,7
165,0.1639,0.4774,0.3587,7
166,0.177,0.4522,0.3708,7
167,0.1855,0.4371,0.3774,7
168,0.1899,0.4339,0.3762,7
169,0.1963,0.4296,0.3741,7
170,0.1933,0.4397,0.367,7
171,0.1921,0.4446,0.3633,7
172,0.1899,0.4457,0.3644,7
173,0.1921,0.4426,0.3653,7
174,0.1916,0.4425,0.3659,7
175,0.2021,0.4374,0.3605,7
176,0.208,0.4464,0.3456,7
177,0.2037,0.4625,0.3338,7
178,0.2072,0.4645,0.3283,7
179,0.2148,0.4615,0.3237,7
180,0.2075,0.4791,0.3134,7
181,0.2102,0.4843,0.3055,7
182,0.203,0.4937,0.3033,7
183,0.2101,0.4868,0.3031,7
184,0.1965,0.5002,0.3033,7
185,0.1907,0.5,0.3093,7
186,0.1932,0.4869,0.3199,7
187,0.1893,0.4804,0.3303,7
188,0.2094,0.4508,0.3398,7
189,0.2016,0.4515,0.3469,7
190,0.2001,0.4511,0.3488,7
191,0.2103,0.45,0.3397,7
192,0.2092,0.4615,0.3293,7
193,0.2093,0.4704,0.3203,7
194,0.199,0.4895,0.3115,7
195,0.1914,0.4965,0.3121,7
196,0.1807,0.5068,0.3125,7
197,0.1867,0.4951,0.3182,7
198,0.1903,0.4844,0.3253,7
199,0.1883,0.48,0.3317,7
200,0.1902,0.4725,0.3373,7
0,0.3405,0.3206,0.3389,8
1,0.6007,0.3363,0.063,8
2,0.1798,0.8115,0.0087,8
3,0.0143,0.969,0.0167,8
4,0.0035,0.9558,0.0407,8
5,0.0051,0.9194,0.0755,8
6,0.008,0.874,0.118,8
7,0.0109,0.822,0.1671,8
8,0.0107,0.766,0.2233,8
9,0.0146,0.7021,0.2833,8
10,0.0186,0.6339,0.3475,8
11,0.0227,0.5627,0.4146,8
12,0.0269,0.4917,0.4814,8
13,0.0308,0.4243,0.5449,8
14,0.0362,0.3571,0.6067,8
15,0.0389,0.2999,0.6612,8
16,0.0406,0.2559,0.7035,8
17,0.0448,0.2127,0.7425,8
18,0.048,0.1792,0.7728,8
19,0.0546,0.1551,0.7903,8
20,0.0553,0.1482,0.7965,8
21,0.0589,0.1405,0.8006,8
22,0.0669,0.1299,0.8032,8
23,0.0719,0.1281,0.8,8
24,0.0734,0.1348,0.7918,8
25,0.0773,0.1362,0.7865,8
26,0.0798,0.1407,0.7795,8
27,0.0855,0.1428,0.7717,8
28,0.0882,0.1481,0.7637,8
29,0.0922,0.1512,0.7566,8
30,0.0992,0.1554,0.7454,8
31,0.1054,0.1632,0.7314,8
32,0.1141,0.1695,0.7164,8
33,0.111,0.1877,0.7013,8
34,0.1132,0.2006,0.6862,8
35,0.1168,0.2137,0.6695,8
36,0.1212,0.2218,0.657,8
37,0.1244,0.2301,0.6455,8
38,0.1231,0.242,0.6349,8
39,0.1288,0.2469,0.6243,8
40,0.1401,0.25,0.6099,8
41,0.1411,0.2707,0.5882,8
42,0.1426,0.2908,0.5666,8
43,0.1453,0.3068,0.5479,8
44,0.1446,0.3233,0.5321,8
45,0.1433,0.3342,0.5225,8
46,0.1513,0.3364,0.5123,8
47,0.1563,0.3437,0.5,8
48,0.1625,0.3499,0.4876,8
49,0.1706,0.3523,0.4771,8
50,0.1755,0.3544,0.4701,8
51,0.1809,0.3595,0.4596,8
52,0.1828,0.3691,0.4481,8
53,0.1912,0.3718,0.437,8
54,0.197,0.3746,0.4284,8
55,0.1939,0.3881,0.418,8
56,0.1916,0.3965,0.4119,8
57,0.1954,0.4027,0.4019,8
58,0.1989,0.413,0.3881,8
59,0.1993,0.4252,0.3755,8
60,0.1844,0.4441,0.3715,8
61,0.1807,0.4473,0.372,8
62,0.1852,0.4413,0.3735,8
63,0.1867,0.4395,0.3738,8
64,0.1814,0.4441,0.3745,8
65,0.1821,0.4418,0.3761,8
66,0.1818,0.4409,0.3773,8
67,0.179,0.4422,0.3788,8
68,0.1857,0.4355,0.3788,8
69,0.1908,0.4372,0.372,8
70,0.1964,0.4394,0.3642,8
71,0.2021,0.4426,0.3553,8
72,0.1973,0.4548,0.3479,8
73,0.1985,0.4563,0.3452,8
74,0.201,0.4611,0.3379,8
75,0.2011,0.4688,0.3301,8
76,0.197,0.48,0.323,8
77,0.1983,0.482,0.3197,8
78,0.2046,0.4835,0.3119,8
79,0.2084,0.4925,0.2991,8
80,0.204,0.5093,0.2867,8
81,0.2043,0.5119,0.2838,8
82,0.2041,0.5075,0.2884,8
83,0.2112,0.4962,0.2926,8
84,0.2138,0.4922,0.294,8
85,0.1996,0.5047,0.2957,8
86,0.2021,0.4949,0.303,8
87,0.2017,0.4818,0.3165,8
88,0.1948,0.4745,0.3307,8
89,0.195,0.4603,0.3447,8
90,0.1966,0.4466,0.3568,8
91,0.1999,0.4396,0.3605,8
92,0.2012,0.4394,0.3594,8
93,0.206,0.4402,0.3538,8
94,0.2059,0.4458,0.3483,8
95,0.207,0.4487,0.3443,8
96,0.2113,0.45,0.3387,8
97,0.2191,0.4508,0.3301,8
98,0.2294,0.45,0.3206,8
99,0.2226,0.4694,0.308,8
100,0.2152,0.4812,0.3036,8
101,0.2048,0.4971,0.2981,8
102,0.2051,0.5,0.2949,8
103,0.205,0.5001,0.2949,8
104,0.2002,0.5079,0.2919,8
105,0.1964,0.5104,0.2932,8
106,0.1957,0.5001,0.3042,8
107,0.1872,0.503,0.3098,8
108,0.1976,0.4872,0.3152,8
109,0.1974,0.4839,0.3187,8
110,0.2009,0.478,0.3211,8
111,0.2024,0.4729,0.3247,8
112,0.1883,0.4829,0.3288,8
113,0.1797,0.4843,0.336,8
114,0.1831,0.472,0.3449,8
115,0.1956,0.4549,0.3495,8
116,0.2041,0.4485,0.3474,8
117,0.207,0.4493,0.3437,8
118,0.2022,0.4544,0.3434,8
119,0.1941,0.4616,0.3443,8
120,0.193,0.4617,0.3453,8
121,0.201,0.4564,0.3426,8
122,0.1967,0.461,0.3423,8
123,0.1976,0.46,0.3424,8
124,0.2034,0.4623,0.3343,8
