Generation,O,Y,B,sim
0,0.3348,0.3358,0.3294,1
1,0.0852,0.5669,0.3479,1
2,0.0079,0.2744,0.7177,1
3,0.0048,0.0562,0.939,1
4,0.0118,0.008,0.9802,1
5,0.0234,0.0072,0.9694,1
6,0.0389,0.0096,0.9515,1
7,0.0585,0.0127,0.9288,1
8,0.0798,0.0155,0.9047,1
9,0.103,0.0176,0.8794,1
10,0.1283,0.0204,0.8513,1
11,0.1555,0.0234,0.8211,1
12,0.1841,0.0269,0.789,1
13,0.2134,0.0315,0.7551,1
14,0.2427,0.0342,0.7231,1
15,0.2717,0.0384,0.6899,1
16,0.3005,0.0421,0.6574,1
17,0.3281,0.0479,0.624,1
18,0.3538,0.0529,0.5933,1
19,0.3774,0.0593,0.5633,1
20,0.3995,0.0655,0.535,1
21,0.4203,0.075,0.5047,1
22,0.4354,0.0802,0.4844,1
23,0.4458,0.0881,0.4661,1
24,0.4507,0.0945,0.4548,1
25,0.4516,0.1044,0.444,1
26,0.4495,0.11,0.4405,1
27,0.4445,0.118,0.4375,1
28,0.4384,0.1242,0.4374,1
29,0.4267,0.1316,0.4417,1
30,0.4131,0.1381,0.4488,1
31,0.3955,0.1467,0.4578,1
32,0.3767,0.153,0.4703,1
33,0.355,0.159,0.486,1
34,0.3317,0.1605,0.5078,1
35,0.3119,0.1573,0.5308,1
36,0.2925,0.1476,0.5599,1
37,0.2753,0.1412,0.5835,1
38,0.2564,0.1377,0.6059,1
39,0.2361,0.1346,0.6293,1
40,0.2162,0.1382,0.6456,1
41,0.1971,0.1368,0.6661,1
42,0.1791,0.1364,0.6845,1
43,0.1648,0.1305,0.7047,1
44,0.1553,0.1174,0.7273,1
45,0.1473,0.1053,0.7474,1
46,0.1401,0.1019,0.758,1
47,0.1337,0.1026,0.7637,1
48,0.1273,0.103,0.7697,1
49,0.1219,0.1021,0.776,1
50,0.1158,0.1049,0.7793,1
51,0.1095,0.1041,0.7864,1
52,0.104,0.1076,0.7884,1
53,0.0985,0.1076,0.7939,1
54,0.0931,0.1069,0.8,1
55,0.0879,0.1099,0.8022,1
56,0.0838,0.1092,0.807,1
57,0.0804,0.1062,0.8134,1
58,0.0778,0.1072,0.815,1
59,0.0754,0.1067,0.8179,1
60,0.0744,0.1088,0.8168,1
61,0.0748,0.1043,0.8209,1
62,0.076,0.1014,0.8226,1
63,0.0779,0.1005,0.8216,1
64,0.0798,0.1048,0.8154,1
65,0.0813,0.1071,0.8116,1
66,0.0822,0.1117,0.8061,1
67,0.083,0.1115,0.8055,1
68,0.0834,0.1162,0.8004,1
69,0.0841,0.1151,0.8008,1
70,0.0832,0.1149,0.8019,1
71,0.0822,0.1147,0.8031,1
72,0.081,0.1168,0.8022,1
73,0.0792,0.1184,0.8024,1
74,0.0772,0.1206,0.8022,1
75,0.0745,0.1241,0.8014,1
76,0.074,0.1219,0.8041,1
77,0.0742,0.1171,0.8087,1
78,0.0747,0.1171,0.8082,1
79,0.0753,0.1176,0.8071,1
80,0.0753,0.1199,0.8048,1
81,0.0743,0.1211,0.8046,1
82,0.0699,0.1219,0.8082,1
83,0.0634,0.1189,0.8177,1
84,0.0582,0.118,0.8238,1
85,0.0596,0.108,0.8324,1
86,0.0603,0.0986,0.8411,1
87,0.0605,0.0943,0.8452,1
88,0.0612,0.0962,0.8426,1
89,0.0621,0.0961,0.8418,1
90,0.0634,0.0962,0.8404,1
91,0.0641,0.0975,0.8384,1
92,0.0644,0.0993,0.8363,1
93,0.0648,0.1021,0.8331,1
94,0.065,0.1012,0.8338,1
95,0.0653,0.1013,0.8334,1
96,0.0635,0.1031,0.8334,1
97,0.0594,0.104,0.8366,1
98,0.055,0.1047,0.8403,1
99,0.0543,0.0993,0.8464,1
100,0.0529,0.0919,0.8552,1
101,0.0519,0.0868,0.8613,1
102,0.0513,0.0835,0.8652,1
103,0.0509,0.0844,0.8647,1
104,0.0502,0.0842,0.8656,1
105,0.0495,0.0842,0.8663,1
106,0.0472,0.0817,0.8711,1
107,0.042,0.0804,0.8776,1
108,0.0388,0.0793,0.8819,1
109,0.0372,0.0733,0.8895,1
110,0.0357,0.0659,0.8984,1
111,0.0334,0.0616,0.905,1
112,0.0322,0.0607,0.9071,1
113,0.0316,0.0583,0.9101,1
114,0.0318,0.0557,0.9125,1
115,0.0318,0.0564,0.9118,1
116,0.0313,0.0565,0.9122,1
117,0.0307,0.0554,0.9139,1
118,0.0301,0.0554,0.9145,1
119,0.0293,0.0548,0.9159,1
120,0.0282,0.0557,0.9161,1
121,0.0264,0.0542,0.9194,1
122,0.0243,0.0537,0.922,1
123,0.0235,0.0488,0.9277,1
124,0.0231,0.0445,0.9324,1
125,0.0231,0.0437,0.9332,1
126,0.0233,0.0452,0.9315,1
127,0.0235,0.044,0.9325,1
128,0.0236,0.0456,0.9308,1
129,0.0231,0.0464,0.9305,1
130,0.0232,0.0458,0.931,1
131,0.0234,0.0453,0.9313,1
132,0.0233,0.0473,0.9294,1
133,0.0236,0.0464,0.93,1
134,0.0239,0.0472,0.9289,1
135,0.0242,0.0479,0.9279,1
136,0.0245,0.0493,0.9262,1
137,0.0248,0.0483,0.9269,1
138,0.0251,0.049,0.9259,1
139,0.0254,0.0492,0.9254,1
140,0.0256,0.0512,0.9232,1
141,0.0259,0.0493,0.9248,1
142,0.0263,0.0519,0.9218,1
143,0.0265,0.0513,0.9222,1
144,0.0268,0.0512,0.922,1
145,0.0271,0.0529,0.92,1
146,0.0275,0.0532,0.9193,1
147,0.0277,0.0538,0.9185,1
148,0.028,0.0544,0.9176,1
149,0.0283,0.0537,0.918,1
150,0.0286,0.0564,0.915,1
151,0.0286,0.0562,0.9152,1
152,0.029,0.0562,0.9148,1
153,0.0295,0.0559,0.9146,1
154,0.0302,0.0554,0.9144,1
155,0.0309,0.0577,0.9114,1
156,0.0316,0.0595,0.9089,1
157,0.0323,0.0608,0.9069,1
158,0.0331,0.0614,0.9055,1
159,0.034,0.0625,0.9035,1
160,0.0349,0.0642,0.9009,1
161,0.0358,0.066,0.8982,1
162,0.0367,0.0668,0.8965,1
163,0.0376,0.0701,0.8923,1
164,0.0385,0.0708,0.8907,1
165,0.0394,0.0719,0.8887,1
166,0.0403,0.0742,0.8855,1
167,0.04,0.0749,0.8851,1
168,0.0383,0.0793,0.8824,1
169,0.0374,0.0783,0.8843,1
170,0.0377,0.0751,0.8872,1
171,0.0378,0.0734,0.8888,1
172,0.0381,0.0733,0.8886,1
173,0.0385,0.0725,0.889,1
174,0.0389,0.0722,0.8889,1
175,0.0387,0.0745,0.8868,1
176,0.0384,0.0766,0.885,1
177,0.0385,0.0759,0.8856,1
178,0.0391,0.0769,0.884,1
179,0.0399,0.0758,0.8843,1
180,0.0409,0.077,0.8821,1
181,0.0408,0.077,0.8822,1
182,0.0402,0.0783,0.8815,1
183,0.0404,0.0781,0.8815,1
184,0.0413,0.076,0.8827,1
185,0.0426,0.0741,0.8833,1
186,0.0439,0.0792,0.8769,1
187,0.0451,0.0806,0.8743,1
188,0.0464,0.0837,0.8699,1
189,0.0471,0.0866,0.8663,1
190,0.0474,0.0911,0.8615,1
191,0.0479,0.0913,0.8608,1
192,0.0484,0.0919,0.8597,1
193,0.0485,0.0892,0.8623,1
194,0.0489,0.0908,0.8603,1
195,0.0494,0.0883,0.8623,1
196,0.0501,0.0912,0.8587,1
197,0.051,0.0907,0.8583,1
198,0.0517,0.0946,0.8537,1
199,0.0517,0.0952,0.8531,1
200,0.0517,0.0966,0.8517,1
0,0.3368,0.3332,0.33,2
1,0.0814,0.5771,0.3415,2
2,0.0105,0.2758,0.7137,2
3,0.0158,0.0603,0.9239,2
4,0.0343,0.0136,0.9521,2
5,0.0598,0.0104,0.9298,2
6,0.0905,0.0146,0.8949,2
7,0.1257,0.0186,0.8557,2
8,0.1643,0.0224,0.8133,2
9,0.2045,0.0273,0.7682,2
10,0.247,0.0339,0.7191,2
11,0.2907,0.0403,0.669,2
12,0.3328,0.0485,0.6187,2
13,0.3704,0.0573,0.5723,2
14,0.404,0.0656,0.5304,2
15,0.4333,0.0761,0.4906,2
16,0.4573,0.0836,0.4591,2
17,0.4762,0.0945,0.4293,2
18,0.4876,0.1045,0.4079,2
19,0.4953,0.1165,0.3882,2
20,0.4988,0.1232,0.378,2
21,0.4977,0.13,0.3723,2
22,0.4926,0.1254,0.382,2
23,0.4826,0.1304,0.387,2
24,0.4678,0.1307,0.4015,2
25,0.4525,0.1385,0.409,2
26,0.4367,0.1389,0.4244,2
27,0.4169,0.1485,0.4346,2
28,0.3951,0.1482,0.4567,2
29,0.3739,0.162,0.4641,2
30,0.3532,0.1561,0.4907,2
31,0.3325,0.1664,0.5011,2
32,0.3129,0.1592,0.5279,2
33,0.2924,0.1638,0.5438,2
34,0.2738,0.154,0.5722,2
35,0.2542,0.1613,0.5845,2
36,0.2359,0.1579,0.6062,2
37,0.2191,0.1601,0.6208,2
38,0.2011,0.158,0.6409,2
39,0.1822,0.1653,0.6525,2
40,0.1619,0.16,0.6781,2
41,0.1416,0.1662,0.6922,2
42,0.1224,0.1598,0.7178,2
43,0.1057,0.1618,0.7325,2
44,0.0949,0.1463,0.7588,2
45,0.0871,0.1356,0.7773,2
46,0.0802,0.1198,0.8,2
47,0.0737,0.1148,0.8115,2
48,0.0684,0.1068,0.8248,2
49,0.0665,0.1027,0.8308,2
50,0.0683,0.0872,0.8445,2
51,0.0702,0.0864,0.8434,2
52,0.0721,0.0853,0.8426,2
53,0.0738,0.0906,0.8356,2
54,0.0751,0.0906,0.8343,2
55,0.0756,0.0946,0.8298,2
56,0.0763,0.0933,0.8304,2
57,0.0758,0.0991,0.8251,2
58,0.0744,0.0975,0.8281,2
59,0.0741,0.0999,0.826,2
60,0.0745,0.0957,0.8298,2
61,0.0749,0.0971,0.828,2
62,0.0753,0.0972,0.8275,2
63,0.076,0.0992,0.8248,2
64,0.0767,0.0986,0.8247,2
65,0.0774,0.1033,0.8193,2
66,0.0781,0.102,0.8199,2
67,0.0788,0.1047,0.8165,2
68,0.0795,0.1022,0.8183,2
69,0.08,0.106,0.814,2
70,0.08,0.1066,0.8134,2
71,0.0796,0.1111,0.8093,2
72,0.0791,0.1094,0.8115,2
73,0.078,0.1113,0.8107,2
74,0.0767,0.1096,0.8137,2
75,0.0668,0.1107,0.8225,2
76,0.057,0.1056,0.8374,2
77,0.0565,0.0907,0.8528,2
78,0.056,0.0746,0.8694,2
79,0.0555,0.0683,0.8762,2
80,0.055,0.0678,0.8772,2
81,0.0545,0.0679,0.8776,2
82,0.054,0.0662,0.8798,2
83,0.0535,0.0679,0.8786,2
84,0.053,0.0687,0.8783,2
85,0.0525,0.069,0.8785,2
86,0.052,0.0666,0.8814,2
87,0.0513,0.0665,0.8822,2
88,0.0501,0.0636,0.8863,2
89,0.0488,0.0642,0.887,2
90,0.0479,0.0638,0.8883,2
91,0.0472,0.062,0.8908,2
92,0.0464,0.0614,0.8922,2
93,0.0456,0.0626,0.8918,2
94,0.045,0.059,0.896,2
95,0.0444,0.0588,0.8968,2
96,0.0436,0.0592,0.8972,2
97,0.0431,0.058,0.8989,2
98,0.0426,0.057,0.9004,2
99,0.042,0.0564,0.9016,2
100,0.0413,0.057,0.9017,2
101,0.0409,0.0567,0.9024,2
102,0.0407,0.0561,0.9032,2
103,0.0403,0.0554,0.9043,2
104,0.0395,0.0555,0.905,2
105,0.0382,0.0569,0.9049,2
106,0.037,0.0537,0.9093,2
107,0.0359,0.0545,0.9096,2
108,0.034,0.0538,0.9122,2
109,0.032,0.054,0.914,2
110,0.03,0.0522,0.9178,2
111,0.0281,0.0524,0.9195,2
112,0.0271,0.0486,0.9243,2
113,0.0262,0.0485,0.9253,2
114,0.0264,0.045,0.9286,2
115,0.0267,0.044,0.9293,2
116,0.0271,0.0437,0.9292,2
117,0.0275,0.0454,0.9271,2
118,0.0279,0.0442,0.9279,2
119,0.0272,0.0477,0.9251,2
120,0.025,0.0474,0.9276,2
121,0.0228,0.0492,0.928,2
122,0.0221,0.0441,0.9338,2
123,0.0223,0.0421,0.9356,2
124,0.0221,0.0403,0.9376,2
125,0.0221,0.0413,0.9366,2
126,0.0221,0.0403,0.9376,2
127,0.0222,0.041,0.9368,2
128,0.0225,0.0414,0.9361,2
129,0.0228,0.042,0.9352,2
130,0.0236,0.0403,0.9361,2
131,0.0244,0.0441,0.9315,2
132,0.0253,0.0433,0.9314,2
133,0.0262,0.0458,0.928,2
134,0.0271,0.0465,0.9264,2
135,0.028,0.0493,0.9227,2
136,0.0289,0.0493,0.9218,2
137,0.0298,0.0515,0.9187,2
138,0.0307,0.0519,0.9174,2
139,0.0316,0.0541,0.9143,2
140,0.0325,0.0547,0.9128,2
141,0.0334,0.0585,0.9081,2
142,0.0343,0.0578,0.9079,2
143,0.0352,0.0605,0.9043,2
144,0.0361,0.061,0.9029,2
145,0.037,0.0639,0.8991,2
146,0.0379,0.0629,0.8992,2
147,0.0349,0.0669,0.8982,2
148,0.0315,0.0676,0.9009,2
149,0.0315,0.0655,0.903,2
150,0.0315,0.059,0.9095,2
151,0.0315,0.0597,0.9088,2
152,0.0315,0.0587,0.9098,2
153,0.0315,0.0617,0.9068,2
154,0.0315,0.0576,0.9109,2
155,0.0315,0.0594,0.9091,2
156,0.0315,0.057,0.9115,2
157,0.0315,0.0581,0.9104,2
158,0.0315,0.057,0.9115,2
159,0.0315,0.0587,0.9098,2
160,0.0315,0.0584,0.9101,2
161,0.0315,0.0613,0.9072,2
162,0.0315,0.0605,0.908,2
163,0.0315,0.0605,0.908,2
164,0.0315,0.0593,0.9092,2
165,0.0315,0.0605,0.908,2
166,0.0315,0.0586,0.9099,2
167,0.0315,0.0602,0.9083,2
168,0.0315,0.0588,0.9097,2
169,0.0315,0.0581,0.9104,2
170,0.0315,0.0578,0.9107,2
171,0.0315,0.0591,0.9094,2
172,0.0315,0.0596,0.9089,2
173,0.0315,0.062,0.9065,2
174,0.0312,0.0604,0.9084,2
175,0.0305,0.0624,0.9071,2
176,0.0301,0.0608,0.9091,2
177,0.0298,0.0599,0.9103,2
178,0.0279,0.0587,0.9134,2
179,0.0239,0.0592,0.9169,2
180,0.0201,0.0566,0.9233,2
181,0.0204,0.0491,0.9305,2
182,0.0208,0.0434,0.9358,2
183,0.0212,0.0403,0.9385,2
184,0.0216,0.0407,0.9377,2
185,0.022,0.0412,0.9368,2
186,0.0224,0.0414,0.9362,2
187,0.0228,0.0421,0.9351,2
188,0.0232,0.0426,0.9342,2
189,0.0236,0.0447,0.9317,2
190,0.024,0.0445,0.9315,2
191,0.0244,0.0462,0.9294,2
192,0.0244,0.0466,0.929,2
193,0.0242,0.0482,0.9276,2
194,0.0242,0.0458,0.93,2
195,0.0242,0.0463,0.9295,2
196,0.0242,0.0452,0.9306,2
197,0.0242,0.0479,0.9279,2
198,0.0242,0.0463,0.9295,2
199,0.0242,0.0473,0.9285,2
200,0.0242,0.0458,0.93,2
0,0.3402,0.3357,0.3241,3
1,0.0861,0.5722,0.3417,3
2,0.0108,0.2817,0.7075,3
3,0.0089,0.0609,0.9302,3
4,0.0147,0.0156,0.9697,3
5,0.0229,0.0166,0.9605,3
6,0.0328,0.0209,0.9463,3
7,0.0442,0.0245,0.9313,3
8,0.0571,0.0282,0.9147,3
9,0.0716,0.0321,0.8963,3
10,0.0879,0.0361,0.876,3
11,0.103,0.0419,0.8551,3
12,0.1173,0.0467,0.836,3
13,0.1315,0.0527,0.8158,3
14,0.1464,0.0541,0.7995,3
15,0.1635,0.058,0.7785,3
16,0.1808,0.0592,0.76,3
17,0.1989,0.0623,0.7388,3
18,0.2165,0.0655,0.718,3
19,0.233,0.0693,0.6977,3
20,0.2478,0.0726,0.6796,3
21,0.2626,0.0749,0.6625,3
22,0.2776,0.0724,0.65,3
23,0.2923,0.0752,0.6325,3
24,0.305,0.0755,0.6195,3
25,0.318,0.0775,0.6045,3
26,0.33,0.0778,0.5922,3
27,0.3408,0.082,0.5772,3
28,0.3501,0.0858,0.5641,3
29,0.3575,0.0902,0.5523,3
30,0.3607,0.0934,0.5459,3
31,0.3611,0.0974,0.5415,3
32,0.3594,0.1015,0.5391,3
33,0.3539,0.1089,0.5372,3
34,0.3466,0.1117,0.5417,3
35,0.3384,0.1156,0.546,3
36,0.33,0.1142,0.5558,3
37,0.321,0.1171,0.5619,3
38,0.3126,0.1186,0.5688,3
39,0.3013,0.1193,0.5794,3
40,0.29,0.1163,0.5937,3
41,0.2782,0.1191,0.6027,3
42,0.2656,0.1202,0.6142,3
43,0.2518,0.128,0.6202,3
44,0.2381,0.1297,0.6322,3
45,0.2232,0.1348,0.642,3
46,0.208,0.1381,0.6539,3
47,0.194,0.1415,0.6645,3
48,0.1795,0.1435,0.677,3
49,0.1625,0.1451,0.6924,3
50,0.1493,0.1374,0.7133,3
51,0.134,0.1319,0.7341,3
52,0.1219,0.1236,0.7545,3
53,0.1095,0.1212,0.7693,3
54,0.095,0.1157,0.7893,3
55,0.0822,0.109,0.8088,3
56,0.0726,0.099,0.8284,3
57,0.064,0.0933,0.8427,3
58,0.0563,0.0888,0.8549,3
59,0.0516,0.0809,0.8675,3
60,0.0488,0.0737,0.8775,3
61,0.0473,0.0674,0.8853,3
62,0.0463,0.0663,0.8874,3
63,0.0458,0.0662,0.888,3
64,0.0451,0.0661,0.8888,3
65,0.0442,0.0667,0.8891,3
66,0.0436,0.0653,0.8911,3
67,0.0431,0.0651,0.8918,3
68,0.0426,0.0644,0.893,3
69,0.0421,0.0618,0.8961,3
70,0.0416,0.063,0.8954,3
71,0.0411,0.0623,0.8966,3
72,0.0406,0.0616,0.8978,3
73,0.0401,0.0618,0.8981,3
74,0.0398,0.0622,0.898,3
75,0.04,0.0632,0.8968,3
76,0.0402,0.0641,0.8957,3
77,0.0403,0.0639,0.8958,3
78,0.0402,0.0637,0.8961,3
79,0.0399,0.0632,0.8969,3
80,0.039,0.0633,0.8977,3
81,0.038,0.0615,0.9005,3
82,0.0364,0.0594,0.9042,3
83,0.0349,0.0588,0.9063,3
84,0.0344,0.058,0.9076,3
85,0.0346,0.0544,0.911,3
86,0.0348,0.0524,0.9128,3
87,0.0351,0.0531,0.9118,3
88,0.0354,0.0546,0.91,3
89,0.0356,0.0543,0.9101,3
90,0.0358,0.0542,0.91,3
91,0.036,0.0553,0.9087,3
92,0.0362,0.0565,0.9073,3
93,0.0364,0.0572,0.9064,3
94,0.0366,0.0569,0.9065,3
95,0.0368,0.0552,0.908,3
96,0.0368,0.0588,0.9044,3
97,0.0368,0.0593,0.9039,3
98,0.0368,0.0581,0.9051,3
99,0.0368,0.0582,0.905,3
100,0.0368,0.0602,0.903,3
101,0.0368,0.0601,0.9031,3
102,0.0368,0.0582,0.905,3
103,0.0368,0.0574,0.9058,3
104,0.0368,0.0583,0.9049,3
105,0.0368,0.0597,0.9035,3
106,0.0368,0.0599,0.9033,3
107,0.0368,0.0585,0.9047,3
108,0.0368,0.0583,0.9049,3
109,0.0368,0.0572,0.906,3
110,0.0368,0.0581,0.9051,3
111,0.0368,0.0569,0.9063,3
112,0.0368,0.0575,0.9057,3
113,0.0368,0.058,0.9052,3
114,0.0368,0.058,0.9052,3
115,0.0368,0.0576,0.9056,3
116,0.0368,0.057,0.9062,3
117,0.0368,0.0575,0.9057,3
118,0.0368,0.0582,0.905,3
119,0.0368,0.0568,0.9064,3
120,0.0368,0.0573,0.9059,3
121,0.0368,0.0566,0.9066,3
122,0.0368,0.059,0.9042,3
123,0.0368,0.0583,0.9049,3
124,0.0368,0.0584,0.9048,3
125,0.0368,0.0586,0.9046,3
126,0.0368,0.0584,0.9048,3
127,0.0368,0.0587,0.9045,3
128,0.0368,0.058,0.9052,3
129,0.0368,0.0578,0.9054,3
130,0.0368,0.0594,0.9038,3
131,0.0368,0.0587,0.9045,3
132,0.0368,0.0578,0.9054,3
133,0.0368,0.0573,0.9059,3
134,0.0368,0.0583,0.9049,3
135,0.0368,0.0584,0.9048,3
136,0.0368,0.0587,0.9045,3
137,0.0368,0.0583,0.9049,3
138,0.0368,0.0573,0.9059,3
139,0.0368,0.0584,0.9048,3
140,0.0368,0.0586,0.9046,3
141,0.0368,0.0587,0.9045,3
142,0.0368,0.06,0.9032,3
143,0.0368,0.0594,0.9038,3
144,0.0368,0.0599,0.9033,3
145,0.0368,0.0602,0.903,3
146,0.0368,0.0595,0.9037,3
147,0.0368,0.0591,0.9041,3
148,0.0368,0.0587,0.9045,3
149,0.0368,0.0601,0.9031,3
150,0.0368,0.0599,0.9033,3
151,0.0368,0.0598,0.9034,3
152,0.0368,0.0596,0.9036,3
153,0.0368,0.0584,0.9048,3
154,0.0368,0.0589,0.9043,3
155,0.0368,0.0605,0.9027,3
156,0.0368,0.0606,0.9026,3
157,0.0368,0.0603,0.9029,3
158,0.0368,0.0596,0.9036,3
159,0.0368,0.0595,0.9037,3
160,0.0368,0.06,0.9032,3
161,0.0368,0.0594,0.9038,3
162,0.0368,0.0599,0.9033,3
163,0.0368,0.0592,0.904,3
164,0.0368,0.0585,0.9047,3
165,0.0368,0.0594,0.9038,3
166,0.0368,0.06,0.9032,3
167,0.0368,0.0606,0.9026,3
168,0.0368,0.0601,0.9031,3
169,0.0368,0.06,0.9032,3
170,0.0368,0.0605,0.9027,3
171,0.0368,0.0602,0.903,3
172,0.0368,0.0596,0.9036,3
173,0.0368,0.0593,0.9039,3
174,0.0368,0.0591,0.9041,3
175,0.0368,0.0589,0.9043,3
176,0.0368,0.0604,0.9028,3
177,0.0368,0.0603,0.9029,3
178,0.0368,0.0609,0.9023,3
179,0.0368,0.0599,0.9033,3
180,0.0368,0.0605,0.9027,3
181,0.0368,0.0606,0.9026,3
182,0.0368,0.0596,0.9036,3
183,0.0368,0.0594,0.9038,3
184,0.0368,0.0586,0.9046,3
185,0.0368,0.0603,0.9029,3
186,0.0368,0.0609,0.9023,3
187,0.0368,0.0596,0.9036,3
188,0.0368,0.0611,0.9021,3
189,0.0368,0.0599,0.9033,3
190,0.0368,0.0608,0.9024,3
191,0.0368,0.0606,0.9026,3
192,0.0368,0.0597,0.9035,3
193,0.0368,0.0597,0.9035,3
194,0.0368,0.0588,0.9044,3
195,0.0368,0.0596,0.9036,3
196,0.0368,0.0599,0.9033,3
197,0.0368,0.0598,0.9034,3
198,0.0368,0.0599,0.9033,3
199,0.0368,0.0602,0.903,3
200,0.0368,0.0609,0.9023,3
0,0.3358,0.3338,0.3304,4
1,0.0826,0.5705,0.3469,4
2,0.0115,0.2694,0.7191,4
3,0.0132,0.0597,0.9271,4
4,0.0271,0.0136,0.9593,4
5,0.0466,0.0135,0.9399,4
6,0.0693,0.0177,0.913,4
7,0.0952,0.023,0.8818,4
8,0.1234,0.0275,0.8491,4
9,0.1541,0.0333,0.8126,4
10,0.1859,0.0381,0.776,4
11,0.2174,0.0442,0.7384,4
12,0.2467,0.0492,0.7041,4
13,0.2738,0.0554,0.6708,4
14,0.2975,0.0611,0.6414,4
15,0.3166,0.0652,0.6182,4
16,0.3336,0.0685,0.5979,4
17,0.3503,0.0713,0.5784,4
18,0.3653,0.0756,0.5591,4
19,0.3769,0.0825,0.5406,4
20,0.386,0.0893,0.5247,4
21,0.3913,0.0986,0.5101,4
22,0.3934,0.106,0.5006,4
23,0.3926,0.11,0.4974,4
24,0.3884,0.1158,0.4958,4
25,0.3817,0.1216,0.4967,4
26,0.3714,0.1239,0.5047,4
27,0.3604,0.1288,0.5108,4
28,0.3495,0.1276,0.5229,4
29,0.3382,0.1272,0.5346,4
30,0.3249,0.1291,0.546,4
31,0.311,0.1334,0.5556,4
32,0.2972,0.138,0.5648,4
33,0.2818,0.1422,0.576,4
34,0.2651,0.1386,0.5963,4
35,0.2493,0.1397,0.611,4
36,0.2353,0.1339,0.6308,4
37,0.2231,0.1271,0.6498,4
38,0.2115,0.1234,0.6651,4
39,0.2,0.1244,0.6756,4
40,0.1887,0.1254,0.6859,4
41,0.1769,0.1264,0.6967,4
42,0.1652,0.1274,0.7074,4
43,0.1544,0.1264,0.7192,4
44,0.1466,0.1241,0.7293,4
45,0.139,0.1218,0.7392,4
46,0.1319,0.1239,0.7442,4
47,0.1267,0.1197,0.7536,4
48,0.1223,0.1207,0.757,4
49,0.1191,0.1205,0.7604,4
50,0.1183,0.1198,0.7619,4
51,0.118,0.1153,0.7667,4
52,0.1175,0.1173,0.7652,4
53,0.1171,0.1202,0.7627,4
54,0.1173,0.1209,0.7618,4
55,0.1172,0.1191,0.7637,4
56,0.1175,0.1237,0.7588,4
57,0.1189,0.1215,0.7596,4
58,0.1214,0.1202,0.7584,4
59,0.1251,0.1169,0.758,4
60,0.1306,0.1152,0.7542,4
61,0.1361,0.1147,0.7492,4
62,0.142,0.1189,0.7391,4
63,0.1473,0.1194,0.7333,4
64,0.1529,0.1221,0.725,4
65,0.1599,0.1235,0.7166,4
66,0.1667,0.1277,0.7056,4
67,0.1703,0.1332,0.6965,4
68,0.1731,0.1376,0.6893,4
69,0.1755,0.1403,0.6842,4
70,0.1774,0.1503,0.6723,4
71,0.1791,0.152,0.6689,4
72,0.1819,0.1531,0.665,4
73,0.1846,0.1538,0.6616,4
74,0.1858,0.1589,0.6553,4
75,0.1858,0.1649,0.6493,4
76,0.1849,0.1653,0.6498,4
77,0.1798,0.1625,0.6577,4
78,0.1786,0.1589,0.6625,4
79,0.1799,0.1466,0.6735,4
80,0.182,0.1396,0.6784,4
81,0.1829,0.1358,0.6813,4
82,0.1825,0.1399,0.6776,4
83,0.1824,0.1403,0.6773,4
84,0.1811,0.1393,0.6796,4
85,0.1798,0.1397,0.6805,4
86,0.1784,0.1389,0.6827,4
87,0.1775,0.1341,0.6884,4
88,0.1777,0.133,0.6893,4
89,0.1782,0.1281,0.6937,4
90,0.1781,0.1299,0.692,4
91,0.1772,0.1321,0.6907,4
92,0.177,0.1324,0.6906,4
93,0.1769,0.1317,0.6914,4
94,0.1779,0.131,0.6911,4
95,0.1793,0.1288,0.6919,4
96,0.18,0.1347,0.6853,4
97,0.1811,0.1338,0.6851,4
98,0.1817,0.1378,0.6805,4
99,0.1822,0.1363,0.6815,4
100,0.1818,0.1386,0.6796,4
101,0.1817,0.1383,0.68,4
102,0.1813,0.1413,0.6774,4
103,0.1811,0.138,0.6809,4
104,0.1803,0.1423,0.6774,4
105,0.1784,0.1414,0.6802,4
106,0.1771,0.1434,0.6795,4
107,0.1758,0.1382,0.686,4
108,0.174,0.1409,0.6851,4
109,0.1715,0.1388,0.6897,4
110,0.1684,0.1427,0.6889,4
111,0.1663,0.137,0.6967,4
112,0.1641,0.1396,0.6963,4
113,0.1619,0.1367,0.7014,4
114,0.16,0.1423,0.6977,4
115,0.157,0.1446,0.6984,4
116,0.1533,0.1455,0.7012,4
117,0.149,0.1429,0.7081,4
118,0.1448,0.1456,0.7096,4
119,0.141,0.1458,0.7132,4
120,0.137,0.1474,0.7156,4
121,0.1333,0.1428,0.7239,4
122,0.1302,0.1378,0.732,4
123,0.1273,0.1313,0.7414,4
124,0.1241,0.1303,0.7456,4
125,0.1215,0.1268,0.7517,4
126,0.1195,0.1251,0.7554,4
127,0.1175,0.1258,0.7567,4
128,0.1154,0.1244,0.7602,4
129,0.1127,0.1211,0.7662,4
130,0.1095,0.1224,0.7681,4
131,0.1072,0.1224,0.7704,4
132,0.1054,0.1224,0.7722,4
133,0.1036,0.1224,0.774,4
134,0.1019,0.1234,0.7747,4
135,0.1001,0.1228,0.7771,4
136,0.0983,0.1249,0.7768,4
137,0.0965,0.1244,0.7791,4
138,0.0947,0.1256,0.7797,4
139,0.0928,0.1281,0.7791,4
140,0.0906,0.1295,0.7799,4
141,0.0876,0.1262,0.7862,4
142,0.0848,0.1257,0.7895,4
143,0.0821,0.126,0.7919,4
144,0.0799,0.1278,0.7923,4
145,0.0783,0.128,0.7937,4
146,0.0766,0.1269,0.7965,4
147,0.0747,0.124,0.8013,4
148,0.0725,0.1276,0.7999,4
149,0.0705,0.1241,0.8054,4
150,0.0685,0.1228,0.8087,4
151,0.0665,0.121,0.8125,4
152,0.0641,0.122,0.8139,4
153,0.0614,0.12,0.8186,4
154,0.0609,0.119,0.8201,4
155,0.0609,0.1113,0.8278,4
156,0.061,0.1094,0.8296,4
157,0.0607,0.1075,0.8318,4
158,0.06,0.1112,0.8288,4
159,0.0594,0.1079,0.8327,4
160,0.0588,0.1088,0.8324,4
161,0.0585,0.1037,0.8378,4
162,0.0585,0.1034,0.8381,4
163,0.0585,0.1015,0.84,4
164,0.0585,0.1022,0.8393,4
165,0.0585,0.0992,0.8423,4
166,0.0585,0.1025,0.839,4
167,0.0585,0.0997,0.8418,4
168,0.0589,0.1002,0.8409,4
169,0.0593,0.0964,0.8443,4
170,0.0596,0.1004,0.84,4
171,0.0599,0.0978,0.8423,4
172,0.0602,0.1027,0.8371,4
173,0.0605,0.0973,0.8422,4
174,0.0604,0.1032,0.8364,4
175,0.06,0.0991,0.8409,4
176,0.06,0.1026,0.8374,4
177,0.0601,0.0972,0.8427,4
178,0.0602,0.1037,0.8361,4
179,0.0603,0.1015,0.8382,4
180,0.0601,0.1071,0.8328,4
181,0.0597,0.0998,0.8405,4
182,0.0596,0.1082,0.8322,4
183,0.0598,0.0989,0.8413,4
184,0.0603,0.1048,0.8349,4
185,0.0611,0.0976,0.8413,4
186,0.0619,0.1039,0.8342,4
187,0.0627,0.0983,0.839,4
188,0.0607,0.1068,0.8325,4
189,0.0557,0.101,0.8433,4
190,0.0531,0.1055,0.8414,4
191,0.0536,0.0882,0.8582,4
192,0.0545,0.0903,0.8552,4
193,0.0555,0.0867,0.8578,4
194,0.0566,0.094,0.8494,4
195,0.0576,0.0909,0.8515,4
196,0.0586,0.0962,0.8452,4
197,0.0594,0.0944,0.8462,4
198,0.0602,0.0995,0.8403,4
199,0.0609,0.0965,0.8426,4
200,0.0614,0.1026,0.836,4
0,0.3351,0.3317,0.3332,5
1,0.0836,0.5777,0.3387,5
2,0.01,0.2799,0.7101,5
3,0.0088,0.0615,0.9297,5
4,0.0172,0.0134,0.9694,5
5,0.0294,0.0139,0.9567,5
6,0.0443,0.0188,0.9369,5
7,0.0611,0.0265,0.9124,5
8,0.0792,0.0313,0.8895,5
9,0.0986,0.0368,0.8646,5
10,0.1181,0.0415,0.8404,5
11,0.1383,0.0473,0.8144,5
12,0.1567,0.0524,0.7909,5
13,0.1761,0.057,0.7669,5
14,0.195,0.064,0.741,5
15,0.216,0.0675,0.7165,5
16,0.2363,0.0695,0.6942,5
17,0.2543,0.0759,0.6698,5
18,0.2722,0.0809,0.6469,5
19,0.2863,0.0886,0.6251,5
20,0.299,0.0936,0.6074,5
21,0.3107,0.1006,0.5887,5
22,0.3208,0.1043,0.5749,5
23,0.329,0.1116,0.5594,5
24,0.3358,0.1161,0.5481,5
25,0.3388,0.1246,0.5366,5
26,0.3381,0.1315,0.5304,5
27,0.337,0.1338,0.5292,5
28,0.3349,0.135,0.5301,5
29,0.3325,0.1392,0.5283,5
30,0.3276,0.1413,0.5311,5
31,0.3199,0.1503,0.5298,5
32,0.3104,0.1511,0.5385,5
33,0.3045,0.1517,0.5438,5
34,0.2979,0.1471,0.555,5
35,0.2901,0.1495,0.5604,5
36,0.2802,0.1522,0.5676,5
37,0.2696,0.1567,0.5737,5
38,0.2593,0.1553,0.5854,5
39,0.2472,0.1599,0.5929,5
40,0.2344,0.1603,0.6053,5
41,0.2218,0.1594,0.6188,5
42,0.2084,0.1576,0.634,5
43,0.1969,0.1561,0.647,5
44,0.1886,0.1458,0.6656,5
45,0.1857,0.129,0.6853,5
46,0.1848,0.116,0.6992,5
47,0.1852,0.112,0.7028,5
48,0.1854,0.1086,0.706,5
49,0.1851,0.1086,0.7063,5
50,0.1845,0.1094,0.7061,5
51,0.1839,0.1101,0.706,5
52,0.1834,0.1125,0.7041,5
53,0.1807,0.1137,0.7056,5
54,0.1786,0.1118,0.7096,5
55,0.1763,0.1143,0.7094,5
56,0.1755,0.1143,0.7102,5
57,0.1735,0.1152,0.7113,5
58,0.1744,0.1067,0.7189,5
59,0.1755,0.1038,0.7207,5
60,0.1767,0.1067,0.7166,5
61,0.1773,0.1098,0.7129,5
62,0.1784,0.1097,0.7119,5
63,0.1795,0.1133,0.7072,5
64,0.1804,0.1122,0.7074,5
65,0.1815,0.1117,0.7068,5
66,0.1838,0.1123,0.7039,5
67,0.1864,0.1111,0.7025,5
68,0.1899,0.1121,0.698,5
69,0.1916,0.1137,0.6947,5
70,0.1923,0.1158,0.6919,5
71,0.1926,0.1173,0.6901,5
72,0.1938,0.1145,0.6917,5
73,0.1942,0.1166,0.6892,5
74,0.1956,0.1153,0.6891,5
75,0.1984,0.1143,0.6873,5
76,0.2014,0.1163,0.6823,5
77,0.2021,0.1209,0.677,5
78,0.2039,0.1244,0.6717,5
79,0.2065,0.1248,0.6687,5
80,0.2098,0.1232,0.667,5
81,0.2111,0.1264,0.6625,5
82,0.2111,0.1279,0.661,5
83,0.2096,0.1331,0.6573,5
84,0.2087,0.1352,0.6561,5
85,0.2086,0.1323,0.6591,5
86,0.2115,0.126,0.6625,5
87,0.2144,0.1237,0.6619,5
88,0.2172,0.1298,0.653,5
89,0.2177,0.1342,0.6481,5
90,0.2197,0.1373,0.643,5
91,0.2222,0.1393,0.6385,5
92,0.2238,0.1403,0.6359,5
93,0.2233,0.1457,0.631,5
94,0.2248,0.1444,0.6308,5
95,0.225,0.1488,0.6262,5
96,0.2245,0.1526,0.6229,5
97,0.2241,0.1525,0.6234,5
98,0.2237,0.1533,0.623,5
99,0.2223,0.1545,0.6232,5
100,0.2219,0.1522,0.6259,5
101,0.2224,0.1512,0.6264,5
102,0.2245,0.1506,0.6249,5
103,0.2262,0.1575,0.6163,5
104,0.2261,0.1622,0.6117,5
105,0.2241,0.1635,0.6124,5
106,0.2242,0.1676,0.6082,5
107,0.2244,0.1672,0.6084,5
108,0.2226,0.1684,0.609,5
109,0.2196,0.1675,0.6129,5
110,0.2175,0.1662,0.6163,5
111,0.2183,0.161,0.6207,5
112,0.2192,0.1562,0.6246,5
113,0.2196,0.1547,0.6257,5
114,0.2211,0.1604,0.6185,5
115,0.2219,0.1627,0.6154,5
116,0.2229,0.165,0.6121,5
117,0.2223,0.1658,0.6119,5
118,0.2226,0.1677,0.6097,5
119,0.2237,0.1668,0.6095,5
120,0.2237,0.1682,0.6081,5
121,0.2215,0.1721,0.6064,5
122,0.2199,0.1725,0.6076,5
123,0.2194,0.1691,0.6115,5
124,0.2196,0.1706,0.6098,5
125,0.2198,0.1714,0.6088,5
126,0.2211,0.1734,0.6055,5
127,0.221,0.1766,0.6024,5
128,0.219,0.1778,0.6032,5
129,0.2153,0.1767,0.608,5
130,0.2136,0.1733,0.6131,5
131,0.2131,0.1683,0.6186,5
132,0.213,0.1685,0.6185,5
133,0.2123,0.1708,0.6169,5
134,0.2111,0.1728,0.6161,5
135,0.2103,0.1736,0.6161,5
136,0.2086,0.1749,0.6165,5
137,0.2074,0.1748,0.6178,5
138,0.2075,0.1763,0.6162,5
139,0.2075,0.1798,0.6127,5
140,0.2064,0.1848,0.6088,5
141,0.2046,0.1847,0.6107,5
142,0.2042,0.1796,0.6162,5
143,0.2038,0.1762,0.62,5
144,0.2034,0.1752,0.6214,5
145,0.2018,0.1768,0.6214,5
146,0.1993,0.1796,0.6211,5
147,0.1964,0.1786,0.625,5
148,0.1942,0.1789,0.6269,5
149,0.1914,0.1789,0.6297,5
150,0.189,0.182,0.629,5
151,0.1858,0.1899,0.6243,5
152,0.1819,0.1914,0.6267,5
153,0.1776,0.1918,0.6306,5
154,0.1741,0.1846,0.6413,5
155,0.1721,0.1832,0.6447,5
156,0.1705,0.186,0.6435,5
157,0.1681,0.1849,0.647,5
158,0.1654,0.1841,0.6505,5
159,0.1631,0.1852,0.6517,5
160,0.1612,0.1849,0.6539,5
161,0.159,0.1859,0.6551,5
162,0.1571,0.1872,0.6557,5
163,0.1544,0.1897,0.6559,5
164,0.1519,0.1907,0.6574,5
165,0.1474,0.1941,0.6585,5
166,0.1432,0.1903,0.6665,5
167,0.1403,0.1862,0.6735,5
168,0.1392,0.1824,0.6784,5
169,0.137,0.1858,0.6772,5
170,0.134,0.189,0.677,5
171,0.1324,0.1858,0.6818,5
172,0.1332,0.1805,0.6863,5
173,0.133,0.1748,0.6922,5
174,0.1341,0.1737,0.6922,5
175,0.1348,0.1756,0.6896,5
176,0.1336,0.178,0.6884,5
177,0.1319,0.1782,0.6899,5
178,0.131,0.1709,0.6981,5
179,0.1306,0.1686,0.7008,5
180,0.1313,0.1695,0.6992,5
181,0.1317,0.1684,0.6999,5
182,0.1317,0.1732,0.6951,5
183,0.1308,0.1746,0.6946,5
184,0.1311,0.1737,0.6952,5
185,0.1307,0.1751,0.6942,5
186,0.1324,0.1743,0.6933,5
187,0.1353,0.1723,0.6924,5
188,0.1373,0.1726,0.6901,5
189,0.1376,0.1733,0.6891,5
190,0.14,0.1756,0.6844,5
191,0.1417,0.1764,0.6819,5
192,0.1438,0.1761,0.6801,5
193,0.1463,0.1748,0.6789,5
194,0.1484,0.1746,0.677,5
195,0.151,0.179,0.67,5
196,0.1541,0.1828,0.6631,5
197,0.1554,0.1871,0.6575,5
198,0.156,0.1883,0.6557,5
199,0.1579,0.19,0.6521,5
200,0.1587,0.1935,0.6478,5
0,0.3364,0.3342,0.3294,6
1,0.0869,0.5762,0.3369,6
2,0.0079,0.2875,0.7046,6
3,0.0055,0.0551,0.9394,6
4,0.0092,0.0111,0.9797,6
5,0.0168,0.009,0.9742,6
6,0.0273,0.0098,0.9629,6
7,0.0409,0.0116,0.9475,6
8,0.0571,0.0139,0.929,6
9,0.0753,0.0168,0.9079,6
10,0.0954,0.0199,0.8847,6
11,0.1175,0.0235,0.859,6
12,0.1414,0.0273,0.8313,6
13,0.167,0.0305,0.8025,6
14,0.1947,0.0334,0.7719,6
15,0.2241,0.0368,0.7391,6
16,0.2544,0.0403,0.7053,6
17,0.2861,0.0441,0.6698,6
18,0.3182,0.0481,0.6337,6
19,0.3499,0.0541,0.596,6
20,0.3805,0.0591,0.5604,6
21,0.4094,0.0646,0.526,6
22,0.4336,0.0709,0.4955,6
23,0.4529,0.0759,0.4712,6
24,0.4665,0.0799,0.4536,6
25,0.4717,0.0861,0.4422,6
26,0.4711,0.0896,0.4393,6
27,0.4685,0.0967,0.4348,6
28,0.4625,0.1034,0.4341,6
29,0.4534,0.1104,0.4362,6
30,0.4443,0.1145,0.4412,6
31,0.4315,0.1147,0.4538,6
32,0.4172,0.1214,0.4614,6
33,0.4023,0.1286,0.4691,6
34,0.388,0.1309,0.4811,6
35,0.3717,0.1344,0.4939,6
36,0.3563,0.1312,0.5125,6
37,0.3425,0.1222,0.5353,6
38,0.3275,0.1185,0.554,6
39,0.3127,0.1149,0.5724,6
40,0.2967,0.1193,0.584,6
41,0.2805,0.1238,0.5957,6
42,0.2637,0.125,0.6113,6
43,0.2466,0.1278,0.6256,6
44,0.2321,0.1247,0.6432,6
45,0.2153,0.1225,0.6622,6
46,0.1982,0.1251,0.6767,6
47,0.181,0.1239,0.6951,6
48,0.164,0.1219,0.7141,6
49,0.1479,0.1158,0.7363,6
50,0.1337,0.1128,0.7535,6
51,0.1215,0.1149,0.7636,6
52,0.1059,0.1113,0.7828,6
53,0.0928,0.1081,0.7991,6
54,0.0822,0.1073,0.8105,6
55,0.075,0.0995,0.8255,6
56,0.0694,0.0946,0.836,6
57,0.0697,0.0829,0.8474,6
58,0.0711,0.0732,0.8557,6
59,0.074,0.0675,0.8585,6
60,0.0782,0.0645,0.8573,6
61,0.0846,0.0613,0.8541,6
62,0.0911,0.0582,0.8507,6
63,0.0979,0.0606,0.8415,6
64,0.1055,0.0647,0.8298,6
65,0.1114,0.0681,0.8205,6
66,0.1163,0.0723,0.8114,6
67,0.1221,0.0719,0.806,6
68,0.1268,0.0746,0.7986,6
69,0.1295,0.0783,0.7922,6
70,0.132,0.0785,0.7895,6
71,0.1346,0.082,0.7834,6
72,0.1375,0.086,0.7765,6
73,0.1414,0.0883,0.7703,6
74,0.1464,0.0873,0.7663,6
75,0.1517,0.0853,0.763,6
76,0.1569,0.0869,0.7562,6
77,0.1618,0.092,0.7462,6
78,0.1658,0.0949,0.7393,6
79,0.1683,0.1,0.7317,6
80,0.1704,0.1038,0.7258,6
81,0.1722,0.1081,0.7197,6
82,0.1742,0.1084,0.7174,6
83,0.1779,0.1049,0.7172,6
84,0.1817,0.1005,0.7178,6
85,0.1857,0.1001,0.7142,6
86,0.19,0.1,0.71,6
87,0.1943,0.1017,0.704,6
88,0.1986,0.1041,0.6973,6
89,0.2029,0.1061,0.691,6
90,0.2072,0.1074,0.6854,6
91,0.2115,0.1094,0.6791,6
92,0.2149,0.1109,0.6742,6
93,0.2173,0.1137,0.669,6
94,0.2198,0.1164,0.6638,6
95,0.2223,0.1168,0.6609,6
96,0.2243,0.1168,0.6589,6
97,0.2265,0.1167,0.6568,6
98,0.2287,0.1161,0.6552,6
99,0.2307,0.1144,0.6549,6
100,0.2324,0.1146,0.653,6
101,0.2344,0.1143,0.6513,6
102,0.235,0.1167,0.6483,6
103,0.2343,0.1172,0.6485,6
104,0.2329,0.1181,0.649,6
105,0.2308,0.1198,0.6494,6
106,0.2287,0.1198,0.6515,6
107,0.2263,0.1178,0.6559,6
108,0.2233,0.1224,0.6543,6
109,0.2192,0.1267,0.6541,6
110,0.2149,0.1287,0.6564,6
111,0.2106,0.1265,0.6629,6
112,0.2065,0.1217,0.6718,6
113,0.2029,0.1203,0.6768,6
114,0.2005,0.1191,0.6804,6
115,0.1998,0.1128,0.6874,6
116,0.1989,0.1108,0.6903,6
117,0.198,0.1084,0.6936,6
118,0.1971,0.1082,0.6947,6
119,0.1963,0.1071,0.6966,6
120,0.1955,0.105,0.6995,6
121,0.1948,0.1036,0.7016,6
122,0.1941,0.1052,0.7007,6
123,0.1934,0.1048,0.7018,6
124,0.1927,0.1062,0.7011,6
125,0.1906,0.1049,0.7045,6
126,0.1884,0.1061,0.7055,6
127,0.1862,0.1034,0.7104,6
128,0.184,0.1022,0.7138,6
129,0.1836,0.0994,0.717,6
130,0.1824,0.0953,0.7223,6
131,0.1808,0.0975,0.7217,6
132,0.1789,0.0964,0.7247,6
133,0.1768,0.0974,0.7258,6
134,0.1742,0.0981,0.7277,6
135,0.1714,0.0973,0.7313,6
136,0.1682,0.1014,0.7304,6
137,0.1652,0.103,0.7318,6
138,0.1627,0.103,0.7343,6
139,0.1605,0.102,0.7375,6
140,0.159,0.098,0.743,6
141,0.1575,0.0977,0.7448,6
142,0.1557,0.097,0.7473,6
143,0.1535,0.0987,0.7478,6
144,0.151,0.0978,0.7512,6
145,0.1486,0.0962,0.7552,6
146,0.1466,0.0958,0.7576,6
147,0.1446,0.0966,0.7588,6
148,0.143,0.0946,0.7624,6
149,0.1427,0.0933,0.764,6
150,0.1424,0.0893,0.7683,6
151,0.1421,0.0895,0.7684,6
152,0.1395,0.09,0.7705,6
153,0.1345,0.0902,0.7753,6
154,0.1297,0.0877,0.7826,6
155,0.1293,0.08,0.7907,6
156,0.1289,0.0722,0.7989,6
157,0.1285,0.0697,0.8018,6
158,0.1281,0.0697,0.8022,6
159,0.1277,0.0697,0.8026,6
160,0.1273,0.0703,0.8024,6
161,0.1269,0.0698,0.8033,6
162,0.1268,0.0684,0.8048,6
163,0.1268,0.068,0.8052,6
164,0.1268,0.0677,0.8055,6
165,0.1268,0.0695,0.8037,6
166,0.1268,0.0683,0.8049,6
167,0.1268,0.0692,0.804,6
168,0.1268,0.0695,0.8037,6
169,0.1268,0.0692,0.804,6
170,0.1268,0.0704,0.8028,6
171,0.1268,0.0703,0.8029,6
172,0.1268,0.0692,0.804,6
173,0.1268,0.0702,0.803,6
174,0.1268,0.0679,0.8053,6
175,0.1268,0.0689,0.8043,6
176,0.1268,0.0688,0.8044,6
177,0.1268,0.0683,0.8049,6
178,0.1268,0.0683,0.8049,6
179,0.1268,0.0671,0.8061,6
180,0.1268,0.068,0.8052,6
181,0.1268,0.0693,0.8039,6
182,0.1268,0.0686,0.8046,6
183,0.1268,0.0705,0.8027,6
184,0.1268,0.0705,0.8027,6
185,0.1268,0.0697,0.8035,6
186,0.1268,0.069,0.8042,6
187,0.1268,0.0692,0.804,6
188,0.1268,0.0685,0.8047,6
189,0.1268,0.0683,0.8049,6
190,0.1268,0.0676,0.8056,6
191,0.1268,0.0695,0.8037,6
192,0.1268,0.0696,0.8036,6
193,0.1268,0.0681,0.8051,6
194,0.1268,0.0683,0.8049,6
195,0.1268,0.0687,0.8045,6
196,0.1268,0.0702,0.803,6
197,0.1268,0.0695,0.8037,6
198,0.1268,0.0686,0.8046,6
199,0.1268,0.0713,0.8019,6
200,0.1268,0.0699,0.8033,6
0,0.337,0.3335,0.3295,7
1,0.0873,0.5697,0.343,7
2,0.0123,0.2772,0.7105,7
3,0.0142,0.0612,0.9246,7
4,0.0302,0.0118,0.958,7
5,0.0524,0.0111,0.9365,7
6,0.081,0.0144,0.9046,7
7,0.1145,0.0194,0.8661,7
8,0.1503,0.0241,0.8256,7
9,0.1881,0.029,0.7829,7
10,0.2244,0.0356,0.74,7
11,0.2587,0.043,0.6983,7
12,0.2925,0.0509,0.6566,7
13,0.3276,0.0576,0.6148,7
14,0.3598,0.0626,0.5776,7
15,0.3905,0.0707,0.5388,7
16,0.4183,0.0766,0.5051,7
17,0.4441,0.0876,0.4683,7
18,0.4644,0.0963,0.4393,7
19,0.4779,0.1105,0.4116,7
20,0.4842,0.1209,0.3949,7
21,0.4852,0.132,0.3828,7
22,0.4801,0.1377,0.3822,7
23,0.4695,0.1549,0.3756,7
24,0.4562,0.1565,0.3873,7
25,0.4438,0.1608,0.3954,7
26,0.4314,0.1566,0.412,7
27,0.4212,0.1581,0.4207,7
28,0.4105,0.1501,0.4394,7
29,0.3957,0.1534,0.4509,7
30,0.3799,0.1562,0.4639,7
31,0.3625,0.1618,0.4757,7
32,0.3438,0.1621,0.4941,7
33,0.3277,0.1626,0.5097,7
34,0.3137,0.1548,0.5315,7
35,0.2997,0.156,0.5443,7
36,0.2844,0.1511,0.5645,7
37,0.2691,0.154,0.5769,7
38,0.2536,0.1518,0.5946,7
39,0.2435,0.1485,0.608,7
40,0.2369,0.1314,0.6317,7
41,0.2332,0.1228,0.644,7
42,0.2287,0.1172,0.6541,7
43,0.2269,0.114,0.6591,7
44,0.2196,0.109,0.6714,7
45,0.2125,0.1031,0.6844,7
46,0.207,0.097,0.696,7
47,0.2059,0.0865,0.7076,7
48,0.2052,0.0804,0.7144,7
49,0.2047,0.0845,0.7108,7
50,0.2044,0.0873,0.7083,7
51,0.204,0.0898,0.7062,7
52,0.2032,0.0924,0.7044,7
53,0.2017,0.0953,0.703,7
54,0.2004,0.0981,0.7015,7
55,0.197,0.1031,0.6999,7
56,0.1928,0.1042,0.703,7
57,0.1874,0.1101,0.7025,7
58,0.182,0.1108,0.7072,7
59,0.1762,0.1142,0.7096,7
60,0.1693,0.1118,0.7189,7
61,0.1598,0.115,0.7252,7
62,0.15,0.118,0.732,7
63,0.1397,0.1217,0.7386,7
64,0.1294,0.1259,0.7447,7
65,0.1203,0.1246,0.7551,7
66,0.1108,0.1236,0.7656,7
67,0.0999,0.126,0.7741,7
68,0.0856,0.1241,0.7903,7
69,0.0721,0.1171,0.8108,7
70,0.0609,0.1125,0.8266,7
71,0.0527,0.1021,0.8452,7
72,0.0471,0.0947,0.8582,7
73,0.044,0.0859,0.8701,7
74,0.0437,0.0755,0.8808,7
75,0.0441,0.0703,0.8856,7
76,0.0454,0.0696,0.885,7
77,0.0468,0.0714,0.8818,7
78,0.0478,0.0733,0.8789,7
79,0.0484,0.0759,0.8757,7
80,0.0475,0.0767,0.8758,7
81,0.0468,0.0749,0.8783,7
82,0.0479,0.0732,0.8789,7
83,0.0492,0.0704,0.8804,7
84,0.0507,0.0713,0.878,7
85,0.0522,0.0735,0.8743,7
86,0.051,0.0759,0.8731,7
87,0.0494,0.0755,0.8751,7
88,0.0495,0.0753,0.8752,7
89,0.0514,0.0715,0.8771,7
90,0.0537,0.0723,0.874,7
91,0.0557,0.0759,0.8684,7
92,0.0574,0.0801,0.8625,7
93,0.058,0.0819,0.8601,7
94,0.0574,0.0844,0.8582,7
95,0.0572,0.0813,0.8615,7
96,0.0568,0.0837,0.8595,7
97,0.0563,0.0848,0.8589,7
98,0.0556,0.0865,0.8579,7
99,0.0548,0.0872,0.858,7
100,0.0539,0.0879,0.8582,7
101,0.0533,0.0883,0.8584,7
102,0.0526,0.0919,0.8555,7
103,0.0518,0.0916,0.8566,7
104,0.0512,0.0906,0.8582,7
105,0.0493,0.0885,0.8622,7
106,0.0474,0.09,0.8626,7
107,0.0467,0.0886,0.8647,7
108,0.0479,0.0836,0.8685,7
109,0.0491,0.0797,0.8712,7
110,0.05,0.0812,0.8688,7
111,0.0509,0.0829,0.8662,7
112,0.0518,0.0872,0.861,7
113,0.0523,0.0899,0.8578,7
114,0.0528,0.0918,0.8554,7
115,0.0532,0.0925,0.8543,7
116,0.054,0.0942,0.8518,7
117,0.0546,0.095,0.8504,7
118,0.055,0.0968,0.8482,7
119,0.0558,0.0958,0.8484,7
120,0.0563,0.0985,0.8452,7
121,0.0567,0.0987,0.8446,7
122,0.0579,0.0989,0.8432,7
123,0.0596,0.1002,0.8402,7
124,0.0614,0.1029,0.8357,7
125,0.0638,0.1031,0.8331,7
126,0.0659,0.1061,0.828,7
127,0.0674,0.104,0.8286,7
128,0.0693,0.1067,0.824,7
129,0.0712,0.1094,0.8194,7
130,0.073,0.1112,0.8158,7
131,0.0747,0.109,0.8163,7
132,0.0769,0.111,0.8121,7
133,0.0786,0.1151,0.8063,7
134,0.0785,0.1193,0.8022,7
135,0.0784,0.1158,0.8058,7
136,0.08,0.1145,0.8055,7
137,0.0819,0.1148,0.8033,7
138,0.0834,0.1179,0.7987,7
139,0.085,0.1169,0.7981,7
140,0.0864,0.118,0.7956,7
141,0.0878,0.121,0.7912,7
142,0.0891,0.1229,0.788,7
143,0.0896,0.1186,0.7918,7
144,0.0906,0.1206,0.7888,7
145,0.0924,0.1152,0.7924,7
146,0.0948,0.1182,0.787,7
147,0.0959,0.1184,0.7857,7
148,0.0914,0.1197,0.7889,7
149,0.0893,0.1208,0.7899,7
150,0.0878,0.1187,0.7935,7
151,0.0864,0.1193,0.7943,7
152,0.085,0.1242,0.7908,7
153,0.0823,0.1248,0.7929,7
154,0.0793,0.1265,0.7942,7
155,0.076,0.1297,0.7943,7
156,0.0727,0.1276,0.7997,7
157,0.0716,0.118,0.8104,7
158,0.0708,0.1157,0.8135,7
159,0.0721,0.1125,0.8154,7
160,0.0743,0.112,0.8137,7
161,0.077,0.1094,0.8136,7
162,0.08,0.1126,0.8074,7
163,0.0825,0.1145,0.803,7
164,0.0855,0.1186,0.7959,7
165,0.087,0.12,0.793,7
166,0.0851,0.1243,0.7906,7
167,0.0833,0.1259,0.7908,7
168,0.0833,0.1259,0.7908,7
169,0.085,0.1197,0.7953,7
170,0.0869,0.1195,0.7936,7
171,0.0857,0.1182,0.7961,7
172,0.0815,0.121,0.7975,7
173,0.0786,0.1178,0.8036,7
174,0.0786,0.106,0.8154,7
175,0.0793,0.0974,0.8233,7
176,0.0797,0.0986,0.8217,7
177,0.0799,0.0975,0.8226,7
178,0.0804,0.0998,0.8198,7
179,0.081,0.0973,0.8217,7
180,0.0813,0.0981,0.8206,7
181,0.0819,0.0979,0.8202,7
182,0.0824,0.1015,0.8161,7
183,0.0828,0.1004,0.8168,7
184,0.0833,0.1017,0.815,7
185,0.0837,0.1017,0.8146,7
186,0.0841,0.1051,0.8108,7
187,0.084,0.1052,0.8108,7
188,0.0839,0.1071,0.809,7
189,0.0839,0.1072,0.8089,7
190,0.0836,0.1078,0.8086,7
191,0.0826,0.1068,0.8106,7
192,0.0824,0.1079,0.8097,7
193,0.0827,0.1058,0.8115,7
194,0.0832,0.1054,0.8114,7
195,0.0838,0.1066,0.8096,7
196,0.0837,0.11,0.8063,7
197,0.0841,0.1129,0.803,7
198,0.0845,0.1149,0.8006,7
199,0.0849,0.113,0.8021,7
200,0.0856,0.1163,0.7981,7
0,0.3405,0.3206,0.3389,8
1,0.085,0.5704,0.3446,8
2,0.0096,0.2702,0.7202,8
3,0.009,0.0593,0.9317,8
4,0.0154,0.0145,0.9701,8
5,0.026,0.0145,0.9595,8
6,0.0399,0.0182,0.9419,8
7,0.0569,0.0218,0.9213,8
8,0.0764,0.0252,0.8984,8
9,0.0974,0.0302,0.8724,8
10,0.1184,0.0364,0.8452,8
11,0.1393,0.0424,0.8183,8
12,0.161,0.0484,0.7906,8
13,0.1837,0.056,0.7603,8
14,0.2061,0.0608,0.7331,8
15,0.2271,0.0664,0.7065,8
16,0.2483,0.0741,0.6776,8
17,0.2657,0.08,0.6543,8
18,0.2824,0.0859,0.6317,8
19,0.2981,0.0934,0.6085,8
20,0.314,0.0993,0.5867,8
21,0.3292,0.1052,0.5656,8
22,0.3433,0.1108,0.5459,8
23,0.354,0.1186,0.5274,8
24,0.3612,0.126,0.5128,8
25,0.3649,0.1292,0.5059,8
26,0.3645,0.132,0.5035,8
27,0.3646,0.1326,0.5028,8
28,0.3603,0.1284,0.5113,8
29,0.3536,0.126,0.5204,8
30,0.3455,0.1279,0.5266,8
31,0.3347,0.1342,0.5311,8
32,0.3233,0.1344,0.5423,8
33,0.3122,0.1316,0.5562,8
34,0.2961,0.133,0.5709,8
35,0.2795,0.1375,0.583,8
36,0.2597,0.1399,0.6004,8
37,0.2388,0.1457,0.6155,8
38,0.2146,0.1477,0.6377,8
39,0.1893,0.1492,0.6615,8
40,0.1675,0.1429,0.6896,8
41,0.1459,0.1374,0.7167,8
42,0.1228,0.1361,0.7411,8
43,0.0996,0.1424,0.758,8
44,0.0782,0.1398,0.782,8
45,0.0648,0.1236,0.8116,8
46,0.0525,0.1085,0.839,8
47,0.0432,0.1044,0.8524,8
48,0.0361,0.0974,0.8665,8
49,0.0348,0.0811,0.8841,8
50,0.0352,0.0659,0.8989,8
51,0.035,0.0597,0.9053,8
52,0.0334,0.0583,0.9083,8
53,0.032,0.061,0.907,8
54,0.0308,0.0593,0.9099,8
55,0.0304,0.0587,0.9109,8
56,0.0305,0.0557,0.9138,8
57,0.0304,0.0568,0.9128,8
58,0.0304,0.0554,0.9142,8
59,0.0302,0.0578,0.912,8
60,0.0299,0.0555,0.9146,8
61,0.0301,0.0595,0.9104,8
62,0.0307,0.0582,0.9111,8
63,0.0312,0.058,0.9108,8
64,0.0315,0.0584,0.9101,8
65,0.0319,0.0602,0.9079,8
66,0.0326,0.0577,0.9097,8
67,0.0334,0.0638,0.9028,8
68,0.0338,0.0641,0.9021,8
69,0.0338,0.0673,0.8989,8
70,0.0337,0.0646,0.9017,8
71,0.0333,0.0663,0.9004,8
72,0.0331,0.0639,0.903,8
73,0.0339,0.0655,0.9006,8
74,0.0348,0.0627,0.9025,8
75,0.0358,0.0665,0.8977,8
76,0.0368,0.0667,0.8965,8
77,0.0378,0.0706,0.8916,8
78,0.0387,0.0686,0.8927,8
79,0.0395,0.074,0.8865,8
80,0.0391,0.0746,0.8863,8
81,0.0382,0.0795,0.8823,8
82,0.0385,0.0739,0.8876,8
83,0.0391,0.0766,0.8843,8
84,0.0399,0.0767,0.8834,8
85,0.0407,0.0806,0.8787,8
86,0.0415,0.0826,0.8759,8
87,0.0423,0.0844,0.8733,8
88,0.0431,0.0833,0.8736,8
89,0.0435,0.0881,0.8684,8
90,0.0406,0.0862,0.8732,8
91,0.035,0.0869,0.8781,8
92,0.0318,0.0806,0.8876,8
93,0.0315,0.072,0.8965,8
94,0.0315,0.0597,0.9088,8
95,0.0307,0.0614,0.9079,8
96,0.0292,0.0608,0.91,8
97,0.0286,0.0611,0.9103,8
98,0.0287,0.0585,0.9128,8
99,0.0288,0.0593,0.9119,8
100,0.0289,0.0592,0.9119,8
101,0.029,0.0604,0.9106,8
102,0.0291,0.0598,0.9111,8
103,0.0292,0.0604,0.9104,8
104,0.0293,0.0601,0.9106,8
105,0.0296,0.0592,0.9112,8
106,0.03,0.0588,0.9112,8
107,0.0302,0.0611,0.9087,8
108,0.0301,0.0606,0.9093,8
109,0.0304,0.0632,0.9064,8
110,0.0312,0.0605,0.9083,8
111,0.0323,0.0628,0.9049,8
112,0.0335,0.0644,0.9021,8
113,0.0347,0.0674,0.8979,8
114,0.0359,0.0669,0.8972,8
115,0.0371,0.0713,0.8916,8
116,0.0383,0.071,0.8907,8
117,0.0395,0.074,0.8865,8
118,0.0407,0.0755,0.8838,8
119,0.0419,0.078,0.8801,8
120,0.0431,0.0787,0.8782,8
121,0.0443,0.0851,0.8706,8
122,0.0449,0.0849,0.8702,8
123,0.045,0.0882,0.8668,8
124,0.0454,0.0878,0.8668,8
