Generation,O,Y,B,sim
0,0.3348,0.3358,0.3294,1
1,0.5642,0.3118,0.124,1
2,0.3213,0.6341,0.0446,1
3,0.1199,0.8296,0.0505,1
4,0.0567,0.8602,0.0831,1
5,0.0556,0.8165,0.1279,1
6,0.0655,0.749,0.1855,1
7,0.0804,0.6715,0.2481,1
8,0.1015,0.5905,0.308,1
9,0.1263,0.5139,0.3598,1
10,0.1584,0.4481,0.3935,1
11,0.184,0.4068,0.4092,1
12,0.2087,0.3811,0.4102,1
13,0.2267,0.3763,0.397,1
14,0.2401,0.3823,0.3776,1
15,0.25,0.3903,0.3597,1
16,0.2532,0.4063,0.3405,1
17,0.2525,0.4274,0.3201,1
18,0.2515,0.44,0.3085,1
19,0.2446,0.4549,0.3005,1
20,0.2413,0.4613,0.2974,1
21,0.2439,0.4568,0.2993,1
22,0.2568,0.4467,0.2965,1
23,0.2656,0.4378,0.2966,1
24,0.2642,0.441,0.2948,1
25,0.2697,0.4476,0.2827,1
26,0.2683,0.4596,0.2721,1
27,0.2558,0.4774,0.2668,1
28,0.244,0.4843,0.2717,1
29,0.2349,0.4859,0.2792,1
30,0.2269,0.4803,0.2928,1
31,0.2214,0.4649,0.3137,1
32,0.2337,0.4363,0.33,1
33,0.2518,0.4101,0.3381,1
34,0.2638,0.4062,0.33,1
35,0.2744,0.4115,0.3141,1
36,0.2767,0.4246,0.2987,1
37,0.2718,0.4461,0.2821,1
38,0.2694,0.4618,0.2688,1
39,0.2605,0.4773,0.2622,1
40,0.2494,0.4836,0.267,1
41,0.2317,0.4909,0.2774,1
42,0.2245,0.4824,0.2931,1
43,0.2203,0.4706,0.3091,1
44,0.2214,0.4559,0.3227,1
45,0.2248,0.4398,0.3354,1
46,0.2333,0.425,0.3417,1
47,0.2452,0.4097,0.3451,1
48,0.2517,0.4032,0.3451,1
49,0.2623,0.3945,0.3432,1
50,0.2799,0.3846,0.3355,1
51,0.2859,0.3909,0.3232,1
52,0.2813,0.4092,0.3095,1
53,0.2623,0.435,0.3027,1
54,0.2488,0.4481,0.3031,1
55,0.2468,0.4441,0.3091,1
56,0.2487,0.4308,0.3205,1
57,0.2559,0.4189,0.3252,1
58,0.261,0.4094,0.3296,1
59,0.2719,0.4028,0.3253,1
60,0.2788,0.4102,0.311,1
61,0.2748,0.426,0.2992,1
62,0.2687,0.4402,0.2911,1
63,0.2618,0.4444,0.2938,1
64,0.2578,0.4382,0.304,1
65,0.2515,0.4357,0.3128,1
66,0.2475,0.4277,0.3248,1
67,0.239,0.4247,0.3363,1
68,0.241,0.4127,0.3463,1
69,0.2451,0.4018,0.3531,1
70,0.2514,0.3915,0.3571,1
71,0.2617,0.3728,0.3655,1
72,0.2609,0.368,0.3711,1
73,0.2585,0.3713,0.3702,1
74,0.2644,0.3744,0.3612,1
75,0.2734,0.3799,0.3467,1
76,0.2818,0.3847,0.3335,1
77,0.282,0.3942,0.3238,1
78,0.2705,0.4092,0.3203,1
79,0.2627,0.4184,0.3189,1
80,0.2585,0.423,0.3185,1
81,0.2556,0.4251,0.3193,1
82,0.2556,0.4128,0.3316,1
83,0.2602,0.3973,0.3425,1
84,0.2662,0.3833,0.3505,1
85,0.2779,0.3691,0.353,1
86,0.2901,0.3601,0.3498,1
87,0.3111,0.3589,0.33,1
88,0.319,0.3781,0.3029,1
89,0.3181,0.403,0.2789,1
90,0.2953,0.4453,0.2594,1
91,0.2739,0.4744,0.2517,1
92,0.2539,0.4861,0.26,1
93,0.2374,0.4822,0.2804,1
94,0.2383,0.455,0.3067,1
95,0.2474,0.4264,0.3262,1
96,0.2621,0.3997,0.3382,1
97,0.2689,0.3874,0.3437,1
98,0.2807,0.3691,0.3502,1
99,0.2823,0.3663,0.3514,1
100,0.2877,0.3704,0.3419,1
101,0.2942,0.3794,0.3264,1
102,0.2916,0.392,0.3164,1
103,0.2764,0.4127,0.3109,1
104,0.2674,0.4193,0.3133,1
105,0.2632,0.4212,0.3156,1
106,0.2674,0.41,0.3226,1
107,0.2748,0.4029,0.3223,1
108,0.2925,0.3884,0.3191,1
109,0.2899,0.397,0.3131,1
110,0.2841,0.411,0.3049,1
111,0.2788,0.4272,0.294,1
112,0.277,0.4384,0.2846,1
113,0.2776,0.4418,0.2806,1
114,0.2694,0.4447,0.2859,1
115,0.2528,0.4486,0.2986,1
116,0.2499,0.4404,0.3097,1
117,0.2534,0.4319,0.3147,1
118,0.2696,0.4163,0.3141,1
119,0.2837,0.4111,0.3052,1
120,0.2824,0.4187,0.2989,1
121,0.2737,0.4346,0.2917,1
122,0.2722,0.4484,0.2794,1
123,0.2688,0.4589,0.2723,1
124,0.2574,0.471,0.2716,1
125,0.2457,0.4749,0.2794,1
126,0.2438,0.47,0.2862,1
127,0.2456,0.4578,0.2966,1
128,0.2549,0.4383,0.3068,1
129,0.2678,0.4163,0.3159,1
130,0.2697,0.4091,0.3212,1
131,0.2726,0.4064,0.321,1
132,0.2695,0.4154,0.3151,1
133,0.2758,0.4169,0.3073,1
134,0.2789,0.4227,0.2984,1
135,0.2702,0.4407,0.2891,1
136,0.2606,0.4529,0.2865,1
137,0.2595,0.4528,0.2877,1
138,0.2602,0.4533,0.2865,1
139,0.2555,0.4614,0.2831,1
140,0.2511,0.4639,0.285,1
141,0.259,0.4557,0.2853,1
142,0.2566,0.4542,0.2892,1
143,0.2636,0.447,0.2894,1
144,0.2576,0.4557,0.2867,1
145,0.2522,0.4587,0.2891,1
146,0.2573,0.4553,0.2874,1
147,0.2513,0.4645,0.2842,1
148,0.2535,0.4605,0.286,1
149,0.2544,0.4548,0.2908,1
150,0.248,0.45,0.302,1
151,0.2517,0.4327,0.3156,1
152,0.2598,0.414,0.3262,1
153,0.2782,0.3953,0.3265,1
154,0.2908,0.3884,0.3208,1
155,0.2864,0.4007,0.3129,1
156,0.2818,0.4098,0.3084,1
157,0.2772,0.4207,0.3021,1
158,0.2799,0.4269,0.2932,1
159,0.2736,0.4336,0.2928,1
160,0.2568,0.4461,0.2971,1
161,0.245,0.4491,0.3059,1
162,0.2418,0.4376,0.3206,1
163,0.2542,0.4077,0.3381,1
164,0.2692,0.3829,0.3479,1
165,0.2804,0.3675,0.3521,1
166,0.2871,0.3629,0.35,1
167,0.2914,0.371,0.3376,1
168,0.2844,0.3925,0.3231,1
169,0.2786,0.4082,0.3132,1
170,0.2717,0.4173,0.311,1
171,0.2784,0.4108,0.3108,1
172,0.2912,0.4056,0.3032,1
173,0.2879,0.4117,0.3004,1
174,0.2719,0.4268,0.3013,1
175,0.2666,0.4325,0.3009,1
176,0.2689,0.4297,0.3014,1
177,0.2629,0.4326,0.3045,1
178,0.2537,0.4274,0.3189,1
179,0.2505,0.423,0.3265,1
180,0.2547,0.4114,0.3339,1
181,0.2651,0.4015,0.3334,1
182,0.2697,0.4039,0.3264,1
183,0.2784,0.4095,0.3121,1
184,0.2859,0.4214,0.2927,1
185,0.279,0.4416,0.2794,1
186,0.2773,0.4474,0.2753,1
187,0.2654,0.4594,0.2752,1
188,0.2557,0.4658,0.2785,1
189,0.2554,0.4595,0.2851,1
190,0.2506,0.4575,0.2919,1
191,0.2402,0.4578,0.302,1
192,0.244,0.44,0.316,1
193,0.2471,0.4241,0.3288,1
194,0.2505,0.4149,0.3346,1
195,0.2491,0.4135,0.3374,1
196,0.2491,0.4117,0.3392,1
197,0.2582,0.4079,0.3339,1
198,0.2721,0.4015,0.3264,1
199,0.2718,0.4123,0.3159,1
200,0.2713,0.4227,0.306,1
0,0.3368,0.3332,0.33,2
1,0.5959,0.2977,0.1064,2
2,0.3115,0.6603,0.0282,2
3,0.0911,0.8715,0.0374,2
4,0.0325,0.8944,0.0731,2
5,0.023,0.8544,0.1226,2
6,0.0299,0.7884,0.1817,2
7,0.0418,0.7152,0.243,2
8,0.0521,0.6406,0.3073,2
9,0.065,0.5656,0.3694,2
10,0.0797,0.4949,0.4254,2
11,0.0989,0.4259,0.4752,2
12,0.1159,0.3691,0.515,2
13,0.1299,0.3273,0.5428,2
14,0.1457,0.2932,0.5611,2
15,0.165,0.2659,0.5691,2
16,0.1797,0.2672,0.5531,2
17,0.1832,0.2845,0.5323,2
18,0.194,0.2974,0.5086,2
19,0.1992,0.3159,0.4849,2
20,0.2028,0.3369,0.4603,2
21,0.2144,0.3488,0.4368,2
22,0.2179,0.3686,0.4135,2
23,0.2263,0.3811,0.3926,2
24,0.225,0.4003,0.3747,2
25,0.2215,0.4169,0.3616,2
26,0.2212,0.4267,0.3521,2
27,0.2321,0.4176,0.3503,2
28,0.2272,0.4272,0.3456,2
29,0.231,0.4214,0.3476,2
30,0.2377,0.4142,0.3481,2
31,0.2401,0.4071,0.3528,2
32,0.2417,0.405,0.3533,2
33,0.2564,0.3952,0.3484,2
34,0.2671,0.3911,0.3418,2
35,0.2664,0.3997,0.3339,2
36,0.2649,0.4168,0.3183,2
37,0.2545,0.4399,0.3056,2
38,0.246,0.4554,0.2986,2
39,0.2523,0.4528,0.2949,2
40,0.2633,0.4434,0.2933,2
41,0.2693,0.4448,0.2859,2
42,0.2686,0.4434,0.288,2
43,0.2766,0.4364,0.287,2
44,0.266,0.4411,0.2929,2
45,0.2586,0.443,0.2984,2
46,0.266,0.4284,0.3056,2
47,0.279,0.4171,0.3039,2
48,0.2823,0.4198,0.2979,2
49,0.2838,0.43,0.2862,2
50,0.2829,0.4504,0.2667,2
51,0.2824,0.4616,0.256,2
52,0.2758,0.4721,0.2521,2
53,0.2729,0.4733,0.2538,2
54,0.2637,0.4688,0.2675,2
55,0.2479,0.472,0.2801,2
56,0.2446,0.467,0.2884,2
57,0.2463,0.4581,0.2956,2
58,0.2427,0.4467,0.3106,2
59,0.2403,0.4391,0.3206,2
60,0.2427,0.4193,0.338,2
61,0.2469,0.4065,0.3466,2
62,0.2597,0.3946,0.3457,2
63,0.2573,0.3989,0.3438,2
64,0.2576,0.4033,0.3391,2
65,0.2693,0.3964,0.3343,2
66,0.2706,0.3956,0.3338,2
67,0.2652,0.401,0.3338,2
68,0.2724,0.3982,0.3294,2
69,0.2744,0.402,0.3236,2
70,0.266,0.4223,0.3117,2
71,0.2606,0.4356,0.3038,2
72,0.2512,0.4527,0.2961,2
73,0.2475,0.4583,0.2942,2
74,0.2453,0.4576,0.2971,2
75,0.2485,0.447,0.3045,2
76,0.2482,0.4427,0.3091,2
77,0.2502,0.4374,0.3124,2
78,0.2439,0.4447,0.3114,2
79,0.2447,0.4418,0.3135,2
80,0.2331,0.4465,0.3204,2
81,0.226,0.4467,0.3273,2
82,0.2358,0.4314,0.3328,2
83,0.2472,0.4212,0.3316,2
84,0.2458,0.4183,0.3359,2
85,0.2299,0.4218,0.3483,2
86,0.235,0.4051,0.3599,2
87,0.2533,0.3747,0.372,2
88,0.2636,0.3621,0.3743,2
89,0.2723,0.3538,0.3739,2
90,0.2856,0.3465,0.3679,2
91,0.2864,0.3571,0.3565,2
92,0.2851,0.3729,0.342,2
93,0.2861,0.3869,0.327,2
94,0.2855,0.4028,0.3117,2
95,0.2748,0.422,0.3032,2
96,0.2606,0.436,0.3034,2
97,0.2485,0.444,0.3075,2
98,0.2479,0.4361,0.316,2
99,0.2544,0.4204,0.3252,2
100,0.2514,0.415,0.3336,2
101,0.249,0.4142,0.3368,2
102,0.2582,0.4047,0.3371,2
103,0.2672,0.3963,0.3365,2
104,0.2655,0.4019,0.3326,2
105,0.2698,0.41,0.3202,2
106,0.2789,0.4133,0.3078,2
107,0.2753,0.4244,0.3003,2
108,0.2658,0.4352,0.299,2
109,0.2663,0.4316,0.3021,2
110,0.2683,0.4253,0.3064,2
111,0.2624,0.4294,0.3082,2
112,0.2573,0.4288,0.3139,2
113,0.2522,0.4232,0.3246,2
114,0.2472,0.4181,0.3347,2
115,0.2521,0.3983,0.3496,2
116,0.2561,0.3877,0.3562,2
117,0.2654,0.381,0.3536,2
118,0.2777,0.3825,0.3398,2
119,0.2948,0.3859,0.3193,2
120,0.2889,0.4099,0.3012,2
121,0.2746,0.4336,0.2918,2
122,0.2574,0.4503,0.2923,2
123,0.2523,0.4509,0.2968,2
124,0.2513,0.4393,0.3094,2
125,0.2548,0.4195,0.3257,2
126,0.259,0.4013,0.3397,2
127,0.2642,0.3869,0.3489,2
128,0.2715,0.3709,0.3576,2
129,0.2758,0.3669,0.3573,2
130,0.2812,0.3619,0.3569,2
131,0.2875,0.368,0.3445,2
132,0.2887,0.3779,0.3334,2
133,0.2788,0.3948,0.3264,2
134,0.2718,0.4048,0.3234,2
135,0.2637,0.4083,0.328,2
136,0.2682,0.4027,0.3291,2
137,0.2731,0.398,0.3289,2
138,0.2808,0.3899,0.3293,2
139,0.2929,0.3865,0.3206,2
140,0.2937,0.3926,0.3137,2
141,0.2954,0.3974,0.3072,2
142,0.2987,0.3927,0.3086,2
143,0.2932,0.3977,0.3091,2
144,0.2893,0.4029,0.3078,2
145,0.2896,0.4046,0.3058,2
146,0.2953,0.3951,0.3096,2
147,0.2877,0.4013,0.311,2
148,0.2755,0.4106,0.3139,2
149,0.2759,0.4128,0.3113,2
150,0.2835,0.41,0.3065,2
151,0.2943,0.407,0.2987,2
152,0.2963,0.4138,0.2899,2
153,0.292,0.4234,0.2846,2
154,0.2903,0.4288,0.2809,2
155,0.2908,0.4344,0.2748,2
156,0.2744,0.4498,0.2758,2
157,0.2679,0.4534,0.2787,2
158,0.2668,0.4392,0.294,2
159,0.2605,0.4266,0.3129,2
160,0.2636,0.4064,0.33,2
161,0.2698,0.3957,0.3345,2
162,0.2823,0.3867,0.331,2
163,0.2887,0.3865,0.3248,2
164,0.2897,0.3972,0.3131,2
165,0.2879,0.4095,0.3026,2
166,0.2908,0.4169,0.2923,2
167,0.2938,0.4277,0.2785,2
168,0.2807,0.4513,0.268,2
169,0.2543,0.4715,0.2742,2
170,0.241,0.466,0.293,2
171,0.2427,0.4493,0.308,2
172,0.2518,0.4304,0.3178,2
173,0.2636,0.4077,0.3287,2
174,0.2705,0.3904,0.3391,2
175,0.2767,0.377,0.3463,2
176,0.2759,0.3842,0.3399,2
177,0.2697,0.3959,0.3344,2
178,0.2652,0.3982,0.3366,2
179,0.2541,0.4044,0.3415,2
180,0.2421,0.4033,0.3546,2
181,0.2457,0.3901,0.3642,2
182,0.2686,0.3651,0.3663,2
183,0.2806,0.3576,0.3618,2
184,0.2863,0.3583,0.3554,2
185,0.2825,0.3692,0.3483,2
186,0.2884,0.3728,0.3388,2
187,0.2877,0.3852,0.3271,2
188,0.2844,0.3914,0.3242,2
189,0.2748,0.4047,0.3205,2
190,0.2733,0.4078,0.3189,2
191,0.274,0.4174,0.3086,2
192,0.2815,0.4197,0.2988,2
193,0.2869,0.4292,0.2839,2
194,0.2851,0.4427,0.2722,2
195,0.2819,0.4502,0.2679,2
196,0.2761,0.4552,0.2687,2
197,0.2818,0.4445,0.2737,2
198,0.2736,0.4481,0.2783,2
199,0.2747,0.436,0.2893,2
200,0.2796,0.424,0.2964,2
0,0.3402,0.3357,0.3241,3
1,0.5504,0.3342,0.1154,3
2,0.3006,0.653,0.0464,3
3,0.1016,0.8379,0.0605,3
4,0.0429,0.8417,0.1154,3
5,0.0441,0.7629,0.193,3
6,0.0645,0.6519,0.2836,3
7,0.0924,0.5352,0.3724,3
8,0.1216,0.43,0.4484,3
9,0.1505,0.3394,0.5101,3
10,0.1812,0.2715,0.5473,3
11,0.2101,0.2424,0.5475,3
12,0.2356,0.2368,0.5276,3
13,0.2558,0.2518,0.4924,3
14,0.2764,0.279,0.4446,3
15,0.2897,0.3277,0.3826,3
16,0.2947,0.3813,0.324,3
17,0.2793,0.4473,0.2734,3
18,0.2544,0.5081,0.2375,3
19,0.2286,0.5578,0.2136,3
20,0.2108,0.5876,0.2016,3
21,0.1923,0.6038,0.2039,3
22,0.1694,0.6116,0.219,3
23,0.1572,0.5976,0.2452,3
24,0.1578,0.5677,0.2745,3
25,0.1689,0.5276,0.3035,3
26,0.183,0.4943,0.3227,3
27,0.1957,0.4718,0.3325,3
28,0.204,0.4612,0.3348,3
29,0.2138,0.4498,0.3364,3
30,0.2123,0.4458,0.3419,3
31,0.2057,0.4423,0.352,3
32,0.2034,0.4327,0.3639,3
33,0.2089,0.4209,0.3702,3
34,0.2187,0.4064,0.3749,3
35,0.2249,0.3962,0.3789,3
36,0.2263,0.3949,0.3788,3
37,0.226,0.4012,0.3728,3
38,0.2252,0.4048,0.37,3
39,0.2327,0.4045,0.3628,3
40,0.2335,0.4149,0.3516,3
41,0.2339,0.4271,0.339,3
42,0.2282,0.4374,0.3344,3
43,0.2245,0.4357,0.3398,3
44,0.221,0.4305,0.3485,3
45,0.2234,0.425,0.3516,3
46,0.2305,0.4173,0.3522,3
47,0.2314,0.4203,0.3483,3
48,0.2332,0.4273,0.3395,3
49,0.2331,0.4332,0.3337,3
50,0.2391,0.4274,0.3335,3
51,0.2365,0.4299,0.3336,3
52,0.2407,0.4262,0.3331,3
53,0.2445,0.4261,0.3294,3
54,0.2475,0.4262,0.3263,3
55,0.254,0.4195,0.3265,3
56,0.252,0.4243,0.3237,3
57,0.253,0.4272,0.3198,3
58,0.2638,0.4214,0.3148,3
59,0.2693,0.4233,0.3074,3
60,0.2706,0.4314,0.298,3
61,0.2733,0.4331,0.2936,3
62,0.259,0.4412,0.2998,3
63,0.2476,0.4491,0.3033,3
64,0.2461,0.4437,0.3102,3
65,0.2417,0.4358,0.3225,3
66,0.2455,0.4265,0.328,3
67,0.2494,0.4168,0.3338,3
68,0.2564,0.4091,0.3345,3
69,0.256,0.4198,0.3242,3
70,0.2508,0.4372,0.312,3
71,0.2486,0.4519,0.2995,3
72,0.2364,0.4706,0.293,3
73,0.2256,0.4789,0.2955,3
74,0.2282,0.4744,0.2974,3
75,0.2352,0.4646,0.3002,3
76,0.2444,0.4548,0.3008,3
77,0.2566,0.4436,0.2998,3
78,0.2499,0.454,0.2961,3
79,0.2551,0.4483,0.2966,3
80,0.2602,0.4442,0.2956,3
81,0.2558,0.4486,0.2956,3
82,0.2585,0.446,0.2955,3
83,0.2586,0.4348,0.3066,3
84,0.2629,0.4243,0.3128,3
85,0.2662,0.4145,0.3193,3
86,0.268,0.4026,0.3294,3
87,0.2703,0.4007,0.329,3
88,0.2707,0.4011,0.3282,3
89,0.2737,0.4026,0.3237,3
90,0.2741,0.4073,0.3186,3
91,0.2691,0.4136,0.3173,3
92,0.2698,0.4168,0.3134,3
93,0.2652,0.4233,0.3115,3
94,0.2543,0.4293,0.3164,3
95,0.2415,0.4324,0.3261,3
96,0.2366,0.4226,0.3408,3
97,0.24,0.4036,0.3564,3
98,0.2506,0.3839,0.3655,3
99,0.2596,0.3711,0.3693,3
100,0.2706,0.3606,0.3688,3
101,0.2777,0.3575,0.3648,3
102,0.2692,0.3767,0.3541,3
103,0.2704,0.3831,0.3465,3
104,0.2646,0.3952,0.3402,3
105,0.2567,0.4042,0.3391,3
106,0.2562,0.4012,0.3426,3
107,0.2577,0.3975,0.3448,3
108,0.2603,0.3955,0.3442,3
109,0.2635,0.3973,0.3392,3
110,0.266,0.4007,0.3333,3
111,0.2755,0.4008,0.3237,3
112,0.2703,0.4114,0.3183,3
113,0.2596,0.4219,0.3185,3
114,0.2562,0.4228,0.321,3
115,0.2564,0.418,0.3256,3
116,0.2607,0.4156,0.3237,3
117,0.2713,0.4076,0.3211,3
118,0.2733,0.4062,0.3205,3
119,0.2698,0.4081,0.3221,3
120,0.2634,0.4096,0.327,3
121,0.2643,0.4089,0.3268,3
122,0.2674,0.4121,0.3205,3
123,0.2723,0.4166,0.3111,3
124,0.2739,0.4179,0.3082,3
125,0.2698,0.4195,0.3107,3
126,0.2669,0.4103,0.3228,3
127,0.2686,0.4012,0.3302,3
128,0.2778,0.3986,0.3236,3
129,0.2839,0.4058,0.3103,3
130,0.2916,0.4121,0.2963,3
131,0.2845,0.4326,0.2829,3
132,0.2778,0.4465,0.2757,3
133,0.2634,0.4637,0.2729,3
134,0.2522,0.4649,0.2829,3
135,0.2521,0.4501,0.2978,3
136,0.261,0.4275,0.3115,3
137,0.275,0.4066,0.3184,3
138,0.2866,0.4015,0.3119,3
139,0.2905,0.405,0.3045,3
140,0.2964,0.4066,0.297,3
141,0.3008,0.4071,0.2921,3
142,0.2931,0.4197,0.2872,3
143,0.2881,0.4327,0.2792,3
144,0.2743,0.4404,0.2853,3
145,0.2691,0.4371,0.2938,3
146,0.2625,0.4356,0.3019,3
147,0.2618,0.423,0.3152,3
148,0.2783,0.3939,0.3278,3
149,0.3024,0.375,0.3226,3
150,0.3137,0.3788,0.3075,3
151,0.314,0.4012,0.2848,3
152,0.2959,0.4384,0.2657,3
153,0.2765,0.4624,0.2611,3
154,0.2635,0.4665,0.27,3
155,0.2558,0.4589,0.2853,3
156,0.2662,0.4279,0.3059,3
157,0.2802,0.4038,0.316,3
158,0.2881,0.3949,0.317,3
159,0.2959,0.3883,0.3158,3
160,0.2932,0.4056,0.3012,3
161,0.2863,0.4238,0.2899,3
162,0.2802,0.4384,0.2814,3
163,0.2832,0.4479,0.2689,3
164,0.2746,0.4604,0.265,3
165,0.2556,0.4684,0.276,3
166,0.251,0.4555,0.2935,3
167,0.2582,0.4292,0.3126,3
168,0.2679,0.4116,0.3205,3
169,0.2754,0.4064,0.3182,3
170,0.2892,0.3963,0.3145,3
171,0.2998,0.3948,0.3054,3
172,0.3084,0.3962,0.2954,3
173,0.2932,0.4172,0.2896,3
174,0.2805,0.4337,0.2858,3
175,0.2727,0.4388,0.2885,3
176,0.2652,0.44,0.2948,3
177,0.2591,0.4373,0.3036,3
178,0.2671,0.4197,0.3132,3
179,0.2759,0.4111,0.313,3
180,0.2874,0.4152,0.2974,3
181,0.3002,0.422,0.2778,3
182,0.2972,0.4363,0.2665,3
183,0.2852,0.4525,0.2623,3
184,0.2696,0.4648,0.2656,3
185,0.2579,0.4647,0.2774,3
186,0.2523,0.4516,0.2961,3
187,0.2503,0.4407,0.309,3
188,0.2666,0.4135,0.3199,3
189,0.2798,0.3965,0.3237,3
190,0.2772,0.4057,0.3171,3
191,0.2722,0.4144,0.3134,3
192,0.2715,0.4174,0.3111,3
193,0.2798,0.413,0.3072,3
194,0.2805,0.4186,0.3009,3
195,0.2818,0.4214,0.2968,3
196,0.285,0.4207,0.2943,3
197,0.276,0.4341,0.2899,3
198,0.2759,0.4332,0.2909,3
199,0.2762,0.4299,0.2939,3
200,0.2757,0.422,0.3023,3
0,0.3358,0.3338,0.3304,4
1,0.5651,0.318,0.1169,4
2,0.2943,0.6637,0.042,4
3,0.1014,0.8495,0.0491,4
4,0.0464,0.8627,0.0909,4
5,0.0429,0.8044,0.1527,4
6,0.0613,0.7142,0.2245,4
7,0.0821,0.6242,0.2937,4
8,0.1061,0.5346,0.3593,4
9,0.1293,0.4554,0.4153,4
10,0.1514,0.3933,0.4553,4
11,0.1745,0.3473,0.4782,4
12,0.1944,0.3243,0.4813,4
13,0.207,0.3189,0.4741,4
14,0.2164,0.3245,0.4591,4
15,0.2249,0.3365,0.4386,4
16,0.2221,0.3603,0.4176,4
17,0.2195,0.3828,0.3977,4
18,0.226,0.3979,0.3761,4
19,0.2383,0.4061,0.3556,4
20,0.2481,0.4181,0.3338,4
21,0.252,0.4349,0.3131,4
22,0.2413,0.46,0.2987,4
23,0.2174,0.491,0.2916,4
24,0.2043,0.5002,0.2955,4
25,0.2022,0.4941,0.3037,4
26,0.2094,0.4768,0.3138,4
27,0.2256,0.4502,0.3242,4
28,0.2246,0.4397,0.3357,4
29,0.2291,0.4284,0.3425,4
30,0.2443,0.4114,0.3443,4
31,0.2526,0.4075,0.3399,4
32,0.2565,0.4067,0.3368,4
33,0.2593,0.4109,0.3298,4
34,0.2577,0.4172,0.3251,4
35,0.2469,0.433,0.3201,4
36,0.2403,0.4374,0.3223,4
37,0.2381,0.4374,0.3245,4
38,0.2432,0.4308,0.326,4
39,0.2487,0.4242,0.3271,4
40,0.2501,0.4211,0.3288,4
41,0.2481,0.4214,0.3305,4
42,0.2472,0.4185,0.3343,4
43,0.2479,0.415,0.3371,4
44,0.2529,0.4063,0.3408,4
45,0.2562,0.3958,0.348,4
46,0.2574,0.3938,0.3488,4
47,0.2557,0.3983,0.346,4
48,0.2555,0.4047,0.3398,4
49,0.2534,0.4114,0.3352,4
50,0.2547,0.4104,0.3349,4
51,0.2555,0.4118,0.3327,4
52,0.2536,0.4163,0.3301,4
53,0.2491,0.4266,0.3243,4
54,0.2523,0.4293,0.3184,4
55,0.2575,0.4283,0.3142,4
56,0.2626,0.4282,0.3092,4
57,0.2565,0.4318,0.3117,4
58,0.2495,0.4367,0.3138,4
59,0.251,0.4375,0.3115,4
60,0.2472,0.4392,0.3136,4
61,0.2399,0.4321,0.328,4
62,0.2388,0.4137,0.3475,4
63,0.2406,0.4048,0.3546,4
64,0.2497,0.3965,0.3538,4
65,0.2575,0.393,0.3495,4
66,0.2563,0.3922,0.3515,4
67,0.2513,0.3924,0.3563,4
68,0.2376,0.3984,0.364,4
69,0.2418,0.3942,0.364,4
70,0.2508,0.3885,0.3607,4
71,0.2479,0.3899,0.3622,4
72,0.249,0.3908,0.3602,4
73,0.2547,0.387,0.3583,4
74,0.2668,0.3828,0.3504,4
75,0.2691,0.3881,0.3428,4
76,0.2663,0.3989,0.3348,4
77,0.2623,0.4087,0.329,4
78,0.2524,0.4267,0.3209,4
79,0.2497,0.4369,0.3134,4
80,0.2488,0.4414,0.3098,4
81,0.25,0.4343,0.3157,4
82,0.2583,0.4144,0.3273,4
83,0.2656,0.4008,0.3336,4
84,0.265,0.4004,0.3346,4
85,0.2591,0.4135,0.3274,4
86,0.2612,0.4163,0.3225,4
87,0.2611,0.4203,0.3186,4
88,0.2563,0.4315,0.3122,4
89,0.2586,0.4335,0.3079,4
90,0.2574,0.4413,0.3013,4
91,0.2578,0.4437,0.2985,4
92,0.249,0.4464,0.3046,4
93,0.2407,0.4458,0.3135,4
94,0.2405,0.4389,0.3206,4
95,0.2447,0.4247,0.3306,4
96,0.2467,0.4213,0.332,4
97,0.2557,0.4148,0.3295,4
98,0.2611,0.4138,0.3251,4
99,0.2675,0.4127,0.3198,4
100,0.2677,0.424,0.3083,4
101,0.2625,0.4349,0.3026,4
102,0.2489,0.449,0.3021,4
103,0.2335,0.4552,0.3113,4
104,0.2332,0.4401,0.3267,4
105,0.2397,0.4182,0.3421,4
106,0.2505,0.4027,0.3468,4
107,0.2659,0.3854,0.3487,4
108,0.2694,0.3795,0.3511,4
109,0.2644,0.3898,0.3458,4
110,0.2633,0.3963,0.3404,4
111,0.2538,0.4114,0.3348,4
112,0.2464,0.4206,0.333,4
113,0.246,0.4168,0.3372,4
114,0.2585,0.3993,0.3422,4
115,0.2704,0.389,0.3406,4
116,0.2727,0.3938,0.3335,4
117,0.277,0.3991,0.3239,4
118,0.2862,0.4024,0.3114,4
119,0.2909,0.4079,0.3012,4
120,0.2933,0.4167,0.29,4
121,0.2766,0.4364,0.287,4
122,0.2588,0.4465,0.2947,4
123,0.2449,0.4487,0.3064,4
124,0.2423,0.4337,0.324,4
125,0.2567,0.4037,0.3396,4
126,0.2666,0.3812,0.3522,4
127,0.2718,0.3755,0.3527,4
128,0.2804,0.375,0.3446,4
129,0.2854,0.3805,0.3341,4
130,0.2822,0.3945,0.3233,4
131,0.2759,0.4086,0.3155,4
132,0.2665,0.4165,0.317,4
133,0.2552,0.4274,0.3174,4
134,0.2557,0.4208,0.3235,4
135,0.2601,0.4117,0.3282,4
136,0.2686,0.4009,0.3305,4
137,0.2752,0.3945,0.3303,4
138,0.2938,0.3776,0.3286,4
139,0.3011,0.3791,0.3198,4
140,0.2957,0.4033,0.301,4
141,0.2981,0.4157,0.2862,4
142,0.2921,0.4278,0.2801,4
143,0.2644,0.4534,0.2822,4
144,0.2544,0.4552,0.2904,4
145,0.2545,0.4465,0.299,4
146,0.2652,0.428,0.3068,4
147,0.2788,0.4089,0.3123,4
148,0.2877,0.3984,0.3139,4
149,0.295,0.3949,0.3101,4
150,0.2951,0.399,0.3059,4
151,0.2813,0.4098,0.3089,4
152,0.2686,0.4187,0.3127,4
153,0.2643,0.4173,0.3184,4
154,0.268,0.4103,0.3217,4
155,0.2741,0.4031,0.3228,4
156,0.2826,0.3951,0.3223,4
157,0.2748,0.4083,0.3169,4
158,0.2814,0.4184,0.3002,4
159,0.2842,0.428,0.2878,4
160,0.2752,0.4453,0.2795,4
161,0.2658,0.4558,0.2784,4
162,0.2596,0.4494,0.291,4
163,0.2539,0.4436,0.3025,4
164,0.2593,0.4284,0.3123,4
165,0.2659,0.4136,0.3205,4
166,0.2747,0.3994,0.3259,4
167,0.2819,0.3899,0.3282,4
168,0.288,0.3883,0.3237,4
169,0.2803,0.4033,0.3164,4
170,0.2786,0.4126,0.3088,4
171,0.2637,0.4285,0.3078,4
172,0.257,0.4276,0.3154,4
173,0.2574,0.4152,0.3274,4
174,0.2618,0.4001,0.3381,4
175,0.277,0.3847,0.3383,4
176,0.2863,0.3827,0.331,4
177,0.2874,0.3864,0.3262,4
178,0.2771,0.4052,0.3177,4
179,0.2707,0.4195,0.3098,4
180,0.263,0.4372,0.2998,4
181,0.2652,0.4415,0.2933,4
182,0.2617,0.4476,0.2907,4
183,0.2633,0.4428,0.2939,4
184,0.2554,0.4408,0.3038,4
185,0.2395,0.4453,0.3152,4
186,0.2442,0.4345,0.3213,4
187,0.2544,0.421,0.3246,4
188,0.2707,0.4104,0.3189,4
189,0.2824,0.4127,0.3049,4
190,0.2865,0.423,0.2905,4
191,0.2725,0.4471,0.2804,4
192,0.2543,0.4618,0.2839,4
193,0.244,0.4656,0.2904,4
194,0.2399,0.4597,0.3004,4
195,0.2461,0.4444,0.3095,4
196,0.2587,0.4197,0.3216,4
197,0.2636,0.4039,0.3325,4
198,0.2749,0.3917,0.3334,4
199,0.2894,0.3889,0.3217,4
200,0.2852,0.4098,0.305,4
0,0.3351,0.3317,0.3332,5
1,0.5641,0.3269,0.109,5
2,0.2883,0.674,0.0377,5
3,0.0804,0.8663,0.0533,5
4,0.0367,0.8546,0.1087,5
5,0.0429,0.7714,0.1857,5
6,0.0607,0.6686,0.2707,5
7,0.0813,0.5576,0.3611,5
8,0.0994,0.453,0.4476,5
9,0.1187,0.3608,0.5205,5
10,0.1381,0.2924,0.5695,5
11,0.1619,0.2491,0.589,5
12,0.1832,0.2365,0.5803,5
13,0.1981,0.2503,0.5516,5
14,0.2085,0.272,0.5195,5
15,0.2056,0.3113,0.4831,5
16,0.2055,0.3471,0.4474,5
17,0.2023,0.3786,0.4191,5
18,0.1973,0.4058,0.3969,5
19,0.1891,0.4312,0.3797,5
20,0.1853,0.448,0.3667,5
21,0.1822,0.462,0.3558,5
22,0.1821,0.4715,0.3464,5
23,0.1827,0.4742,0.3431,5
24,0.1855,0.4768,0.3377,5
25,0.1934,0.4743,0.3323,5
26,0.2053,0.464,0.3307,5
27,0.2131,0.4518,0.3351,5
28,0.2113,0.4516,0.3371,5
29,0.2037,0.4537,0.3426,5
30,0.1963,0.453,0.3507,5
31,0.1931,0.4399,0.367,5
32,0.189,0.4239,0.3871,5
33,0.1907,0.4028,0.4065,5
34,0.2013,0.3796,0.4191,5
35,0.2084,0.3699,0.4217,5
36,0.2215,0.3603,0.4182,5
37,0.2247,0.3695,0.4058,5
38,0.2311,0.3727,0.3962,5
39,0.2325,0.38,0.3875,5
40,0.2391,0.3823,0.3786,5
41,0.2401,0.3874,0.3725,5
42,0.2362,0.3948,0.369,5
43,0.2397,0.3988,0.3615,5
44,0.2418,0.3986,0.3596,5
45,0.2491,0.3919,0.359,5
46,0.2553,0.3906,0.3541,5
47,0.262,0.396,0.342,5
48,0.2685,0.4026,0.3289,5
49,0.2627,0.4181,0.3192,5
50,0.2623,0.4212,0.3165,5
51,0.2666,0.4199,0.3135,5
52,0.2513,0.4275,0.3212,5
53,0.2341,0.4303,0.3356,5
54,0.2254,0.4153,0.3593,5
55,0.2189,0.4011,0.38,5
56,0.2257,0.379,0.3953,5
57,0.247,0.3551,0.3979,5
58,0.2597,0.3521,0.3882,5
59,0.2628,0.3669,0.3703,5
60,0.2725,0.3744,0.3531,5
61,0.2631,0.3988,0.3381,5
62,0.2548,0.4224,0.3228,5
63,0.2544,0.4324,0.3132,5
64,0.2567,0.431,0.3123,5
65,0.2598,0.4319,0.3083,5
66,0.2666,0.4333,0.3001,5
67,0.2543,0.4487,0.297,5
68,0.2525,0.4508,0.2967,5
69,0.241,0.4604,0.2986,5
70,0.2418,0.4579,0.3003,5
71,0.2366,0.4511,0.3123,5
72,0.2485,0.4351,0.3164,5
73,0.2549,0.4266,0.3185,5
74,0.2653,0.4226,0.3121,5
75,0.2764,0.411,0.3126,5
76,0.2814,0.4124,0.3062,5
77,0.2795,0.4234,0.2971,5
78,0.2838,0.4303,0.2859,5
79,0.2685,0.4553,0.2762,5
80,0.2505,0.4788,0.2707,5
81,0.2487,0.4767,0.2746,5
82,0.2499,0.4693,0.2808,5
83,0.2425,0.4633,0.2942,5
84,0.2387,0.458,0.3033,5
85,0.2341,0.457,0.3089,5
86,0.237,0.4542,0.3088,5
87,0.2484,0.4404,0.3112,5
88,0.2477,0.4364,0.3159,5
89,0.2434,0.4379,0.3187,5
90,0.2475,0.4373,0.3152,5
91,0.2533,0.4356,0.3111,5
92,0.2524,0.4382,0.3094,5
93,0.2464,0.4384,0.3152,5
94,0.2351,0.4365,0.3284,5
95,0.2309,0.4256,0.3435,5
96,0.2463,0.4046,0.3491,5
97,0.2592,0.3893,0.3515,5
98,0.265,0.3836,0.3514,5
99,0.2709,0.3839,0.3452,5
100,0.2743,0.3835,0.3422,5
101,0.2757,0.3937,0.3306,5
102,0.2716,0.4115,0.3169,5
103,0.2739,0.4195,0.3066,5
104,0.2734,0.431,0.2956,5
105,0.2673,0.4435,0.2892,5
106,0.2706,0.451,0.2784,5
107,0.2723,0.4582,0.2695,5
108,0.2651,0.474,0.2609,5
109,0.2577,0.4812,0.2611,5
110,0.249,0.4839,0.2671,5
111,0.2491,0.4785,0.2724,5
112,0.2553,0.462,0.2827,5
113,0.2602,0.4456,0.2942,5
114,0.2657,0.4261,0.3082,5
115,0.2718,0.4148,0.3134,5
116,0.2667,0.4151,0.3182,5
117,0.2746,0.4094,0.316,5
118,0.2831,0.4124,0.3045,5
119,0.2857,0.417,0.2973,5
120,0.2828,0.4243,0.2929,5
121,0.2665,0.435,0.2985,5
122,0.2677,0.4306,0.3017,5
123,0.2748,0.4187,0.3065,5
124,0.2759,0.4226,0.3015,5
125,0.2627,0.4434,0.2939,5
126,0.2566,0.4546,0.2888,5
127,0.2606,0.453,0.2864,5
128,0.2592,0.4611,0.2797,5
129,0.2659,0.459,0.2751,5
130,0.2574,0.4674,0.2752,5
131,0.2504,0.473,0.2766,5
132,0.2418,0.467,0.2912,5
133,0.2437,0.4495,0.3068,5
134,0.2539,0.429,0.3171,5
135,0.261,0.4149,0.3241,5
136,0.2681,0.4033,0.3286,5
137,0.2832,0.3983,0.3185,5
138,0.2852,0.4063,0.3085,5
139,0.2777,0.4205,0.3018,5
140,0.2723,0.4328,0.2949,5
141,0.2688,0.4455,0.2857,5
142,0.2653,0.4532,0.2815,5
143,0.2482,0.4667,0.2851,5
144,0.2448,0.4553,0.2999,5
145,0.2493,0.4406,0.3101,5
146,0.2618,0.4217,0.3165,5
147,0.2649,0.417,0.3181,5
148,0.2618,0.4181,0.3201,5
149,0.2578,0.4207,0.3215,5
150,0.2575,0.4224,0.3201,5
151,0.2677,0.4121,0.3202,5
152,0.2787,0.4067,0.3146,5
153,0.2652,0.422,0.3128,5
154,0.2524,0.4341,0.3135,5
155,0.2515,0.4352,0.3133,5
156,0.2563,0.4295,0.3142,5
157,0.2575,0.4194,0.3231,5
158,0.2523,0.4174,0.3303,5
159,0.2524,0.4121,0.3355,5
160,0.26,0.402,0.338,5
161,0.2725,0.39,0.3375,5
162,0.2766,0.386,0.3374,5
163,0.2735,0.3875,0.339,5
164,0.2677,0.3865,0.3458,5
165,0.2541,0.3942,0.3517,5
166,0.2511,0.3917,0.3572,5
167,0.2515,0.3841,0.3644,5
168,0.2476,0.3784,0.374,5
169,0.2523,0.368,0.3797,5
170,0.2645,0.3605,0.375,5
171,0.2754,0.3633,0.3613,5
172,0.2942,0.358,0.3478,5
173,0.2995,0.3753,0.3252,5
174,0.3028,0.3955,0.3017,5
175,0.2965,0.4111,0.2924,5
176,0.2736,0.4294,0.297,5
177,0.2487,0.443,0.3083,5
178,0.246,0.4264,0.3276,5
179,0.2437,0.4129,0.3434,5
180,0.2453,0.394,0.3607,5
181,0.2521,0.3767,0.3712,5
182,0.2633,0.3647,0.372,5
183,0.2718,0.3615,0.3667,5
184,0.265,0.3763,0.3587,5
185,0.2634,0.3815,0.3551,5
186,0.2603,0.3858,0.3539,5
187,0.2559,0.3838,0.3603,5
188,0.2517,0.386,0.3623,5
189,0.253,0.382,0.365,5
190,0.2587,0.3753,0.366,5
191,0.2557,0.3821,0.3622,5
192,0.2498,0.3874,0.3628,5
193,0.2433,0.3917,0.365,5
194,0.2452,0.3802,0.3746,5
195,0.2545,0.3704,0.3751,5
196,0.2679,0.3654,0.3667,5
197,0.277,0.3632,0.3598,5
198,0.2759,0.3685,0.3556,5
199,0.2761,0.3825,0.3414,5
200,0.2797,0.3958,0.3245,5
0,0.3364,0.3342,0.3294,6
1,0.5749,0.3139,0.1112,6
2,0.311,0.6483,0.0407,6
3,0.1011,0.8435,0.0554,6
4,0.0338,0.8589,0.1073,6
5,0.037,0.7836,0.1794,6
6,0.0518,0.6863,0.2619,6
7,0.0717,0.5814,0.3469,6
8,0.09,0.4794,0.4306,6
9,0.1117,0.3859,0.5024,6
10,0.1378,0.3053,0.5569,6
11,0.1668,0.2515,0.5817,6
12,0.1903,0.2338,0.5759,6
13,0.2191,0.234,0.5469,6
14,0.2342,0.261,0.5048,6
15,0.2431,0.3005,0.4564,6
16,0.2436,0.3504,0.406,6
17,0.2444,0.3944,0.3612,6
18,0.239,0.4323,0.3287,6
19,0.234,0.4625,0.3035,6
20,0.2249,0.4891,0.286,6
21,0.2208,0.501,0.2782,6
22,0.2139,0.5131,0.273,6
23,0.2115,0.5151,0.2734,6
24,0.2045,0.5157,0.2798,6
25,0.1953,0.5148,0.2899,6
26,0.1913,0.5033,0.3054,6
27,0.1952,0.4791,0.3257,6
28,0.1964,0.459,0.3446,6
29,0.2039,0.4351,0.361,6
30,0.217,0.4091,0.3739,6
31,0.2325,0.3893,0.3782,6
32,0.2494,0.3738,0.3768,6
33,0.2601,0.367,0.3729,6
34,0.2574,0.3775,0.3651,6
35,0.2497,0.3922,0.3581,6
36,0.2453,0.4005,0.3542,6
37,0.2378,0.4119,0.3503,6
38,0.2416,0.4112,0.3472,6
39,0.2451,0.4096,0.3453,6
40,0.2547,0.3978,0.3475,6
41,0.2555,0.3965,0.348,6
42,0.253,0.4018,0.3452,6
43,0.2654,0.3927,0.3419,6
44,0.279,0.3924,0.3286,6
45,0.292,0.3967,0.3113,6
46,0.294,0.4088,0.2972,6
47,0.2819,0.4368,0.2813,6
48,0.2623,0.464,0.2737,6
49,0.2489,0.4688,0.2823,6
50,0.24,0.4602,0.2998,6
51,0.2437,0.4373,0.319,6
52,0.2503,0.4139,0.3358,6
53,0.2543,0.4015,0.3442,6
54,0.2672,0.385,0.3478,6
55,0.2699,0.3855,0.3446,6
56,0.262,0.3962,0.3418,6
57,0.2473,0.4073,0.3454,6
58,0.2473,0.3992,0.3535,6
59,0.2474,0.3919,0.3607,6
60,0.2446,0.3941,0.3613,6
61,0.2354,0.4051,0.3595,6
62,0.2486,0.3915,0.3599,6
63,0.2683,0.3793,0.3524,6
64,0.2759,0.3814,0.3427,6
65,0.2797,0.3953,0.325,6
66,0.2812,0.4057,0.3131,6
67,0.2729,0.4243,0.3028,6
68,0.2597,0.4409,0.2994,6
69,0.257,0.4454,0.2976,6
70,0.2572,0.4484,0.2944,6
71,0.2577,0.4458,0.2965,6
72,0.2531,0.4415,0.3054,6
73,0.2472,0.4363,0.3165,6
74,0.2541,0.4192,0.3267,6
75,0.2697,0.4012,0.3291,6
76,0.2781,0.3958,0.3261,6
77,0.2836,0.399,0.3174,6
78,0.278,0.417,0.305,6
79,0.2619,0.4357,0.3024,6
80,0.2507,0.4478,0.3015,6
81,0.2621,0.4312,0.3067,6
82,0.2601,0.4241,0.3158,6
83,0.2507,0.4261,0.3232,6
84,0.2433,0.4259,0.3308,6
85,0.247,0.4124,0.3406,6
86,0.2558,0.4019,0.3423,6
87,0.2652,0.3968,0.338,6
88,0.2739,0.4012,0.3249,6
89,0.2703,0.4197,0.31,6
90,0.279,0.4275,0.2935,6
91,0.2829,0.4458,0.2713,6
92,0.2759,0.4658,0.2583,6
93,0.2606,0.4819,0.2575,6
94,0.2433,0.4854,0.2713,6
95,0.2345,0.4761,0.2894,6
96,0.2394,0.4535,0.3071,6
97,0.2502,0.4301,0.3197,6
98,0.2651,0.406,0.3289,6
99,0.2765,0.3949,0.3286,6
100,0.2841,0.4024,0.3135,6
101,0.2846,0.4187,0.2967,6
102,0.281,0.4348,0.2842,6
103,0.2726,0.4543,0.2731,6
104,0.2676,0.4586,0.2738,6
105,0.2676,0.4561,0.2763,6
106,0.2702,0.4519,0.2779,6
107,0.2703,0.4494,0.2803,6
108,0.2671,0.4487,0.2842,6
109,0.2616,0.4448,0.2936,6
110,0.2555,0.4437,0.3008,6
111,0.2589,0.4335,0.3076,6
112,0.2554,0.4325,0.3121,6
113,0.2601,0.4222,0.3177,6
114,0.2581,0.4166,0.3253,6
115,0.2557,0.4174,0.3269,6
116,0.2603,0.4112,0.3285,6
117,0.2623,0.404,0.3337,6
118,0.2614,0.3996,0.339,6
119,0.2741,0.3863,0.3396,6
120,0.2831,0.3786,0.3383,6
121,0.2862,0.3815,0.3323,6
122,0.2836,0.3952,0.3212,6
123,0.2677,0.4221,0.3102,6
124,0.2644,0.4299,0.3057,6
125,0.2654,0.4262,0.3084,6
126,0.2755,0.4132,0.3113,6
127,0.2775,0.4087,0.3138,6
128,0.2804,0.4093,0.3103,6
129,0.2777,0.413,0.3093,6
130,0.2752,0.4189,0.3059,6
131,0.2768,0.4176,0.3056,6
132,0.2779,0.4094,0.3127,6
133,0.2895,0.3968,0.3137,6
134,0.2986,0.3883,0.3131,6
135,0.3063,0.3854,0.3083,6
136,0.3021,0.3923,0.3056,6
137,0.2965,0.4018,0.3017,6
138,0.2873,0.4079,0.3048,6
139,0.2841,0.403,0.3129,6
140,0.2798,0.4002,0.32,6
141,0.2689,0.4057,0.3254,6
142,0.2733,0.3904,0.3363,6
143,0.2795,0.3819,0.3386,6
144,0.2799,0.3806,0.3395,6
145,0.2882,0.3772,0.3346,6
146,0.2925,0.3822,0.3253,6
147,0.2852,0.3995,0.3153,6
148,0.2762,0.412,0.3118,6
149,0.2654,0.4193,0.3153,6
150,0.253,0.4263,0.3207,6
151,0.2633,0.4147,0.322,6
152,0.2711,0.4019,0.327,6
153,0.2609,0.4075,0.3316,6
154,0.2592,0.399,0.3418,6
155,0.254,0.3921,0.3539,6
156,0.258,0.3818,0.3602,6
157,0.2738,0.369,0.3572,6
158,0.2819,0.3705,0.3476,6
159,0.278,0.3874,0.3346,6
160,0.2812,0.3977,0.3211,6
161,0.2795,0.4172,0.3033,6
162,0.2816,0.4373,0.2811,6
163,0.2676,0.4605,0.2719,6
164,0.2581,0.4687,0.2732,6
165,0.2453,0.4712,0.2835,6
166,0.2368,0.4672,0.296,6
167,0.2272,0.4548,0.318,6
168,0.2336,0.431,0.3354,6
169,0.2529,0.4021,0.345,6
170,0.2668,0.3844,0.3488,6
171,0.2751,0.3817,0.3432,6
172,0.2772,0.3863,0.3365,6
173,0.2784,0.3927,0.3289,6
174,0.2683,0.4094,0.3223,6
175,0.2677,0.4102,0.3221,6
176,0.2774,0.4021,0.3205,6
177,0.2804,0.401,0.3186,6
178,0.2803,0.4081,0.3116,6
179,0.2867,0.4094,0.3039,6
180,0.2918,0.4155,0.2927,6
181,0.2866,0.4301,0.2833,6
182,0.27,0.4453,0.2847,6
183,0.252,0.4539,0.2941,6
184,0.2392,0.4529,0.3079,6
185,0.2378,0.4416,0.3206,6
186,0.2513,0.4144,0.3343,6
187,0.2647,0.3948,0.3405,6
188,0.2804,0.3856,0.334,6
189,0.2912,0.3818,0.327,6
190,0.2943,0.3916,0.3141,6
191,0.2846,0.4131,0.3023,6
192,0.2804,0.4298,0.2898,6
193,0.2784,0.4345,0.2871,6
194,0.2673,0.4389,0.2938,6
195,0.2602,0.4354,0.3044,6
196,0.2579,0.4185,0.3236,6
197,0.2628,0.396,0.3412,6
198,0.2804,0.3759,0.3437,6
199,0.2929,0.3708,0.3363,6
200,0.3011,0.373,0.3259,6
0,0.337,0.3335,0.3295,7
1,0.5669,0.318,0.1151,7
2,0.3062,0.6498,0.044,7
3,0.1053,0.8328,0.0619,7
4,0.0392,0.8456,0.1152,7
5,0.0371,0.7703,0.1926,7
6,0.0539,0.6634,0.2827,7
7,0.073,0.5505,0.3765,7
8,0.0947,0.4458,0.4595,7
9,0.1216,0.3525,0.5259,7
10,0.1486,0.2862,0.5652,7
11,0.1728,0.2542,0.573,7
12,0.1939,0.2513,0.5548,7
13,0.2152,0.2636,0.5212,7
14,0.228,0.2898,0.4822,7
15,0.2297,0.3283,0.442,7
16,0.2346,0.361,0.4044,7
17,0.237,0.3917,0.3713,7
18,0.2434,0.4207,0.3359,7
19,0.2521,0.4443,0.3036,7
20,0.2422,0.4782,0.2796,7
21,0.2298,0.5044,0.2658,7
22,0.2245,0.5148,0.2607,7
23,0.2243,0.5119,0.2638,7
24,0.2195,0.5059,0.2746,7
25,0.2069,0.5014,0.2917,7
26,0.2086,0.4857,0.3057,7
27,0.2086,0.4685,0.3229,7
28,0.2063,0.4515,0.3422,7
29,0.2085,0.4326,0.3589,7
30,0.2172,0.4167,0.3661,7
31,0.2217,0.4102,0.3681,7
32,0.2218,0.4174,0.3608,7
33,0.22,0.429,0.351,7
34,0.2216,0.4374,0.341,7
35,0.2151,0.45,0.3349,7
36,0.2149,0.454,0.3311,7
37,0.2215,0.4504,0.3281,7
38,0.2307,0.442,0.3273,7
39,0.23,0.4431,0.3269,7
40,0.2388,0.4361,0.3251,7
41,0.2521,0.4252,0.3227,7
42,0.2611,0.418,0.3209,7
43,0.2587,0.4222,0.3191,7
44,0.2415,0.4309,0.3276,7
45,0.2314,0.4307,0.3379,7
46,0.2366,0.412,0.3514,7
47,0.2372,0.3961,0.3667,7
48,0.237,0.3836,0.3794,7
49,0.2343,0.3809,0.3848,7
50,0.2428,0.378,0.3792,7
51,0.2574,0.3753,0.3673,7
52,0.2567,0.393,0.3503,7
53,0.2544,0.4096,0.336,7
54,0.253,0.4271,0.3199,7
55,0.2518,0.441,0.3072,7
56,0.2453,0.4521,0.3026,7
57,0.2454,0.4529,0.3017,7
58,0.256,0.4447,0.2993,7
59,0.2581,0.4419,0.3,7
60,0.2614,0.4363,0.3023,7
61,0.2547,0.4468,0.2985,7
62,0.2529,0.4511,0.296,7
63,0.2512,0.4522,0.2966,7
64,0.2459,0.4487,0.3054,7
65,0.2371,0.4469,0.316,7
66,0.2372,0.4274,0.3354,7
67,0.2407,0.4049,0.3544,7
68,0.2525,0.3801,0.3674,7
69,0.2595,0.3711,0.3694,7
70,0.2565,0.3747,0.3688,7
71,0.2569,0.3826,0.3605,7
72,0.2557,0.3904,0.3539,7
73,0.2513,0.3968,0.3519,7
74,0.247,0.401,0.352,7
75,0.2482,0.3994,0.3524,7
76,0.2517,0.3977,0.3506,7
77,0.2603,0.3985,0.3412,7
78,0.2575,0.4071,0.3354,7
79,0.2483,0.4176,0.3341,7
80,0.2328,0.4311,0.3361,7
81,0.2355,0.4211,0.3434,7
82,0.2421,0.4089,0.349,7
83,0.2471,0.401,0.3519,7
84,0.2441,0.4052,0.3507,7
85,0.2446,0.406,0.3494,7
86,0.24,0.4095,0.3505,7
87,0.2468,0.4009,0.3523,7
88,0.2516,0.3996,0.3488,7
89,0.2623,0.3961,0.3416,7
90,0.267,0.4003,0.3327,7
91,0.2714,0.4018,0.3268,7
92,0.274,0.4006,0.3254,7
93,0.2643,0.4074,0.3283,7
94,0.258,0.4086,0.3334,7
95,0.2596,0.4037,0.3367,7
96,0.2606,0.408,0.3314,7
97,0.2629,0.4102,0.3269,7
98,0.264,0.4156,0.3204,7
99,0.2682,0.418,0.3138,7
100,0.2733,0.4198,0.3069,7
101,0.2673,0.4327,0.3,7
102,0.2571,0.4416,0.3013,7
103,0.2451,0.4536,0.3013,7
104,0.2482,0.4437,0.3081,7
105,0.2454,0.4357,0.3189,7
106,0.2464,0.4236,0.33,7
107,0.2446,0.4118,0.3436,7
108,0.2435,0.4061,0.3504,7
109,0.2551,0.3906,0.3543,7
110,0.2691,0.3781,0.3528,7
111,0.2749,0.383,0.3421,7
112,0.2708,0.3915,0.3377,7
113,0.2608,0.4018,0.3374,7
114,0.2525,0.4134,0.3341,7
115,0.2512,0.4174,0.3314,7
116,0.2518,0.4152,0.333,7
117,0.2481,0.415,0.3369,7
118,0.2457,0.4178,0.3365,7
119,0.2507,0.4125,0.3368,7
120,0.2518,0.4165,0.3317,7
121,0.2506,0.4269,0.3225,7
122,0.2492,0.4327,0.3181,7
123,0.2485,0.4394,0.3121,7
124,0.2505,0.4333,0.3162,7
125,0.2593,0.4239,0.3168,7
126,0.2531,0.4283,0.3186,7
127,0.2572,0.424,0.3188,7
128,0.2663,0.4151,0.3186,7
129,0.266,0.4166,0.3174,7
130,0.2627,0.421,0.3163,7
131,0.2544,0.4238,0.3218,7
132,0.2553,0.4214,0.3233,7
133,0.2762,0.4053,0.3185,7
134,0.2849,0.4061,0.309,7
135,0.2803,0.4174,0.3023,7
136,0.2739,0.4302,0.2959,7
137,0.2641,0.4396,0.2963,7
138,0.2701,0.4348,0.2951,7
139,0.2681,0.4376,0.2943,7
140,0.2733,0.4336,0.2931,7
141,0.2713,0.4443,0.2844,7
142,0.2698,0.4555,0.2747,7
143,0.2577,0.4674,0.2749,7
144,0.2576,0.4686,0.2738,7
145,0.2563,0.4686,0.2751,7
146,0.2605,0.4568,0.2827,7
147,0.2513,0.4557,0.293,7
148,0.2524,0.4483,0.2993,7
149,0.2462,0.4495,0.3043,7
150,0.2411,0.4496,0.3093,7
151,0.2362,0.4527,0.3111,7
152,0.237,0.4482,0.3148,7
153,0.241,0.4338,0.3252,7
154,0.2372,0.4286,0.3342,7
155,0.2323,0.4231,0.3446,7
156,0.2429,0.4011,0.356,7
157,0.2494,0.3903,0.3603,7
158,0.2532,0.3906,0.3562,7
159,0.2495,0.3995,0.351,7
160,0.2527,0.3995,0.3478,7
161,0.2629,0.3934,0.3437,7
162,0.2626,0.4012,0.3362,7
163,0.2674,0.3992,0.3334,7
164,0.2588,0.4051,0.3361,7
165,0.2426,0.4132,0.3442,7
166,0.2362,0.4124,0.3514,7
167,0.238,0.4055,0.3565,7
168,0.2415,0.4024,0.3561,7
169,0.2408,0.4025,0.3567,7
170,0.2431,0.405,0.3519,7
171,0.2465,0.4091,0.3444,7
172,0.2495,0.4125,0.338,7
173,0.251,0.4143,0.3347,7
174,0.2553,0.4085,0.3362,7
175,0.2594,0.4089,0.3317,7
176,0.2524,0.4162,0.3314,7
177,0.2433,0.4185,0.3382,7
178,0.2452,0.4108,0.344,7
179,0.246,0.406,0.348,7
180,0.2365,0.4072,0.3563,7
181,0.2371,0.4035,0.3594,7
182,0.2444,0.3928,0.3628,7
183,0.2562,0.3821,0.3617,7
184,0.257,0.3905,0.3525,7
185,0.2617,0.3996,0.3387,7
186,0.2675,0.4068,0.3257,7
187,0.2566,0.4249,0.3185,7
188,0.2465,0.4343,0.3192,7
189,0.243,0.4281,0.3289,7
190,0.2291,0.4309,0.34,7
191,0.2286,0.4184,0.353,7
192,0.2387,0.3991,0.3622,7
193,0.2465,0.3805,0.373,7
194,0.2479,0.3684,0.3837,7
195,0.2575,0.3691,0.3734,7
196,0.2765,0.3683,0.3552,7
197,0.2902,0.3733,0.3365,7
198,0.2892,0.3906,0.3202,7
199,0.2785,0.4175,0.304,7
200,0.2677,0.4336,0.2987,7
0,0.3405,0.3206,0.3389,8
1,0.5988,0.2962,0.105,8
2,0.3197,0.6555,0.0248,8
3,0.0795,0.8822,0.0383,8
4,0.0214,0.8965,0.0821,8
5,0.028,0.8231,0.1489,8
6,0.0423,0.7323,0.2254,8
7,0.0607,0.6387,0.3006,8
8,0.0793,0.5469,0.3738,8
9,0.103,0.464,0.433,8
10,0.1258,0.395,0.4792,8
11,0.1491,0.3454,0.5055,8
12,0.1704,0.3202,0.5094,8
13,0.188,0.315,0.497,8
14,0.1955,0.3271,0.4774,8
15,0.2,0.345,0.455,8
16,0.209,0.3599,0.4311,8
17,0.2089,0.3821,0.409,8
18,0.2063,0.4074,0.3863,8
19,0.2071,0.4241,0.3688,8
20,0.2008,0.4431,0.3561,8
21,0.1968,0.4571,0.3461,8
22,0.196,0.4604,0.3436,8
23,0.1949,0.4643,0.3408,8
24,0.2019,0.4588,0.3393,8
25,0.2046,0.4568,0.3386,8
26,0.1995,0.4642,0.3363,8
27,0.1936,0.4606,0.3458,8
28,0.1889,0.4519,0.3592,8
29,0.19,0.4334,0.3766,8
30,0.1943,0.4095,0.3962,8
31,0.2079,0.3788,0.4133,8
32,0.2207,0.3541,0.4252,8
33,0.2346,0.339,0.4264,8
34,0.2412,0.3476,0.4112,8
35,0.2475,0.3614,0.3911,8
36,0.2526,0.374,0.3734,8
37,0.2556,0.3819,0.3625,8
38,0.2572,0.3871,0.3557,8
39,0.2489,0.4062,0.3449,8
40,0.235,0.4312,0.3338,8
41,0.2319,0.4378,0.3303,8
42,0.2356,0.4418,0.3226,8
43,0.2402,0.4403,0.3195,8
44,0.2314,0.4479,0.3207,8
45,0.2157,0.4558,0.3285,8
46,0.206,0.4589,0.3351,8
47,0.2082,0.4446,0.3472,8
48,0.215,0.4263,0.3587,8
49,0.2258,0.4101,0.3641,8
50,0.2412,0.3934,0.3654,8
51,0.2433,0.3892,0.3675,8
52,0.2485,0.3836,0.3679,8
53,0.255,0.3812,0.3638,8
54,0.26,0.3915,0.3485,8
55,0.2668,0.4049,0.3283,8
56,0.2627,0.424,0.3133,8
57,0.2596,0.4426,0.2978,8
58,0.2573,0.4586,0.2841,8
59,0.2608,0.469,0.2702,8
60,0.2532,0.4841,0.2627,8
61,0.2473,0.4995,0.2532,8
62,0.2312,0.5178,0.251,8
63,0.2173,0.5214,0.2613,8
64,0.2159,0.5131,0.271,8
65,0.2145,0.5078,0.2777,8
66,0.2189,0.4885,0.2926,8
67,0.2266,0.4718,0.3016,8
68,0.2377,0.4539,0.3084,8
69,0.2504,0.4387,0.3109,8
70,0.2633,0.431,0.3057,8
71,0.273,0.4294,0.2976,8
72,0.2665,0.44,0.2935,8
73,0.2647,0.4474,0.2879,8
74,0.2659,0.4505,0.2836,8
75,0.2705,0.4459,0.2836,8
76,0.2716,0.4452,0.2832,8
77,0.266,0.4493,0.2847,8
78,0.2593,0.4561,0.2846,8
79,0.2611,0.4502,0.2887,8
80,0.2562,0.4464,0.2974,8
81,0.255,0.4366,0.3084,8
82,0.2577,0.4289,0.3134,8
83,0.2594,0.4197,0.3209,8
84,0.2613,0.4071,0.3316,8
85,0.2691,0.3925,0.3384,8
86,0.2719,0.3857,0.3424,8
87,0.2688,0.3874,0.3438,8
88,0.268,0.3889,0.3431,8
89,0.274,0.3856,0.3404,8
90,0.2771,0.3908,0.3321,8
91,0.2788,0.3959,0.3253,8
92,0.27,0.4029,0.3271,8
93,0.2738,0.3923,0.3339,8
94,0.2823,0.3827,0.335,8
95,0.2916,0.3758,0.3326,8
96,0.2994,0.3807,0.3199,8
97,0.303,0.4006,0.2964,8
98,0.2974,0.4213,0.2813,8
99,0.2866,0.4426,0.2708,8
100,0.2816,0.453,0.2654,8
101,0.2656,0.4723,0.2621,8
102,0.2619,0.469,0.2691,8
103,0.2569,0.4685,0.2746,8
104,0.2562,0.4594,0.2844,8
105,0.2522,0.4519,0.2959,8
106,0.2591,0.4366,0.3043,8
107,0.2724,0.4194,0.3082,8
108,0.2718,0.4215,0.3067,8
109,0.2624,0.429,0.3086,8
110,0.2513,0.4372,0.3115,8
111,0.2516,0.4349,0.3135,8
112,0.2555,0.4245,0.32,8
113,0.2565,0.4242,0.3193,8
114,0.2599,0.4224,0.3177,8
115,0.2688,0.4202,0.311,8
116,0.268,0.4259,0.3061,8
117,0.2572,0.4322,0.3106,8
118,0.243,0.4408,0.3162,8
119,0.2449,0.4329,0.3222,8
120,0.2512,0.4195,0.3293,8
121,0.2546,0.4079,0.3375,8
122,0.258,0.4008,0.3412,8
123,0.2744,0.3863,0.3393,8
124,0.29,0.382,0.328,8
