Generation,O,Y,B,sim
0,0.3348,0.3358,0.3294,1
1,0.4403,0.4913,0.0684,1
2,0.1139,0.7699,0.1162,1
3,0.0442,0.6739,0.2819,1
4,0.058,0.4625,0.4795,1
5,0.0867,0.2795,0.6338,1
6,0.1364,0.1584,0.7052,1
7,0.187,0.1159,0.6971,1
8,0.1995,0.1517,0.6488,1
9,0.1851,0.2106,0.6043,1
10,0.1856,0.2511,0.5633,1
11,0.1986,0.2661,0.5353,1
12,0.1976,0.2985,0.5039,1
13,0.1965,0.3216,0.4819,1
14,0.1938,0.352,0.4542,1
15,0.1778,0.3897,0.4325,1
16,0.1658,0.409,0.4252,1
17,0.1445,0.4281,0.4274,1
18,0.1411,0.3986,0.4603,1
19,0.1317,0.3541,0.5142,1
20,0.1349,0.2812,0.5839,1
21,0.155,0.2303,0.6147,1
22,0.1721,0.2312,0.5967,1
23,0.1846,0.2646,0.5508,1
24,0.1822,0.3142,0.5036,1
25,0.2016,0.329,0.4694,1
26,0.2064,0.3642,0.4294,1
27,0.233,0.3587,0.4083,1
28,0.2515,0.3683,0.3802,1
29,0.2332,0.3952,0.3716,1
30,0.2042,0.4139,0.3819,1
31,0.2173,0.3692,0.4135,1
32,0.2307,0.3273,0.442,1
33,0.2408,0.3323,0.4269,1
34,0.2221,0.3751,0.4028,1
35,0.2006,0.4093,0.3901,1
36,0.1903,0.4018,0.4079,1
37,0.1797,0.3737,0.4466,1
38,0.1401,0.3688,0.4911,1
39,0.1564,0.3122,0.5314,1
40,0.154,0.2876,0.5584,1
41,0.1639,0.2755,0.5606,1
42,0.179,0.2653,0.5557,1
43,0.2092,0.2663,0.5245,1
44,0.2332,0.3104,0.4564,1
45,0.2243,0.3631,0.4126,1
46,0.2371,0.4024,0.3605,1
47,0.2272,0.419,0.3538,1
48,0.2071,0.427,0.3659,1
49,0.1782,0.4045,0.4173,1
50,0.2114,0.3628,0.4258,1
51,0.2412,0.3532,0.4056,1
52,0.2189,0.3963,0.3848,1
53,0.2089,0.4322,0.3589,1
54,0.19,0.462,0.348,1
55,0.1791,0.4438,0.3771,1
56,0.1716,0.3974,0.431,1
57,0.2009,0.3338,0.4653,1
58,0.2265,0.3165,0.457,1
59,0.2346,0.3266,0.4388,1
60,0.2446,0.3557,0.3997,1
61,0.2395,0.386,0.3745,1
62,0.2169,0.4175,0.3656,1
63,0.2202,0.4156,0.3642,1
64,0.1812,0.4067,0.4121,1
65,0.1541,0.3815,0.4644,1
66,0.1553,0.3396,0.5051,1
67,0.1886,0.2855,0.5259,1
68,0.2282,0.2753,0.4965,1
69,0.2456,0.3012,0.4532,1
70,0.247,0.3519,0.4011,1
71,0.2225,0.3979,0.3796,1
72,0.2506,0.3779,0.3715,1
73,0.2326,0.3778,0.3896,1
74,0.2144,0.3418,0.4438,1
75,0.2346,0.3235,0.4419,1
76,0.2761,0.32,0.4039,1
77,0.2641,0.3877,0.3482,1
78,0.2087,0.4456,0.3457,1
79,0.173,0.4324,0.3946,1
80,0.1841,0.3508,0.4651,1
81,0.1946,0.2794,0.526,1
82,0.205,0.2629,0.5321,1
83,0.2491,0.2578,0.4931,1
84,0.2644,0.3129,0.4227,1
85,0.2496,0.379,0.3714,1
86,0.2127,0.4291,0.3582,1
87,0.1936,0.4279,0.3785,1
88,0.1855,0.4185,0.396,1
89,0.1915,0.3789,0.4296,1
90,0.1824,0.3648,0.4528,1
91,0.2097,0.3416,0.4487,1
92,0.2229,0.3521,0.425,1
93,0.2209,0.3582,0.4209,1
94,0.2124,0.347,0.4406,1
95,0.2169,0.3449,0.4382,1
96,0.2148,0.3462,0.439,1
97,0.2054,0.3555,0.4391,1
98,0.2199,0.3423,0.4378,1
99,0.2271,0.3393,0.4336,1
100,0.2251,0.3718,0.4031,1
101,0.1934,0.4143,0.3923,1
102,0.2024,0.3756,0.422,1
103,0.2234,0.3619,0.4147,1
104,0.2098,0.3816,0.4086,1
105,0.1814,0.3937,0.4249,1
106,0.223,0.314,0.463,1
107,0.2128,0.3113,0.4759,1
108,0.2186,0.3259,0.4555,1
109,0.2394,0.3449,0.4157,1
110,0.2476,0.3738,0.3786,1
111,0.2181,0.4276,0.3543,1
112,0.1901,0.4504,0.3595,1
113,0.1804,0.4075,0.4121,1
114,0.1911,0.3531,0.4558,1
115,0.191,0.3358,0.4732,1
116,0.2307,0.3144,0.4549,1
117,0.2384,0.3592,0.4024,1
118,0.235,0.4054,0.3596,1
119,0.2185,0.454,0.3275,1
120,0.1665,0.4942,0.3393,1
121,0.1629,0.4475,0.3896,1
122,0.1478,0.4136,0.4386,1
123,0.1796,0.3542,0.4662,1
124,0.1908,0.3326,0.4766,1
125,0.2159,0.3227,0.4614,1
126,0.2026,0.3549,0.4425,1
127,0.2024,0.3459,0.4517,1
128,0.2139,0.3525,0.4336,1
129,0.2209,0.3607,0.4184,1
130,0.2263,0.372,0.4017,1
131,0.2334,0.3391,0.4275,1
132,0.2543,0.3111,0.4346,1
133,0.2599,0.336,0.4041,1
134,0.2645,0.3504,0.3851,1
135,0.2323,0.3948,0.3729,1
136,0.2168,0.3971,0.3861,1
137,0.2156,0.372,0.4124,1
138,0.2339,0.3323,0.4338,1
139,0.2529,0.3221,0.425,1
140,0.2507,0.3571,0.3922,1
141,0.2194,0.414,0.3666,1
142,0.213,0.4168,0.3702,1
143,0.1897,0.4097,0.4006,1
144,0.1922,0.3552,0.4526,1
145,0.2049,0.33,0.4651,1
146,0.2413,0.3038,0.4549,1
147,0.2234,0.3436,0.433,1
148,0.1943,0.3899,0.4158,1
149,0.2017,0.4001,0.3982,1
150,0.2041,0.4038,0.3921,1
151,0.1986,0.3809,0.4205,1
152,0.1954,0.3757,0.4289,1
153,0.1974,0.3682,0.4344,1
154,0.1949,0.3825,0.4226,1
155,0.213,0.3746,0.4124,1
156,0.2253,0.3866,0.3881,1
157,0.2111,0.4023,0.3866,1
158,0.1894,0.4007,0.4099,1
159,0.208,0.3209,0.4711,1
160,0.2176,0.2931,0.4893,1
161,0.2322,0.2908,0.477,1
162,0.2457,0.307,0.4473,1
163,0.2496,0.3372,0.4132,1
164,0.2211,0.414,0.3649,1
165,0.1908,0.4193,0.3899,1
166,0.1548,0.3768,0.4684,1
167,0.1802,0.2991,0.5207,1
168,0.202,0.26,0.538,1
169,0.193,0.302,0.505,1
170,0.1973,0.3238,0.4789,1
171,0.2054,0.3491,0.4455,1
172,0.1977,0.3867,0.4156,1
173,0.173,0.3896,0.4374,1
174,0.1649,0.3526,0.4825,1
175,0.1774,0.3234,0.4992,1
176,0.168,0.3332,0.4988,1
177,0.1755,0.314,0.5105,1
178,0.2041,0.2973,0.4986,1
179,0.2172,0.3049,0.4779,1
180,0.2158,0.3482,0.436,1
181,0.1884,0.3713,0.4403,1
182,0.1844,0.3542,0.4614,1
183,0.2061,0.3137,0.4802,1
184,0.2117,0.3119,0.4764,1
185,0.1996,0.3443,0.4561,1
186,0.1906,0.3466,0.4628,1
187,0.2174,0.3055,0.4771,1
188,0.2308,0.3261,0.4431,1
189,0.2376,0.3477,0.4147,1
190,0.2323,0.3707,0.397,1
191,0.2016,0.3913,0.4071,1
192,0.1967,0.3551,0.4482,1
193,0.2043,0.3253,0.4704,1
194,0.2142,0.3274,0.4584,1
195,0.2244,0.3212,0.4544,1
196,0.2268,0.3382,0.435,1
197,0.2556,0.3426,0.4018,1
198,0.2371,0.386,0.3769,1
199,0.1667,0.4272,0.4061,1
200,0.1609,0.3771,0.462,1
0,0.3368,0.3332,0.33,2
1,0.4284,0.5071,0.0645,2
2,0.0903,0.8058,0.1039,2
3,0.0219,0.7231,0.255,2
4,0.041,0.5,0.459,2
5,0.0767,0.2732,0.6501,2
6,0.1246,0.1423,0.7331,2
7,0.1786,0.0901,0.7313,2
8,0.2243,0.1128,0.6629,2
9,0.2627,0.161,0.5763,2
10,0.3051,0.219,0.4759,2
11,0.3351,0.2824,0.3825,2
12,0.3481,0.3408,0.3111,2
13,0.3303,0.4248,0.2449,2
14,0.3007,0.4811,0.2182,2
15,0.2149,0.5617,0.2234,2
16,0.1467,0.5825,0.2708,2
17,0.1098,0.5552,0.335,2
18,0.0879,0.4921,0.42,2
19,0.0701,0.4164,0.5135,2
20,0.0731,0.3369,0.59,2
21,0.0873,0.2682,0.6445,2
22,0.0967,0.2303,0.673,2
23,0.1041,0.2127,0.6832,2
24,0.0963,0.2295,0.6742,2
25,0.1014,0.2384,0.6602,2
26,0.1234,0.2405,0.6361,2
27,0.1348,0.2689,0.5963,2
28,0.1436,0.3027,0.5537,2
29,0.162,0.3285,0.5095,2
30,0.1587,0.363,0.4783,2
31,0.1634,0.3665,0.4701,2
32,0.1707,0.3694,0.4599,2
33,0.1829,0.338,0.4791,2
34,0.2088,0.306,0.4852,2
35,0.2415,0.322,0.4365,2
36,0.2488,0.3678,0.3834,2
37,0.2273,0.3996,0.3731,2
38,0.21,0.3745,0.4155,2
39,0.2212,0.35,0.4288,2
40,0.2541,0.3336,0.4123,2
41,0.2704,0.3468,0.3828,2
42,0.2379,0.3832,0.3789,2
43,0.2117,0.4263,0.362,2
44,0.1886,0.4331,0.3783,2
45,0.1834,0.3976,0.419,2
46,0.1784,0.3643,0.4573,2
47,0.1759,0.3467,0.4774,2
48,0.1922,0.3076,0.5002,2
49,0.216,0.281,0.503,2
50,0.2357,0.2713,0.493,2
51,0.2316,0.3293,0.4391,2
52,0.2001,0.3883,0.4116,2
53,0.1947,0.4041,0.4012,2
54,0.1935,0.4059,0.4006,2
55,0.1987,0.3825,0.4188,2
56,0.1949,0.3534,0.4517,2
57,0.2304,0.324,0.4456,2
58,0.2507,0.3139,0.4354,2
59,0.2385,0.3645,0.397,2
60,0.2154,0.4136,0.371,2
61,0.2108,0.4141,0.3751,2
62,0.2004,0.4006,0.399,2
63,0.202,0.3571,0.4409,2
64,0.2162,0.3213,0.4625,2
65,0.2297,0.3182,0.4521,2
66,0.2412,0.3423,0.4165,2
67,0.2451,0.3784,0.3765,2
68,0.2198,0.4108,0.3694,2
69,0.1913,0.414,0.3947,2
70,0.1646,0.391,0.4444,2
71,0.1965,0.2962,0.5073,2
72,0.2342,0.2656,0.5002,2
73,0.2512,0.3037,0.4451,2
74,0.2768,0.3304,0.3928,2
75,0.2696,0.3849,0.3455,2
76,0.243,0.4188,0.3382,2
77,0.2074,0.4295,0.3631,2
78,0.1805,0.3966,0.4229,2
79,0.1874,0.3164,0.4962,2
80,0.2162,0.2783,0.5055,2
81,0.2291,0.3042,0.4667,2
82,0.2341,0.3488,0.4171,2
83,0.2423,0.3823,0.3754,2
84,0.2369,0.4007,0.3624,2
85,0.1866,0.4195,0.3939,2
86,0.1951,0.345,0.4599,2
87,0.2157,0.2806,0.5037,2
88,0.1935,0.3156,0.4909,2
89,0.2303,0.3193,0.4504,2
90,0.2457,0.3422,0.4121,2
91,0.2491,0.376,0.3749,2
92,0.231,0.4026,0.3664,2
93,0.2209,0.3879,0.3912,2
94,0.2263,0.3618,0.4119,2
95,0.2176,0.3641,0.4183,2
96,0.2364,0.3605,0.4031,2
97,0.2457,0.362,0.3923,2
98,0.2226,0.3823,0.3951,2
99,0.218,0.4026,0.3794,2
100,0.2194,0.3748,0.4058,2
101,0.2165,0.3436,0.4399,2
102,0.2246,0.3529,0.4225,2
103,0.1972,0.3933,0.4095,2
104,0.2126,0.4025,0.3849,2
105,0.2203,0.4135,0.3662,2
106,0.2226,0.4264,0.351,2
107,0.2091,0.4207,0.3702,2
108,0.1924,0.3972,0.4104,2
109,0.1918,0.3294,0.4788,2
110,0.1894,0.2991,0.5115,2
111,0.2207,0.2662,0.5131,2
112,0.2423,0.2905,0.4672,2
113,0.2213,0.3441,0.4346,2
114,0.2155,0.3787,0.4058,2
115,0.2084,0.3732,0.4184,2
116,0.1913,0.3602,0.4485,2
117,0.201,0.3267,0.4723,2
118,0.2137,0.3156,0.4707,2
119,0.2305,0.3153,0.4542,2
120,0.2416,0.3491,0.4093,2
121,0.26,0.377,0.363,2
122,0.2358,0.4407,0.3235,2
123,0.2094,0.4641,0.3265,2
124,0.185,0.4585,0.3565,2
125,0.1785,0.4279,0.3936,2
126,0.1695,0.3898,0.4407,2
127,0.1978,0.3313,0.4709,2
128,0.232,0.3024,0.4656,2
129,0.2512,0.3201,0.4287,2
130,0.2129,0.3989,0.3882,2
131,0.1961,0.4099,0.394,2
132,0.2185,0.3653,0.4162,2
133,0.2252,0.3584,0.4164,2
134,0.2494,0.3471,0.4035,2
135,0.2356,0.3557,0.4087,2
136,0.2141,0.3714,0.4145,2
137,0.1823,0.379,0.4387,2
138,0.1847,0.3812,0.4341,2
139,0.2158,0.3428,0.4414,2
140,0.2138,0.3335,0.4527,2
141,0.243,0.3175,0.4395,2
142,0.245,0.3337,0.4213,2
143,0.2365,0.3482,0.4153,2
144,0.2176,0.371,0.4114,2
145,0.214,0.3658,0.4202,2
146,0.2016,0.3669,0.4315,2
147,0.2007,0.333,0.4663,2
148,0.2118,0.3059,0.4823,2
149,0.2344,0.3119,0.4537,2
150,0.2218,0.3391,0.4391,2
151,0.2256,0.3778,0.3966,2
152,0.2185,0.4469,0.3346,2
153,0.2074,0.4967,0.2959,2
154,0.1866,0.5373,0.2761,2
155,0.1466,0.5536,0.2998,2
156,0.1464,0.5365,0.3171,2
157,0.1595,0.4904,0.3501,2
158,0.1545,0.4643,0.3812,2
159,0.1554,0.4161,0.4285,2
160,0.1616,0.3589,0.4795,2
161,0.1823,0.3032,0.5145,2
162,0.1699,0.2931,0.537,2
163,0.1746,0.2805,0.5449,2
164,0.2146,0.2628,0.5226,2
165,0.2399,0.3023,0.4578,2
166,0.2418,0.3476,0.4106,2
167,0.227,0.41,0.363,2
168,0.2209,0.3924,0.3867,2
169,0.1919,0.3725,0.4356,2
170,0.1943,0.3304,0.4753,2
171,0.2121,0.3088,0.4791,2
172,0.2405,0.2913,0.4682,2
173,0.2375,0.35,0.4125,2
174,0.2505,0.3788,0.3707,2
175,0.2379,0.4148,0.3473,2
176,0.2162,0.4124,0.3714,2
177,0.1825,0.4028,0.4147,2
178,0.1956,0.3262,0.4782,2
179,0.232,0.2738,0.4942,2
180,0.2259,0.3381,0.436,2
181,0.2513,0.3588,0.3899,2
182,0.2475,0.4052,0.3473,2
183,0.216,0.4605,0.3235,2
184,0.1998,0.4441,0.3561,2
185,0.204,0.3834,0.4126,2
186,0.1989,0.356,0.4451,2
187,0.2289,0.3236,0.4475,2
188,0.2673,0.3392,0.3935,2
189,0.2457,0.4053,0.349,2
190,0.2141,0.4474,0.3385,2
191,0.1929,0.4353,0.3718,2
192,0.1838,0.3831,0.4331,2
193,0.1863,0.3349,0.4788,2
194,0.2359,0.2714,0.4927,2
195,0.2532,0.2879,0.4589,2
196,0.2616,0.3454,0.393,2
197,0.2199,0.4275,0.3526,2
198,0.1889,0.452,0.3591,2
199,0.1746,0.3993,0.4261,2
200,0.1603,0.336,0.5037,2
0,0.3402,0.3357,0.3241,3
1,0.3932,0.5272,0.0796,3
2,0.0856,0.7684,0.146,3
3,0.0499,0.6181,0.332,3
4,0.0563,0.3903,0.5534,3
5,0.0919,0.1976,0.7105,3
6,0.14,0.1121,0.7479,3
7,0.1886,0.1114,0.7,3
8,0.1914,0.1944,0.6142,3
9,0.1768,0.2798,0.5434,3
10,0.1651,0.338,0.4969,3
11,0.1636,0.3606,0.4758,3
12,0.1396,0.3862,0.4742,3
13,0.1484,0.3696,0.482,3
14,0.1487,0.3811,0.4702,3
15,0.1526,0.3797,0.4677,3
16,0.1301,0.3836,0.4863,3
17,0.1551,0.3567,0.4882,3
18,0.1821,0.3254,0.4925,3
19,0.1906,0.3137,0.4957,3
20,0.1976,0.271,0.5314,3
21,0.2366,0.2396,0.5238,3
22,0.2642,0.2907,0.4451,3
23,0.2666,0.3535,0.3799,3
24,0.2345,0.4304,0.3351,3
25,0.1962,0.4615,0.3423,3
26,0.1876,0.4003,0.4121,3
27,0.1985,0.3295,0.472,3
28,0.2418,0.2511,0.5071,3
29,0.2581,0.2838,0.4581,3
30,0.2662,0.3482,0.3856,3
31,0.2418,0.3993,0.3589,3
32,0.1891,0.4357,0.3752,3
33,0.1603,0.4169,0.4228,3
34,0.1476,0.3505,0.5019,3
35,0.1692,0.2719,0.5589,3
36,0.208,0.2302,0.5618,3
37,0.2358,0.2686,0.4956,3
38,0.2478,0.3388,0.4134,3
39,0.2354,0.4118,0.3528,3
40,0.1812,0.4863,0.3325,3
41,0.1687,0.4536,0.3777,3
42,0.163,0.409,0.428,3
43,0.2106,0.3033,0.4861,3
44,0.2206,0.3023,0.4771,3
45,0.2335,0.3402,0.4263,3
46,0.2372,0.3631,0.3997,3
47,0.2188,0.3906,0.3906,3
48,0.1945,0.4254,0.3801,3
49,0.2061,0.3977,0.3962,3
50,0.1958,0.3825,0.4217,3
51,0.2012,0.3328,0.466,3
52,0.2529,0.2654,0.4817,3
53,0.2552,0.2976,0.4472,3
54,0.2536,0.362,0.3844,3
55,0.2292,0.4368,0.334,3
56,0.2098,0.4543,0.3359,3
57,0.201,0.4121,0.3869,3
58,0.1726,0.4083,0.4191,3
59,0.1901,0.3502,0.4597,3
60,0.2063,0.3288,0.4649,3
61,0.2416,0.3316,0.4268,3
62,0.2183,0.3955,0.3862,3
63,0.1984,0.4171,0.3845,3
64,0.1746,0.4058,0.4196,3
65,0.1761,0.3449,0.479,3
66,0.1954,0.2986,0.506,3
67,0.2059,0.291,0.5031,3
68,0.2102,0.3117,0.4781,3
69,0.2353,0.3134,0.4513,3
70,0.2431,0.3649,0.392,3
71,0.2333,0.4183,0.3484,3
72,0.2185,0.4355,0.346,3
73,0.1837,0.4611,0.3552,3
74,0.1662,0.4606,0.3732,3
75,0.1518,0.4219,0.4263,3
76,0.1704,0.3438,0.4858,3
77,0.2064,0.2927,0.5009,3
78,0.2152,0.3233,0.4615,3
79,0.1984,0.3916,0.41,3
80,0.219,0.4188,0.3622,3
81,0.2197,0.4625,0.3178,3
82,0.2066,0.4789,0.3145,3
83,0.16,0.4599,0.3801,3
84,0.1584,0.3851,0.4565,3
85,0.1806,0.3038,0.5156,3
86,0.2082,0.2699,0.5219,3
87,0.2299,0.276,0.4941,3
88,0.2585,0.304,0.4375,3
89,0.2567,0.3751,0.3682,3
90,0.2232,0.4247,0.3521,3
91,0.1845,0.4108,0.4047,3
92,0.1795,0.3453,0.4752,3
93,0.1953,0.2902,0.5145,3
94,0.2187,0.2752,0.5061,3
95,0.243,0.3112,0.4458,3
96,0.231,0.3811,0.3879,3
97,0.2259,0.4019,0.3722,3
98,0.1828,0.4058,0.4114,3
99,0.2008,0.3298,0.4694,3
100,0.2226,0.2977,0.4797,3
101,0.2577,0.287,0.4553,3
102,0.2524,0.3371,0.4105,3
103,0.2438,0.3903,0.3659,3
104,0.206,0.4301,0.3639,3
105,0.2007,0.3887,0.4106,3
106,0.1917,0.3529,0.4554,3
107,0.1828,0.3227,0.4945,3
108,0.2054,0.2767,0.5179,3
109,0.2154,0.2772,0.5074,3
110,0.2298,0.2925,0.4777,3
111,0.2165,0.3424,0.4411,3
112,0.2139,0.3787,0.4074,3
113,0.199,0.4038,0.3972,3
114,0.1808,0.4007,0.4185,3
115,0.1858,0.3558,0.4584,3
116,0.213,0.2912,0.4958,3
117,0.2372,0.2908,0.472,3
118,0.217,0.3492,0.4338,3
119,0.2315,0.3508,0.4177,3
120,0.2293,0.3819,0.3888,3
121,0.2174,0.3894,0.3932,3
122,0.1992,0.3786,0.4222,3
123,0.2164,0.295,0.4886,3
124,0.2496,0.2331,0.5173,3
125,0.2847,0.2333,0.482,3
126,0.3138,0.2654,0.4208,3
127,0.3116,0.3188,0.3696,3
128,0.3057,0.3452,0.3491,3
129,0.2822,0.3843,0.3335,3
130,0.2218,0.4076,0.3706,3
131,0.1986,0.3813,0.4201,3
132,0.2071,0.3322,0.4607,3
133,0.1914,0.3414,0.4672,3
134,0.2188,0.3058,0.4754,3
135,0.2058,0.3235,0.4707,3
136,0.2154,0.3267,0.4579,3
137,0.2182,0.3491,0.4327,3
138,0.1988,0.3647,0.4365,3
139,0.2129,0.3382,0.4489,3
140,0.2246,0.3122,0.4632,3
141,0.2262,0.3205,0.4533,3
142,0.2312,0.3513,0.4175,3
143,0.2185,0.3543,0.4272,3
144,0.2036,0.367,0.4294,3
145,0.2194,0.3407,0.4399,3
146,0.2058,0.3517,0.4425,3
147,0.2083,0.3297,0.462,3
148,0.2376,0.2931,0.4693,3
149,0.2352,0.3216,0.4432,3
150,0.2359,0.3457,0.4184,3
151,0.2569,0.3528,0.3903,3
152,0.2273,0.389,0.3837,3
153,0.2016,0.3998,0.3986,3
154,0.1932,0.3858,0.421,3
155,0.2099,0.3364,0.4537,3
156,0.2349,0.3118,0.4533,3
157,0.2738,0.3183,0.4079,3
158,0.2975,0.3366,0.3659,3
159,0.2565,0.4016,0.3419,3
160,0.2037,0.4371,0.3592,3
161,0.189,0.4132,0.3978,3
162,0.2078,0.3821,0.4101,3
163,0.2052,0.3731,0.4217,3
164,0.2214,0.3478,0.4308,3
165,0.2121,0.3537,0.4342,3
166,0.1875,0.3598,0.4527,3
167,0.1921,0.3435,0.4644,3
168,0.2043,0.3214,0.4743,3
169,0.2023,0.3366,0.4611,3
170,0.2181,0.3282,0.4537,3
171,0.212,0.3595,0.4285,3
172,0.2329,0.3612,0.4059,3
173,0.2064,0.3885,0.4051,3
174,0.1791,0.366,0.4549,3
175,0.2009,0.3129,0.4862,3
176,0.2058,0.2937,0.5005,3
177,0.2243,0.2944,0.4813,3
178,0.2384,0.3198,0.4418,3
179,0.2483,0.3514,0.4003,3
180,0.244,0.3786,0.3774,3
181,0.2199,0.4001,0.38,3
182,0.199,0.3955,0.4055,3
183,0.1908,0.3412,0.468,3
184,0.2181,0.2766,0.5053,3
185,0.228,0.308,0.464,3
186,0.2345,0.3366,0.4289,3
187,0.2366,0.3603,0.4031,3
188,0.2417,0.358,0.4003,3
189,0.2337,0.3748,0.3915,3
190,0.2042,0.3817,0.4141,3
191,0.2202,0.3233,0.4565,3
192,0.2429,0.3,0.4571,3
193,0.2361,0.3465,0.4174,3
194,0.2271,0.3861,0.3868,3
195,0.2478,0.3719,0.3803,3
196,0.2423,0.3728,0.3849,3
197,0.2228,0.3884,0.3888,3
198,0.1998,0.3702,0.43,3
199,0.2202,0.3144,0.4654,3
200,0.2259,0.3325,0.4416,3
0,0.3358,0.3338,0.3304,4
1,0.4313,0.4938,0.0749,4
2,0.1165,0.7386,0.1449,4
3,0.0398,0.6275,0.3327,4
4,0.0626,0.4196,0.5178,4
5,0.1133,0.2518,0.6349,4
6,0.1772,0.1574,0.6654,4
7,0.2418,0.1197,0.6385,4
8,0.279,0.124,0.597,4
9,0.29,0.1523,0.5577,4
10,0.3026,0.1753,0.5221,4
11,0.3126,0.2088,0.4786,4
12,0.302,0.2466,0.4514,4
13,0.2837,0.2879,0.4284,4
14,0.2727,0.3172,0.4101,4
15,0.261,0.3197,0.4193,4
16,0.2418,0.3252,0.433,4
17,0.223,0.338,0.439,4
18,0.2095,0.358,0.4325,4
19,0.175,0.3782,0.4468,4
20,0.1309,0.3753,0.4938,4
21,0.15,0.3043,0.5457,4
22,0.1801,0.2538,0.5661,4
23,0.1995,0.2718,0.5287,4
24,0.1956,0.3104,0.494,4
25,0.2199,0.3022,0.4779,4
26,0.2412,0.3203,0.4385,4
27,0.2329,0.3732,0.3939,4
28,0.2446,0.375,0.3804,4
29,0.232,0.3743,0.3937,4
30,0.2154,0.381,0.4036,4
31,0.2369,0.3538,0.4093,4
32,0.2493,0.3358,0.4149,4
33,0.2569,0.3533,0.3898,4
34,0.2447,0.3829,0.3724,4
35,0.2382,0.3915,0.3703,4
36,0.232,0.3866,0.3814,4
37,0.2372,0.3578,0.405,4
38,0.22,0.3815,0.3985,4
39,0.2379,0.3741,0.388,4
40,0.2149,0.3828,0.4023,4
41,0.2131,0.4003,0.3866,4
42,0.2178,0.403,0.3792,4
43,0.2236,0.3965,0.3799,4
44,0.2086,0.4025,0.3889,4
45,0.196,0.3894,0.4146,4
46,0.2284,0.3501,0.4215,4
47,0.2419,0.3366,0.4215,4
48,0.2506,0.3237,0.4257,4
49,0.2707,0.3092,0.4201,4
50,0.2775,0.3118,0.4107,4
51,0.266,0.3322,0.4018,4
52,0.2668,0.3401,0.3931,4
53,0.2655,0.3472,0.3873,4
54,0.2499,0.3764,0.3737,4
55,0.2075,0.3905,0.402,4
56,0.2059,0.3676,0.4265,4
57,0.207,0.3306,0.4624,4
58,0.2009,0.3349,0.4642,4
59,0.2113,0.3248,0.4639,4
60,0.2204,0.3443,0.4353,4
61,0.237,0.3649,0.3981,4
62,0.2525,0.3839,0.3636,4
63,0.2387,0.3945,0.3668,4
64,0.2237,0.3948,0.3815,4
65,0.227,0.3646,0.4084,4
66,0.2358,0.341,0.4232,4
67,0.232,0.3346,0.4334,4
68,0.2322,0.3353,0.4325,4
69,0.2364,0.3702,0.3934,4
70,0.2708,0.3693,0.3599,4
71,0.2311,0.4524,0.3165,4
72,0.1747,0.4891,0.3362,4
73,0.1493,0.4465,0.4042,4
74,0.172,0.3351,0.4929,4
75,0.199,0.2679,0.5331,4
76,0.2213,0.2719,0.5068,4
77,0.2356,0.303,0.4614,4
78,0.2478,0.3383,0.4139,4
79,0.2243,0.3876,0.3881,4
80,0.2165,0.3862,0.3973,4
81,0.1882,0.3764,0.4354,4
82,0.2153,0.3083,0.4764,4
83,0.2309,0.2925,0.4766,4
84,0.2556,0.2948,0.4496,4
85,0.2583,0.3237,0.418,4
86,0.2651,0.3523,0.3826,4
87,0.256,0.3864,0.3576,4
88,0.235,0.4004,0.3646,4
89,0.1987,0.3887,0.4126,4
90,0.1895,0.3404,0.4701,4
91,0.199,0.2882,0.5128,4
92,0.2088,0.2955,0.4957,4
93,0.2414,0.3017,0.4569,4
94,0.2453,0.3396,0.4151,4
95,0.2321,0.3791,0.3888,4
96,0.219,0.3637,0.4173,4
97,0.2116,0.3206,0.4678,4
98,0.2136,0.3254,0.461,4
99,0.2191,0.3193,0.4616,4
100,0.2196,0.3132,0.4672,4
101,0.2264,0.3289,0.4447,4
102,0.2267,0.3511,0.4222,4
103,0.2039,0.392,0.4041,4
104,0.2057,0.3751,0.4192,4
105,0.1929,0.3602,0.4469,4
106,0.219,0.3206,0.4604,4
107,0.2457,0.3148,0.4395,4
108,0.2344,0.3524,0.4132,4
109,0.2044,0.3942,0.4014,4
110,0.2164,0.3751,0.4085,4
111,0.2142,0.366,0.4198,4
112,0.2192,0.3597,0.4211,4
113,0.2355,0.3296,0.4349,4
114,0.2532,0.3031,0.4437,4
115,0.235,0.3326,0.4324,4
116,0.2405,0.3478,0.4117,4
117,0.2431,0.384,0.3729,4
118,0.229,0.4267,0.3443,4
119,0.2126,0.4537,0.3337,4
120,0.1681,0.4769,0.355,4
121,0.1543,0.4309,0.4148,4
122,0.1495,0.3672,0.4833,4
123,0.1576,0.3141,0.5283,4
124,0.1717,0.2947,0.5336,4
125,0.1746,0.3,0.5254,4
126,0.1899,0.2919,0.5182,4
127,0.1953,0.2929,0.5118,4
128,0.2123,0.2915,0.4962,4
129,0.2185,0.3136,0.4679,4
130,0.2101,0.3424,0.4475,4
131,0.2161,0.3575,0.4264,4
132,0.2203,0.3641,0.4156,4
133,0.2141,0.3925,0.3934,4
134,0.2094,0.4152,0.3754,4
135,0.1988,0.4396,0.3616,4
136,0.19,0.4443,0.3657,4
137,0.1709,0.4276,0.4015,4
138,0.1785,0.3781,0.4434,4
139,0.2006,0.3235,0.4759,4
140,0.2134,0.2957,0.4909,4
141,0.2386,0.2807,0.4807,4
142,0.2485,0.3023,0.4492,4
143,0.2303,0.3451,0.4246,4
144,0.2116,0.3788,0.4096,4
145,0.2083,0.3673,0.4244,4
146,0.1906,0.3686,0.4408,4
147,0.2026,0.3324,0.465,4
148,0.222,0.3052,0.4728,4
149,0.2262,0.3248,0.449,4
150,0.2352,0.3317,0.4331,4
151,0.2381,0.3699,0.392,4
152,0.2338,0.408,0.3582,4
153,0.2167,0.4158,0.3675,4
154,0.1926,0.3973,0.4101,4
155,0.1847,0.34,0.4753,4
156,0.2103,0.2823,0.5074,4
157,0.2268,0.2862,0.487,4
158,0.2455,0.3257,0.4288,4
159,0.2366,0.3642,0.3992,4
160,0.2213,0.3911,0.3876,4
161,0.1954,0.3845,0.4201,4
162,0.1817,0.3617,0.4566,4
163,0.2036,0.3213,0.4751,4
164,0.2302,0.2866,0.4832,4
165,0.2338,0.3071,0.4591,4
166,0.2231,0.3555,0.4214,4
167,0.2207,0.379,0.4003,4
168,0.2192,0.3771,0.4037,4
169,0.2156,0.3635,0.4209,4
170,0.206,0.3341,0.4599,4
171,0.208,0.3113,0.4807,4
172,0.2191,0.2997,0.4812,4
173,0.2254,0.3249,0.4497,4
174,0.2206,0.3679,0.4115,4
175,0.1904,0.4173,0.3923,4
176,0.2061,0.3771,0.4168,4
177,0.2075,0.3618,0.4307,4
178,0.198,0.3391,0.4629,4
179,0.2003,0.3117,0.488,4
180,0.2022,0.325,0.4728,4
181,0.229,0.3259,0.4451,4
182,0.2599,0.3556,0.3845,4
183,0.2264,0.409,0.3646,4
184,0.2154,0.3943,0.3903,4
185,0.1863,0.3677,0.446,4
186,0.2015,0.3174,0.4811,4
187,0.2102,0.3016,0.4882,4
188,0.2247,0.3069,0.4684,4
189,0.2408,0.342,0.4172,4
190,0.2355,0.4009,0.3636,4
191,0.2349,0.4347,0.3304,4
192,0.204,0.4473,0.3487,4
193,0.1817,0.41,0.4083,4
194,0.2084,0.3436,0.448,4
195,0.2521,0.2792,0.4687,4
196,0.281,0.2917,0.4273,4
197,0.3061,0.3356,0.3583,4
198,0.2616,0.4188,0.3196,4
199,0.2211,0.4513,0.3276,4
200,0.1852,0.4769,0.3379,4
0,0.3351,0.3317,0.3332,5
1,0.4547,0.5043,0.041,5
2,0.0756,0.8216,0.1028,5
3,0.0087,0.7331,0.2582,5
4,0.0287,0.5498,0.4215,5
5,0.0631,0.3634,0.5735,5
6,0.1117,0.1966,0.6917,5
7,0.1648,0.0969,0.7383,5
8,0.1984,0.0899,0.7117,5
9,0.2224,0.1291,0.6485,5
10,0.2313,0.1901,0.5786,5
11,0.2422,0.2363,0.5215,5
12,0.2296,0.2955,0.4749,5
13,0.2095,0.3509,0.4396,5
14,0.1812,0.3906,0.4282,5
15,0.1611,0.3861,0.4528,5
16,0.123,0.384,0.493,5
17,0.1365,0.3345,0.529,5
18,0.1438,0.2959,0.5603,5
19,0.1615,0.2673,0.5712,5
20,0.1844,0.2522,0.5634,5
21,0.2085,0.2823,0.5092,5
22,0.2557,0.3016,0.4427,5
23,0.2239,0.3936,0.3825,5
24,0.1958,0.4183,0.3859,5
25,0.2159,0.3639,0.4202,5
26,0.2063,0.3514,0.4423,5
27,0.2019,0.3526,0.4455,5
28,0.207,0.3195,0.4735,5
29,0.2316,0.2741,0.4943,5
30,0.2342,0.2861,0.4797,5
31,0.2521,0.3104,0.4375,5
32,0.2611,0.356,0.3829,5
33,0.2477,0.4022,0.3501,5
34,0.2185,0.4344,0.3471,5
35,0.1952,0.4309,0.3739,5
36,0.2136,0.3753,0.4111,5
37,0.2124,0.333,0.4546,5
38,0.2371,0.3041,0.4588,5
39,0.2625,0.2974,0.4401,5
40,0.275,0.301,0.424,5
41,0.267,0.3291,0.4039,5
42,0.2425,0.3799,0.3776,5
43,0.2201,0.4121,0.3678,5
44,0.2206,0.405,0.3744,5
45,0.202,0.3831,0.4149,5
46,0.2084,0.3527,0.4389,5
47,0.2053,0.34,0.4547,5
48,0.2364,0.2964,0.4672,5
49,0.261,0.3271,0.4119,5
50,0.2748,0.3595,0.3657,5
51,0.2512,0.418,0.3308,5
52,0.2351,0.4283,0.3366,5
53,0.1992,0.4177,0.3831,5
54,0.189,0.3758,0.4352,5
55,0.2166,0.3229,0.4605,5
56,0.2281,0.3222,0.4497,5
57,0.2672,0.3342,0.3986,5
58,0.2441,0.4133,0.3426,5
59,0.2234,0.4502,0.3264,5
60,0.1883,0.4534,0.3583,5
61,0.1623,0.4261,0.4116,5
62,0.1695,0.3591,0.4714,5
63,0.1831,0.2844,0.5325,5
64,0.1818,0.2654,0.5528,5
65,0.1935,0.2916,0.5149,5
66,0.1951,0.3202,0.4847,5
67,0.2195,0.3296,0.4509,5
68,0.2262,0.364,0.4098,5
69,0.1767,0.4397,0.3836,5
70,0.1348,0.4568,0.4084,5
71,0.1515,0.3827,0.4658,5
72,0.1725,0.3147,0.5128,5
73,0.2181,0.258,0.5239,5
74,0.2208,0.2915,0.4877,5
75,0.2203,0.3428,0.4369,5
76,0.2055,0.3963,0.3982,5
77,0.1993,0.4492,0.3515,5
78,0.1742,0.4845,0.3413,5
79,0.1581,0.501,0.3409,5
80,0.1698,0.4928,0.3374,5
81,0.1857,0.4735,0.3408,5
82,0.1757,0.467,0.3573,5
83,0.1532,0.4687,0.3781,5
84,0.152,0.4537,0.3943,5
85,0.1715,0.4098,0.4187,5
86,0.1753,0.395,0.4297,5
87,0.1797,0.3601,0.4602,5
88,0.1777,0.3547,0.4676,5
89,0.1945,0.3228,0.4827,5
90,0.2014,0.3202,0.4784,5
91,0.2016,0.3476,0.4508,5
92,0.2039,0.3595,0.4366,5
93,0.2149,0.3472,0.4379,5
94,0.2147,0.3524,0.4329,5
95,0.2187,0.3637,0.4176,5
96,0.2143,0.3723,0.4134,5
97,0.1971,0.3655,0.4374,5
98,0.1967,0.3576,0.4457,5
99,0.2094,0.3266,0.464,5
100,0.2402,0.2932,0.4666,5
101,0.2771,0.3187,0.4042,5
102,0.2592,0.3987,0.3421,5
103,0.1964,0.4838,0.3198,5
104,0.1735,0.4489,0.3776,5
105,0.1807,0.3794,0.4399,5
106,0.2224,0.3019,0.4757,5
107,0.2536,0.2865,0.4599,5
108,0.2971,0.3093,0.3936,5
109,0.3087,0.3773,0.314,5
110,0.2481,0.4838,0.2681,5
111,0.1699,0.5324,0.2977,5
112,0.1473,0.4944,0.3583,5
113,0.172,0.3911,0.4369,5
114,0.2028,0.328,0.4692,5
115,0.2202,0.3172,0.4626,5
116,0.2289,0.342,0.4291,5
117,0.2323,0.3523,0.4154,5
118,0.2274,0.3674,0.4052,5
119,0.2279,0.3801,0.392,5
120,0.2151,0.3924,0.3925,5
121,0.2071,0.394,0.3989,5
122,0.2235,0.3912,0.3853,5
123,0.2119,0.3985,0.3896,5
124,0.1922,0.4165,0.3913,5
125,0.1725,0.4257,0.4018,5
126,0.1695,0.4235,0.407,5
127,0.1807,0.41,0.4093,5
128,0.1867,0.3841,0.4292,5
129,0.1807,0.3651,0.4542,5
130,0.2021,0.3304,0.4675,5
131,0.2207,0.3195,0.4598,5
132,0.2125,0.3447,0.4428,5
133,0.2091,0.3464,0.4445,5
134,0.213,0.3363,0.4507,5
135,0.2131,0.3345,0.4524,5
136,0.2254,0.3283,0.4463,5
137,0.2129,0.36,0.4271,5
138,0.1998,0.3654,0.4348,5
139,0.1895,0.3522,0.4583,5
140,0.1936,0.3203,0.4861,5
141,0.2119,0.3036,0.4845,5
142,0.2081,0.3123,0.4796,5
143,0.2056,0.3294,0.465,5
144,0.2023,0.3413,0.4564,5
145,0.2131,0.3343,0.4526,5
146,0.2328,0.3318,0.4354,5
147,0.2456,0.3511,0.4033,5
148,0.2544,0.3661,0.3795,5
149,0.2398,0.3656,0.3946,5
150,0.2299,0.3566,0.4135,5
151,0.2689,0.3131,0.418,5
152,0.2711,0.3457,0.3832,5
153,0.2591,0.3625,0.3784,5
154,0.2527,0.3866,0.3607,5
155,0.2414,0.4131,0.3455,5
156,0.2078,0.4088,0.3834,5
157,0.2084,0.3742,0.4174,5
158,0.2272,0.342,0.4308,5
159,0.2445,0.3248,0.4307,5
160,0.2537,0.36,0.3863,5
161,0.2707,0.3772,0.3521,5
162,0.2454,0.4039,0.3507,5
163,0.2052,0.4123,0.3825,5
164,0.2078,0.3832,0.409,5
165,0.2151,0.3331,0.4518,5
166,0.2309,0.3208,0.4483,5
167,0.2361,0.3591,0.4048,5
168,0.2779,0.3699,0.3522,5
169,0.2595,0.4072,0.3333,5
170,0.1947,0.457,0.3483,5
171,0.1748,0.4265,0.3987,5
172,0.1976,0.3443,0.4581,5
173,0.218,0.3195,0.4625,5
174,0.224,0.338,0.438,5
175,0.2331,0.337,0.4299,5
176,0.2423,0.3443,0.4134,5
177,0.2243,0.3632,0.4125,5
178,0.1985,0.3732,0.4283,5
179,0.2042,0.3576,0.4382,5
180,0.1985,0.3405,0.461,5
181,0.209,0.32,0.471,5
182,0.2183,0.3303,0.4514,5
183,0.245,0.3048,0.4502,5
184,0.258,0.3288,0.4132,5
185,0.2518,0.3667,0.3815,5
186,0.2085,0.4351,0.3564,5
187,0.1943,0.4403,0.3654,5
188,0.1822,0.4129,0.4049,5
189,0.2065,0.3541,0.4394,5
190,0.1952,0.3525,0.4523,5
191,0.2162,0.3247,0.4591,5
192,0.2467,0.3089,0.4444,5
193,0.2381,0.327,0.4349,5
194,0.2416,0.3528,0.4056,5
195,0.2263,0.3626,0.4111,5
196,0.2067,0.3717,0.4216,5
197,0.2118,0.3578,0.4304,5
198,0.1905,0.3486,0.4609,5
199,0.2018,0.3282,0.47,5
200,0.2008,0.3274,0.4718,5
0,0.3364,0.3342,0.3294,6
1,0.4505,0.4834,0.0661,6
2,0.0847,0.7927,0.1226,6
3,0.0285,0.6963,0.2752,6
4,0.0552,0.4921,0.4527,6
5,0.093,0.3023,0.6047,6
6,0.1315,0.1881,0.6804,6
7,0.1681,0.1527,0.6792,6
8,0.1843,0.1776,0.6381,6
9,0.2059,0.2422,0.5519,6
10,0.1999,0.321,0.4791,6
11,0.1916,0.4089,0.3995,6
12,0.1796,0.485,0.3354,6
13,0.1373,0.5514,0.3113,6
14,0.1289,0.5438,0.3273,6
15,0.1308,0.5162,0.353,6
16,0.1446,0.4708,0.3846,6
17,0.1501,0.4431,0.4068,6
18,0.1413,0.415,0.4437,6
19,0.1387,0.3696,0.4917,6
20,0.1386,0.3169,0.5445,6
21,0.1607,0.2666,0.5727,6
22,0.1814,0.2441,0.5745,6
23,0.2208,0.2556,0.5236,6
24,0.2229,0.3175,0.4596,6
25,0.2029,0.3805,0.4166,6
26,0.1908,0.3881,0.4211,6
27,0.2086,0.3654,0.426,6
28,0.2214,0.3676,0.411,6
29,0.2123,0.4204,0.3673,6
30,0.2174,0.4305,0.3521,6
31,0.2039,0.4397,0.3564,6
32,0.1988,0.4183,0.3829,6
33,0.1898,0.4005,0.4097,6
34,0.1968,0.3601,0.4431,6
35,0.1966,0.3551,0.4483,6
36,0.1982,0.3544,0.4474,6
37,0.1828,0.3846,0.4326,6
38,0.1834,0.3723,0.4443,6
39,0.1793,0.3566,0.4641,6
40,0.1728,0.3424,0.4848,6
41,0.1971,0.3106,0.4923,6
42,0.1979,0.3077,0.4944,6
43,0.1885,0.3262,0.4853,6
44,0.1914,0.3395,0.4691,6
45,0.2074,0.3312,0.4614,6
46,0.1977,0.3515,0.4508,6
47,0.1951,0.3494,0.4555,6
48,0.2038,0.3345,0.4617,6
49,0.236,0.3228,0.4412,6
50,0.2373,0.3634,0.3993,6
51,0.2251,0.4017,0.3732,6
52,0.1939,0.4148,0.3913,6
53,0.1965,0.3781,0.4254,6
54,0.2025,0.342,0.4555,6
55,0.2203,0.3033,0.4764,6
56,0.2584,0.2866,0.455,6
57,0.252,0.3261,0.4219,6
58,0.2373,0.3698,0.3929,6
59,0.199,0.4112,0.3898,6
60,0.2131,0.3745,0.4124,6
61,0.2253,0.3568,0.4179,6
62,0.2349,0.33,0.4351,6
63,0.2114,0.3465,0.4421,6
64,0.235,0.3356,0.4294,6
65,0.2564,0.3238,0.4198,6
66,0.2447,0.3789,0.3764,6
67,0.207,0.4235,0.3695,6
68,0.1923,0.4095,0.3982,6
69,0.1847,0.3515,0.4638,6
70,0.1884,0.3075,0.5041,6
71,0.22,0.2926,0.4874,6
72,0.2663,0.2773,0.4564,6
73,0.2694,0.3343,0.3963,6
74,0.2624,0.4024,0.3352,6
75,0.2317,0.4377,0.3306,6
76,0.2029,0.4058,0.3913,6
77,0.209,0.3265,0.4645,6
78,0.2119,0.3104,0.4777,6
79,0.2379,0.3136,0.4485,6
80,0.2458,0.3483,0.4059,6
81,0.2367,0.408,0.3553,6
82,0.2049,0.4808,0.3143,6
83,0.1669,0.493,0.3401,6
84,0.1557,0.4431,0.4012,6
85,0.1734,0.3942,0.4324,6
86,0.1778,0.372,0.4502,6
87,0.1795,0.3348,0.4857,6
88,0.1888,0.3161,0.4951,6
89,0.2063,0.3188,0.4749,6
90,0.198,0.3443,0.4577,6
91,0.2032,0.3332,0.4636,6
92,0.2034,0.3449,0.4517,6
93,0.2409,0.3611,0.398,6
94,0.2338,0.4173,0.3489,6
95,0.2271,0.4316,0.3413,6
96,0.1919,0.4457,0.3624,6
97,0.1959,0.4014,0.4027,6
98,0.1782,0.3781,0.4437,6
99,0.1828,0.3289,0.4883,6
100,0.193,0.2988,0.5082,6
101,0.224,0.2863,0.4897,6
102,0.2399,0.324,0.4361,6
103,0.228,0.3709,0.4011,6
104,0.196,0.4172,0.3868,6
105,0.1998,0.4119,0.3883,6
106,0.1849,0.4193,0.3958,6
107,0.1848,0.4251,0.3901,6
108,0.2116,0.3907,0.3977,6
109,0.2281,0.3941,0.3778,6
110,0.2183,0.3989,0.3828,6
111,0.1889,0.4083,0.4028,6
112,0.1668,0.3791,0.4541,6
113,0.1667,0.3287,0.5046,6
114,0.1884,0.2935,0.5181,6
115,0.2118,0.2894,0.4988,6
116,0.2658,0.2719,0.4623,6
117,0.2704,0.3471,0.3825,6
118,0.2548,0.4302,0.315,6
119,0.2074,0.4873,0.3053,6
120,0.1743,0.4643,0.3614,6
121,0.167,0.4081,0.4249,6
122,0.2012,0.3283,0.4705,6
123,0.2528,0.3117,0.4355,6
124,0.2704,0.359,0.3706,6
125,0.2206,0.4562,0.3232,6
126,0.1971,0.4815,0.3214,6
127,0.1413,0.4754,0.3833,6
128,0.1525,0.3929,0.4546,6
129,0.1809,0.3135,0.5056,6
130,0.2096,0.2595,0.5309,6
131,0.2104,0.2958,0.4938,6
132,0.2178,0.3154,0.4668,6
133,0.1968,0.3636,0.4396,6
134,0.1959,0.3837,0.4204,6
135,0.1624,0.4124,0.4252,6
136,0.1709,0.3819,0.4472,6
137,0.1856,0.3297,0.4847,6
138,0.2178,0.283,0.4992,6
139,0.2533,0.3005,0.4462,6
140,0.2534,0.3584,0.3882,6
141,0.2095,0.4235,0.367,6
142,0.1947,0.424,0.3813,6
143,0.1944,0.3855,0.4201,6
144,0.1909,0.345,0.4641,6
145,0.1957,0.3206,0.4837,6
146,0.2053,0.3221,0.4726,6
147,0.2054,0.3379,0.4567,6
148,0.2037,0.3529,0.4434,6
149,0.206,0.3686,0.4254,6
150,0.2257,0.3648,0.4095,6
151,0.2315,0.3617,0.4068,6
152,0.251,0.3503,0.3987,6
153,0.2337,0.3644,0.4019,6
154,0.2302,0.3598,0.41,6
155,0.2433,0.344,0.4127,6
156,0.2572,0.3385,0.4043,6
157,0.2607,0.3461,0.3932,6
158,0.2388,0.3803,0.3809,6
159,0.2474,0.3712,0.3814,6
160,0.2447,0.3797,0.3756,6
161,0.2437,0.3569,0.3994,6
162,0.209,0.3814,0.4096,6
163,0.2292,0.3822,0.3886,6
164,0.2339,0.3826,0.3835,6
165,0.2145,0.3945,0.391,6
166,0.2021,0.4008,0.3971,6
167,0.1972,0.3803,0.4225,6
168,0.2094,0.3298,0.4608,6
169,0.2248,0.3073,0.4679,6
170,0.225,0.3252,0.4498,6
171,0.2234,0.3416,0.435,6
172,0.223,0.3432,0.4338,6
173,0.2291,0.3409,0.43,6
174,0.2462,0.3392,0.4146,6
175,0.2462,0.3528,0.401,6
176,0.2297,0.3658,0.4045,6
177,0.1952,0.3938,0.411,6
178,0.2002,0.3766,0.4232,6
179,0.2206,0.3422,0.4372,6
180,0.2255,0.333,0.4415,6
181,0.2325,0.3293,0.4382,6
182,0.2499,0.3361,0.414,6
183,0.2387,0.3586,0.4027,6
184,0.2293,0.373,0.3977,6
185,0.2438,0.3743,0.3819,6
186,0.2389,0.3795,0.3816,6
187,0.2077,0.372,0.4203,6
188,0.2253,0.3383,0.4364,6
189,0.2307,0.3483,0.421,6
190,0.2472,0.3726,0.3802,6
191,0.2445,0.4033,0.3522,6
192,0.2178,0.4286,0.3536,6
193,0.1867,0.4271,0.3862,6
194,0.1824,0.3706,0.447,6
195,0.2164,0.2977,0.4859,6
196,0.2345,0.256,0.5095,6
197,0.2301,0.2993,0.4706,6
198,0.2341,0.3306,0.4353,6
199,0.2292,0.3681,0.4027,6
200,0.2281,0.3717,0.4002,6
0,0.337,0.3335,0.3295,7
1,0.4338,0.5219,0.0443,7
2,0.0898,0.8031,0.1071,7
3,0.0108,0.6832,0.306,7
4,0.0268,0.4288,0.5444,7
5,0.0569,0.2382,0.7049,7
6,0.0999,0.1027,0.7974,7
7,0.1447,0.0467,0.8086,7
8,0.1848,0.0504,0.7648,7
9,0.2259,0.0792,0.6949,7
10,0.2524,0.1336,0.614,7
11,0.2876,0.1777,0.5347,7
12,0.3088,0.2232,0.468,7
13,0.306,0.2796,0.4144,7
14,0.2896,0.3447,0.3657,7
15,0.271,0.4044,0.3246,7
16,0.2459,0.4569,0.2972,7
17,0.2571,0.4475,0.2954,7
18,0.2413,0.4724,0.2863,7
19,0.2363,0.4731,0.2906,7
20,0.1996,0.4991,0.3013,7
21,0.142,0.5317,0.3263,7
22,0.0987,0.5402,0.3611,7
23,0.0975,0.4931,0.4094,7
24,0.1085,0.4094,0.4821,7
25,0.1238,0.3295,0.5467,7
26,0.1435,0.2875,0.569,7
27,0.1712,0.2837,0.5451,7
28,0.1698,0.3325,0.4977,7
29,0.2034,0.349,0.4476,7
30,0.1857,0.4153,0.399,7
31,0.1857,0.4371,0.3772,7
32,0.1521,0.4673,0.3806,7
33,0.157,0.4174,0.4256,7
34,0.165,0.3785,0.4565,7
35,0.1721,0.3504,0.4775,7
36,0.1764,0.3339,0.4897,7
37,0.167,0.3549,0.4781,7
38,0.1811,0.3545,0.4644,7
39,0.1766,0.3693,0.4541,7
40,0.1807,0.3563,0.463,7
41,0.1718,0.3405,0.4877,7
42,0.1687,0.3482,0.4831,7
43,0.1564,0.3734,0.4702,7
44,0.1683,0.3541,0.4776,7
45,0.1862,0.3695,0.4443,7
46,0.192,0.4008,0.4072,7
47,0.1647,0.4514,0.3839,7
48,0.1482,0.4692,0.3826,7
49,0.1629,0.4763,0.3608,7
50,0.1601,0.4902,0.3497,7
51,0.1614,0.4756,0.363,7
52,0.16,0.4482,0.3918,7
53,0.1774,0.3947,0.4279,7
54,0.1877,0.3704,0.4419,7
55,0.2148,0.3376,0.4476,7
56,0.208,0.3453,0.4467,7
57,0.2263,0.3319,0.4418,7
58,0.2199,0.3714,0.4087,7
59,0.2262,0.379,0.3948,7
60,0.206,0.4079,0.3861,7
61,0.205,0.4042,0.3908,7
62,0.2173,0.3741,0.4086,7
63,0.2282,0.363,0.4088,7
64,0.2579,0.337,0.4051,7
65,0.253,0.3861,0.3609,7
66,0.2334,0.4377,0.3289,7
67,0.1964,0.4525,0.3511,7
68,0.1999,0.3964,0.4037,7
69,0.2227,0.3456,0.4317,7
70,0.255,0.3011,0.4439,7
71,0.2956,0.2614,0.443,7
72,0.3332,0.2705,0.3963,7
73,0.35,0.2985,0.3515,7
74,0.3442,0.3492,0.3066,7
75,0.312,0.3898,0.2982,7
76,0.2721,0.4075,0.3204,7
77,0.2329,0.4254,0.3417,7
78,0.1987,0.4198,0.3815,7
79,0.189,0.3963,0.4147,7
80,0.1845,0.3621,0.4534,7
81,0.1673,0.3377,0.495,7
82,0.1773,0.3068,0.5159,7
83,0.2064,0.2839,0.5097,7
84,0.2168,0.3068,0.4764,7
85,0.1909,0.3615,0.4476,7
86,0.194,0.3511,0.4549,7
87,0.1952,0.3388,0.466,7
88,0.1951,0.3285,0.4764,7
89,0.1853,0.3302,0.4845,7
90,0.2051,0.3089,0.486,7
91,0.2204,0.3046,0.475,7
92,0.2139,0.3245,0.4616,7
93,0.2119,0.3588,0.4293,7
94,0.2117,0.369,0.4193,7
95,0.229,0.356,0.415,7
96,0.2374,0.3738,0.3888,7
97,0.2189,0.3821,0.399,7
98,0.2218,0.3549,0.4233,7
99,0.2285,0.328,0.4435,7
100,0.2576,0.3338,0.4086,7
101,0.2728,0.3588,0.3684,7
102,0.2496,0.406,0.3444,7
103,0.2164,0.4345,0.3491,7
104,0.1954,0.4319,0.3727,7
105,0.2047,0.3983,0.397,7
106,0.2369,0.3515,0.4116,7
107,0.2586,0.3599,0.3815,7
108,0.2233,0.4088,0.3679,7
109,0.2111,0.4217,0.3672,7
110,0.189,0.4325,0.3785,7
111,0.1806,0.4115,0.4079,7
112,0.1827,0.3763,0.441,7
113,0.1938,0.3368,0.4694,7
114,0.207,0.3053,0.4877,7
115,0.224,0.3229,0.4531,7
116,0.2521,0.3577,0.3902,7
117,0.2451,0.4289,0.326,7
118,0.1876,0.4918,0.3206,7
119,0.1588,0.4619,0.3793,7
120,0.1783,0.374,0.4477,7
121,0.2209,0.3065,0.4726,7
122,0.2483,0.3103,0.4414,7
123,0.2578,0.3475,0.3947,7
124,0.2317,0.4114,0.3569,7
125,0.2125,0.4239,0.3636,7
126,0.211,0.4106,0.3784,7
127,0.2136,0.3866,0.3998,7
128,0.2296,0.3523,0.4181,7
129,0.2341,0.3538,0.4121,7
130,0.2301,0.3591,0.4108,7
131,0.2349,0.3538,0.4113,7
132,0.227,0.376,0.397,7
133,0.2292,0.3839,0.3869,7
134,0.21,0.4097,0.3803,7
135,0.2021,0.3935,0.4044,7
136,0.1829,0.3759,0.4412,7
137,0.1823,0.346,0.4717,7
138,0.1664,0.3268,0.5068,7
139,0.1992,0.2937,0.5071,7
140,0.2334,0.2878,0.4788,7
141,0.2328,0.3344,0.4328,7
142,0.2108,0.3835,0.4057,7
143,0.2048,0.3826,0.4126,7
144,0.2197,0.3425,0.4378,7
145,0.2422,0.3396,0.4182,7
146,0.2432,0.3261,0.4307,7
147,0.2635,0.313,0.4235,7
148,0.276,0.3131,0.4109,7
149,0.2813,0.3317,0.387,7
150,0.2437,0.3904,0.3659,7
151,0.2082,0.4157,0.3761,7
152,0.2167,0.3912,0.3921,7
153,0.2268,0.3422,0.431,7
154,0.2175,0.3346,0.4479,7
155,0.2232,0.3274,0.4494,7
156,0.245,0.325,0.43,7
157,0.2498,0.3532,0.397,7
158,0.2682,0.3667,0.3651,7
159,0.244,0.3945,0.3615,7
160,0.1984,0.4017,0.3999,7
161,0.2016,0.3444,0.454,7
162,0.2046,0.3024,0.493,7
163,0.2289,0.2929,0.4782,7
164,0.2376,0.3173,0.4451,7
165,0.2541,0.336,0.4099,7
166,0.2499,0.3713,0.3788,7
167,0.2491,0.3838,0.3671,7
168,0.2378,0.3795,0.3827,7
169,0.2164,0.3772,0.4064,7
170,0.2182,0.3621,0.4197,7
171,0.2209,0.3556,0.4235,7
172,0.2448,0.3385,0.4167,7
173,0.2461,0.3547,0.3992,7
174,0.2461,0.3728,0.3811,7
175,0.2313,0.3908,0.3779,7
176,0.2143,0.3961,0.3896,7
177,0.2158,0.3685,0.4157,7
178,0.2065,0.3714,0.4221,7
179,0.2164,0.3463,0.4373,7
180,0.245,0.3264,0.4286,7
181,0.2325,0.3503,0.4172,7
182,0.2329,0.3593,0.4078,7
183,0.2303,0.3692,0.4005,7
184,0.2196,0.36,0.4204,7
185,0.2121,0.336,0.4519,7
186,0.2209,0.328,0.4511,7
187,0.2279,0.324,0.4481,7
188,0.2391,0.3081,0.4528,7
189,0.2306,0.3274,0.442,7
190,0.2263,0.3445,0.4292,7
191,0.2432,0.3416,0.4152,7
192,0.2335,0.3488,0.4177,7
193,0.2246,0.3414,0.434,7
194,0.222,0.3399,0.4381,7
195,0.2276,0.3393,0.4331,7
196,0.2189,0.3527,0.4284,7
197,0.2136,0.3576,0.4288,7
198,0.209,0.3654,0.4256,7
199,0.2297,0.3412,0.4291,7
200,0.2333,0.342,0.4247,7
0,0.3405,0.3206,0.3389,8
1,0.5128,0.4521,0.0351,8
2,0.1111,0.819,0.0699,8
3,0.0204,0.7682,0.2114,8
4,0.0097,0.5924,0.3979,8
5,0.0213,0.3877,0.591,8
6,0.0426,0.2202,0.7372,8
7,0.0714,0.1157,0.8129,8
8,0.1079,0.0623,0.8298,8
9,0.1504,0.03,0.8196,8
10,0.1992,0.0082,0.7926,8
11,0.2544,0.0,0.7456,8
12,0.316,0.0,0.684,8
13,0.384,0.0,0.616,8
14,0.4553,0.0,0.5447,8
15,0.5201,0.0,0.4799,8
16,0.5825,0.0,0.4175,8
17,0.6357,0.0,0.3643,8
18,0.687,0.0,0.313,8
19,0.738,0.0,0.262,8
20,0.7888,0.0,0.2112,8
21,0.8396,0.0,0.1604,8
22,0.8904,0.0,0.1096,8
23,0.9412,0.0,0.0588,8
24,0.9753,0.0,0.0247,8
25,0.9928,0.0,0.0072,8
26,1.0,0.0,0.0,8
27,1.0,0.0,0.0,8
28,1.0,0.0,0.0,8
29,1.0,0.0,0.0,8
30,1.0,0.0,0.0,8
31,1.0,0.0,0.0,8
32,1.0,0.0,0.0,8
33,1.0,0.0,0.0,8
34,1.0,0.0,0.0,8
35,1.0,0.0,0.0,8
36,1.0,0.0,0.0,8
37,1.0,0.0,0.0,8
38,1.0,0.0,0.0,8
39,1.0,0.0,0.0,8
40,1.0,0.0,0.0,8
41,1.0,0.0,0.0,8
42,1.0,0.0,0.0,8
43,1.0,0.0,0.0,8
44,1.0,0.0,0.0,8
45,1.0,0.0,0.0,8
46,1.0,0.0,0.0,8
47,1.0,0.0,0.0,8
48,1.0,0.0,0.0,8
49,1.0,0.0,0.0,8
50,1.0,0.0,0.0,8
51,1.0,0.0,0.0,8
52,1.0,0.0,0.0,8
53,1.0,0.0,0.0,8
54,1.0,0.0,0.0,8
55,1.0,0.0,0.0,8
56,1.0,0.0,0.0,8
57,1.0,0.0,0.0,8
58,1.0,0.0,0.0,8
59,1.0,0.0,0.0,8
60,1.0,0.0,0.0,8
61,1.0,0.0,0.0,8
62,1.0,0.0,0.0,8
63,1.0,0.0,0.0,8
64,1.0,0.0,0.0,8
65,1.0,0.0,0.0,8
66,1.0,0.0,0.0,8
67,1.0,0.0,0.0,8
68,1.0,0.0,0.0,8
69,1.0,0.0,0.0,8
70,1.0,0.0,0.0,8
71,1.0,0.0,0.0,8
72,1.0,0.0,0.0,8
73,1.0,0.0,0.0,8
74,1.0,0.0,0.0,8
75,1.0,0.0,0.0,8
76,1.0,0.0,0.0,8
77,1.0,0.0,0.0,8
78,1.0,0.0,0.0,8
79,1.0,0.0,0.0,8
80,1.0,0.0,0.0,8
81,1.0,0.0,0.0,8
82,1.0,0.0,0.0,8
83,1.0,0.0,0.0,8
84,1.0,0.0,0.0,8
85,1.0,0.0,0.0,8
86,1.0,0.0,0.0,8
87,1.0,0.0,0.0,8
88,1.0,0.0,0.0,8
89,1.0,0.0,0.0,8
90,1.0,0.0,0.0,8
91,1.0,0.0,0.0,8
92,1.0,0.0,0.0,8
93,1.0,0.0,0.0,8
94,1.0,0.0,0.0,8
95,1.0,0.0,0.0,8
96,1.0,0.0,0.0,8
97,1.0,0.0,0.0,8
98,1.0,0.0,0.0,8
99,1.0,0.0,0.0,8
100,1.0,0.0,0.0,8
101,1.0,0.0,0.0,8
102,1.0,0.0,0.0,8
103,1.0,0.0,0.0,8
104,1.0,0.0,0.0,8
105,1.0,0.0,0.0,8
106,1.0,0.0,0.0,8
107,1.0,0.0,0.0,8
108,1.0,0.0,0.0,8
109,1.0,0.0,0.0,8
110,1.0,0.0,0.0,8
111,1.0,0.0,0.0,8
112,1.0,0.0,0.0,8
113,1.0,0.0,0.0,8
114,1.0,0.0,0.0,8
115,1.0,0.0,0.0,8
116,1.0,0.0,0.0,8
117,1.0,0.0,0.0,8
118,1.0,0.0,0.0,8
119,1.0,0.0,0.0,8
120,1.0,0.0,0.0,8
121,1.0,0.0,0.0,8
122,1.0,0.0,0.0,8
123,1.0,0.0,0.0,8
124,1.0,0.0,0.0,8
125,1.0,0.0,0.0,8
126,1.0,0.0,0.0,8
127,1.0,0.0,0.0,8
128,1.0,0.0,0.0,8
129,1.0,0.0,0.0,8
130,1.0,0.0,0.0,8
131,1.0,0.0,0.0,8
132,1.0,0.0,0.0,8
133,1.0,0.0,0.0,8
134,1.0,0.0,0.0,8
135,1.0,0.0,0.0,8
136,1.0,0.0,0.0,8
137,1.0,0.0,0.0,8
138,1.0,0.0,0.0,8
139,1.0,0.0,0.0,8
140,1.0,0.0,0.0,8
141,1.0,0.0,0.0,8
142,1.0,0.0,0.0,8
143,1.0,0.0,0.0,8
144,1.0,0.0,0.0,8
145,1.0,0.0,0.0,8
146,1.0,0.0,0.0,8
147,1.0,0.0,0.0,8
148,1.0,0.0,0.0,8
149,1.0,0.0,0.0,8
150,1.0,0.0,0.0,8
151,1.0,0.0,0.0,8
152,1.0,0.0,0.0,8
153,1.0,0.0,0.0,8
154,1.0,0.0,0.0,8
155,1.0,0.0,0.0,8
156,1.0,0.0,0.0,8
157,1.0,0.0,0.0,8
158,1.0,0.0,0.0,8
159,1.0,0.0,0.0,8
160,1.0,0.0,0.0,8
161,1.0,0.0,0.0,8
162,1.0,0.0,0.0,8
163,1.0,0.0,0.0,8
164,1.0,0.0,0.0,8
165,1.0,0.0,0.0,8
166,1.0,0.0,0.0,8
167,1.0,0.0,0.0,8
168,1.0,0.0,0.0,8
169,1.0,0.0,0.0,8
170,1.0,0.0,0.0,8
171,1.0,0.0,0.0,8
172,1.0,0.0,0.0,8
173,1.0,0.0,0.0,8
174,1.0,0.0,0.0,8
175,1.0,0.0,0.0,8
