Generation,O,Y,B,sim
0,0.3348,0.3358,0.3294,1
1,0.4409,0.4896,0.0695,1
2,0.1055,0.7714,0.1231,1
3,0.033,0.6669,0.3001,1
4,0.0382,0.4417,0.5201,1
5,0.0595,0.2356,0.7049,1
6,0.0992,0.108,0.7928,1
7,0.1327,0.0831,0.7842,1
8,0.1586,0.1168,0.7246,1
9,0.1636,0.1644,0.672,1
10,0.159,0.2009,0.6401,1
11,0.1842,0.2008,0.615,1
12,0.2135,0.2059,0.5806,1
13,0.2419,0.2346,0.5235,1
14,0.2621,0.2639,0.474,1
15,0.2681,0.3027,0.4292,1
16,0.2715,0.3274,0.4011,1
17,0.2444,0.3813,0.3743,1
18,0.2148,0.4041,0.3811,1
19,0.2018,0.3955,0.4027,1
20,0.1901,0.3723,0.4376,1
21,0.1882,0.3433,0.4685,1
22,0.1949,0.3171,0.488,1
23,0.2143,0.3207,0.465,1
24,0.2312,0.3515,0.4173,1
25,0.2287,0.4055,0.3658,1
26,0.1846,0.4604,0.355,1
27,0.1713,0.4415,0.3872,1
28,0.1814,0.3957,0.4229,1
29,0.1522,0.3993,0.4485,1
30,0.1398,0.3722,0.488,1
31,0.1649,0.3238,0.5113,1
32,0.1861,0.2965,0.5174,1
33,0.1939,0.2998,0.5063,1
34,0.1999,0.3004,0.4997,1
35,0.2099,0.3136,0.4765,1
36,0.2174,0.3197,0.4629,1
37,0.2317,0.3175,0.4508,1
38,0.2591,0.3174,0.4235,1
39,0.2782,0.3425,0.3793,1
40,0.2666,0.3913,0.3421,1
41,0.2119,0.4518,0.3363,1
42,0.1984,0.4429,0.3587,1
43,0.174,0.4289,0.3971,1
44,0.1804,0.3756,0.444,1
45,0.2005,0.3374,0.4621,1
46,0.2088,0.3358,0.4554,1
47,0.2174,0.3386,0.444,1
48,0.2043,0.3622,0.4335,1
49,0.2185,0.3505,0.431,1
50,0.1989,0.3552,0.4459,1
51,0.1832,0.3403,0.4765,1
52,0.1858,0.3212,0.493,1
53,0.2014,0.3083,0.4903,1
54,0.1921,0.2998,0.5081,1
55,0.1948,0.2988,0.5064,1
56,0.2114,0.2929,0.4957,1
57,0.2169,0.3304,0.4527,1
58,0.2175,0.3485,0.434,1
59,0.1882,0.3814,0.4304,1
60,0.1799,0.3547,0.4654,1
61,0.1781,0.3195,0.5024,1
62,0.1844,0.2828,0.5328,1
63,0.2033,0.2719,0.5248,1
64,0.237,0.2978,0.4652,1
65,0.2686,0.3551,0.3763,1
66,0.258,0.4403,0.3017,1
67,0.1905,0.5432,0.2663,1
68,0.1575,0.5547,0.2878,1
69,0.1362,0.5493,0.3145,1
70,0.1488,0.4691,0.3821,1
71,0.1595,0.4095,0.431,1
72,0.1723,0.3667,0.461,1
73,0.1969,0.3527,0.4504,1
74,0.2036,0.3584,0.438,1
75,0.2074,0.35,0.4426,1
76,0.2033,0.3579,0.4388,1
77,0.2017,0.35,0.4483,1
78,0.2031,0.331,0.4659,1
79,0.2048,0.335,0.4602,1
80,0.2131,0.3264,0.4605,1
81,0.2732,0.292,0.4348,1
82,0.245,0.389,0.366,1
83,0.2357,0.4098,0.3545,1
84,0.1875,0.4393,0.3732,1
85,0.2006,0.3684,0.431,1
86,0.2076,0.3261,0.4663,1
87,0.2333,0.308,0.4587,1
88,0.2518,0.3149,0.4333,1
89,0.2514,0.3479,0.4007,1
90,0.2329,0.3874,0.3797,1
91,0.2285,0.3948,0.3767,1
92,0.1897,0.4113,0.399,1
93,0.2048,0.3515,0.4437,1
94,0.1978,0.344,0.4582,1
95,0.2092,0.3292,0.4616,1
96,0.2112,0.3509,0.4379,1
97,0.2193,0.4028,0.3779,1
98,0.2119,0.4536,0.3345,1
99,0.2084,0.4769,0.3147,1
100,0.1698,0.5198,0.3104,1
101,0.1676,0.4897,0.3427,1
102,0.1635,0.4379,0.3986,1
103,0.1651,0.3949,0.44,1
104,0.1723,0.3549,0.4728,1
105,0.1953,0.3209,0.4838,1
106,0.2278,0.2912,0.481,1
107,0.2368,0.3116,0.4516,1
108,0.2083,0.3732,0.4185,1
109,0.1924,0.3747,0.4329,1
110,0.1914,0.3382,0.4704,1
111,0.2004,0.3194,0.4802,1
112,0.228,0.307,0.465,1
113,0.2449,0.325,0.4301,1
114,0.2471,0.3577,0.3952,1
115,0.219,0.3982,0.3828,1
116,0.1901,0.4142,0.3957,1
117,0.188,0.3713,0.4407,1
118,0.1855,0.3516,0.4629,1
119,0.2054,0.3398,0.4548,1
120,0.2204,0.3421,0.4375,1
121,0.2043,0.3699,0.4258,1
122,0.2154,0.3773,0.4073,1
123,0.2039,0.3946,0.4015,1
124,0.1966,0.4025,0.4009,1
125,0.1883,0.3868,0.4249,1
126,0.1969,0.3493,0.4538,1
127,0.2314,0.3091,0.4595,1
128,0.2349,0.3176,0.4475,1
129,0.2301,0.3646,0.4053,1
130,0.241,0.3902,0.3688,1
131,0.2236,0.4147,0.3617,1
132,0.1859,0.4294,0.3847,1
133,0.1836,0.3894,0.427,1
134,0.2164,0.3296,0.454,1
135,0.2495,0.2969,0.4536,1
136,0.2576,0.2946,0.4478,1
137,0.2521,0.3185,0.4294,1
138,0.2468,0.3473,0.4059,1
139,0.2379,0.3574,0.4047,1
140,0.2359,0.365,0.3991,1
141,0.2247,0.3694,0.4059,1
142,0.2267,0.352,0.4213,1
143,0.2253,0.3546,0.4201,1
144,0.2289,0.3335,0.4376,1
145,0.2272,0.3431,0.4297,1
146,0.2296,0.3525,0.4179,1
147,0.2154,0.3616,0.423,1
148,0.2188,0.3363,0.4449,1
149,0.233,0.3208,0.4462,1
150,0.252,0.3261,0.4219,1
151,0.2406,0.3451,0.4143,1
152,0.2079,0.3772,0.4149,1
153,0.2037,0.3665,0.4298,1
154,0.2255,0.3336,0.4409,1
155,0.2536,0.3117,0.4347,1
156,0.2525,0.3304,0.4171,1
157,0.2133,0.3922,0.3945,1
158,0.1932,0.3927,0.4141,1
159,0.2043,0.3631,0.4326,1
160,0.2097,0.3577,0.4326,1
161,0.1836,0.3832,0.4332,1
162,0.2112,0.3604,0.4284,1
163,0.2171,0.3663,0.4166,1
164,0.2135,0.3887,0.3978,1
165,0.1921,0.4052,0.4027,1
166,0.1778,0.3832,0.439,1
167,0.1788,0.3362,0.485,1
168,0.2056,0.2948,0.4996,1
169,0.2332,0.3076,0.4592,1
170,0.2552,0.3408,0.404,1
171,0.2344,0.4066,0.359,1
172,0.1781,0.4574,0.3645,1
173,0.1604,0.441,0.3986,1
174,0.157,0.3847,0.4583,1
175,0.1716,0.3424,0.486,1
176,0.1921,0.3014,0.5065,1
177,0.1952,0.32,0.4848,1
178,0.2084,0.3242,0.4674,1
179,0.2155,0.3484,0.4361,1
180,0.1997,0.3814,0.4189,1
181,0.1891,0.3689,0.442,1
182,0.1799,0.3451,0.475,1
183,0.1927,0.3331,0.4742,1
184,0.2226,0.3081,0.4693,1
185,0.2355,0.3241,0.4404,1
186,0.2371,0.3473,0.4156,1
187,0.2314,0.383,0.3856,1
188,0.2347,0.3801,0.3852,1
189,0.2274,0.3691,0.4035,1
190,0.1901,0.3663,0.4436,1
191,0.1933,0.3402,0.4665,1
192,0.214,0.2998,0.4862,1
193,0.2396,0.3113,0.4491,1
194,0.2442,0.3546,0.4012,1
195,0.2306,0.4026,0.3668,1
196,0.2235,0.4103,0.3662,1
197,0.1875,0.4141,0.3984,1
198,0.18,0.3864,0.4336,1
199,0.201,0.3137,0.4853,1
200,0.2326,0.2834,0.484,1
0,0.3368,0.3332,0.33,2
1,0.4308,0.5044,0.0648,2
2,0.0886,0.8093,0.1021,2
3,0.0187,0.7292,0.2521,2
4,0.0486,0.4979,0.4535,2
5,0.0945,0.2777,0.6278,2
6,0.1478,0.1554,0.6968,2
7,0.2011,0.1166,0.6823,2
8,0.237,0.1523,0.6107,2
9,0.279,0.2207,0.5003,2
10,0.2887,0.322,0.3893,2
11,0.2887,0.4298,0.2815,2
12,0.2824,0.5325,0.1851,2
13,0.2666,0.6291,0.1043,2
14,0.222,0.7297,0.0483,2
15,0.1445,0.8379,0.0176,2
16,0.075,0.9222,0.0028,2
17,0.0279,0.9715,0.0006,2
18,0.0077,0.9805,0.0118,2
19,0.0,0.961,0.039,2
20,0.0,0.9202,0.0798,2
21,0.0,0.87,0.13,2
22,0.0,0.8202,0.1798,2
23,0.0,0.7632,0.2368,2
24,0.0,0.699,0.301,2
25,0.0,0.6276,0.3724,2
26,0.0,0.549,0.451,2
27,0.0,0.4632,0.5368,2
28,0.0,0.3702,0.6298,2
29,0.0,0.27,0.73,2
30,0.0,0.21,0.79,2
31,0.0,0.15,0.85,2
32,0.0,0.09,0.91,2
33,0.0,0.03,0.97,2
34,0.0,0.0,1.0,2
35,0.0,0.0,1.0,2
36,0.0,0.0,1.0,2
37,0.0,0.0,1.0,2
38,0.0,0.0,1.0,2
39,0.0,0.0,1.0,2
40,0.0,0.0,1.0,2
41,0.0,0.0,1.0,2
42,0.0,0.0,1.0,2
43,0.0,0.0,1.0,2
44,0.0,0.0,1.0,2
45,0.0,0.0,1.0,2
46,0.0,0.0,1.0,2
47,0.0,0.0,1.0,2
48,0.0,0.0,1.0,2
49,0.0,0.0,1.0,2
50,0.0,0.0,1.0,2
51,0.0,0.0,1.0,2
52,0.0,0.0,1.0,2
53,0.0,0.0,1.0,2
54,0.0,0.0,1.0,2
55,0.0,0.0,1.0,2
56,0.0,0.0,1.0,2
57,0.0,0.0,1.0,2
58,0.0,0.0,1.0,2
59,0.0,0.0,1.0,2
60,0.0,0.0,1.0,2
61,0.0,0.0,1.0,2
62,0.0,0.0,1.0,2
63,0.0,0.0,1.0,2
64,0.0,0.0,1.0,2
65,0.0,0.0,1.0,2
66,0.0,0.0,1.0,2
67,0.0,0.0,1.0,2
68,0.0,0.0,1.0,2
69,0.0,0.0,1.0,2
70,0.0,0.0,1.0,2
71,0.0,0.0,1.0,2
72,0.0,0.0,1.0,2
73,0.0,0.0,1.0,2
74,0.0,0.0,1.0,2
75,0.0,0.0,1.0,2
76,0.0,0.0,1.0,2
77,0.0,0.0,1.0,2
78,0.0,0.0,1.0,2
79,0.0,0.0,1.0,2
80,0.0,0.0,1.0,2
81,0.0,0.0,1.0,2
82,0.0,0.0,1.0,2
83,0.0,0.0,1.0,2
84,0.0,0.0,1.0,2
85,0.0,0.0,1.0,2
86,0.0,0.0,1.0,2
87,0.0,0.0,1.0,2
88,0.0,0.0,1.0,2
89,0.0,0.0,1.0,2
90,0.0,0.0,1.0,2
91,0.0,0.0,1.0,2
92,0.0,0.0,1.0,2
93,0.0,0.0,1.0,2
94,0.0,0.0,1.0,2
95,0.0,0.0,1.0,2
96,0.0,0.0,1.0,2
97,0.0,0.0,1.0,2
98,0.0,0.0,1.0,2
99,0.0,0.0,1.0,2
100,0.0,0.0,1.0,2
101,0.0,0.0,1.0,2
102,0.0,0.0,1.0,2
103,0.0,0.0,1.0,2
104,0.0,0.0,1.0,2
105,0.0,0.0,1.0,2
106,0.0,0.0,1.0,2
107,0.0,0.0,1.0,2
108,0.0,0.0,1.0,2
109,0.0,0.0,1.0,2
110,0.0,0.0,1.0,2
111,0.0,0.0,1.0,2
112,0.0,0.0,1.0,2
113,0.0,0.0,1.0,2
114,0.0,0.0,1.0,2
115,0.0,0.0,1.0,2
116,0.0,0.0,1.0,2
117,0.0,0.0,1.0,2
118,0.0,0.0,1.0,2
119,0.0,0.0,1.0,2
120,0.0,0.0,1.0,2
121,0.0,0.0,1.0,2
122,0.0,0.0,1.0,2
123,0.0,0.0,1.0,2
124,0.0,0.0,1.0,2
125,0.0,0.0,1.0,2
126,0.0,0.0,1.0,2
127,0.0,0.0,1.0,2
128,0.0,0.0,1.0,2
129,0.0,0.0,1.0,2
130,0.0,0.0,1.0,2
131,0.0,0.0,1.0,2
132,0.0,0.0,1.0,2
133,0.0,0.0,1.0,2
134,0.0,0.0,1.0,2
135,0.0,0.0,1.0,2
136,0.0,0.0,1.0,2
137,0.0,0.0,1.0,2
138,0.0,0.0,1.0,2
139,0.0,0.0,1.0,2
140,0.0,0.0,1.0,2
141,0.0,0.0,1.0,2
142,0.0,0.0,1.0,2
143,0.0,0.0,1.0,2
144,0.0,0.0,1.0,2
145,0.0,0.0,1.0,2
146,0.0,0.0,1.0,2
147,0.0,0.0,1.0,2
148,0.0,0.0,1.0,2
149,0.0,0.0,1.0,2
150,0.0,0.0,1.0,2
151,0.0,0.0,1.0,2
152,0.0,0.0,1.0,2
153,0.0,0.0,1.0,2
154,0.0,0.0,1.0,2
155,0.0,0.0,1.0,2
156,0.0,0.0,1.0,2
157,0.0,0.0,1.0,2
158,0.0,0.0,1.0,2
159,0.0,0.0,1.0,2
160,0.0,0.0,1.0,2
161,0.0,0.0,1.0,2
162,0.0,0.0,1.0,2
163,0.0,0.0,1.0,2
164,0.0,0.0,1.0,2
165,0.0,0.0,1.0,2
166,0.0,0.0,1.0,2
167,0.0,0.0,1.0,2
168,0.0,0.0,1.0,2
169,0.0,0.0,1.0,2
170,0.0,0.0,1.0,2
171,0.0,0.0,1.0,2
172,0.0,0.0,1.0,2
173,0.0,0.0,1.0,2
174,0.0,0.0,1.0,2
175,0.0,0.0,1.0,2
176,0.0,0.0,1.0,2
177,0.0,0.0,1.0,2
178,0.0,0.0,1.0,2
179,0.0,0.0,1.0,2
180,0.0,0.0,1.0,2
181,0.0,0.0,1.0,2
182,0.0,0.0,1.0,2
183,0.0,0.0,1.0,2
184,0.0,0.0,1.0,2
185,0.0,0.0,1.0,2
186,0.0,0.0,1.0,2
187,0.0,0.0,1.0,2
188,0.0,0.0,1.0,2
189,0.0,0.0,1.0,2
190,0.0,0.0,1.0,2
191,0.0,0.0,1.0,2
192,0.0,0.0,1.0,2
193,0.0,0.0,1.0,2
194,0.0,0.0,1.0,2
195,0.0,0.0,1.0,2
196,0.0,0.0,1.0,2
197,0.0,0.0,1.0,2
198,0.0,0.0,1.0,2
199,0.0,0.0,1.0,2
200,0.0,0.0,1.0,2
0,0.3402,0.3357,0.3241,3
1,0.3919,0.5292,0.0789,3
2,0.0823,0.7774,0.1403,3
3,0.0483,0.6062,0.3455,3
4,0.0714,0.3383,0.5903,3
5,0.1274,0.1448,0.7278,3
6,0.1979,0.0846,0.7175,3
7,0.2576,0.1133,0.6291,3
8,0.2769,0.2045,0.5186,3
9,0.2624,0.322,0.4156,3
10,0.235,0.4351,0.3299,3
11,0.1847,0.5372,0.2781,3
12,0.1368,0.6193,0.2439,3
13,0.1266,0.6328,0.2406,3
14,0.1194,0.6232,0.2574,3
15,0.1419,0.5432,0.3149,3
16,0.1428,0.4696,0.3876,3
17,0.1612,0.3731,0.4657,3
18,0.1962,0.2964,0.5074,3
19,0.2018,0.2541,0.5441,3
20,0.2124,0.2297,0.5579,3
21,0.2168,0.249,0.5342,3
22,0.2105,0.2921,0.4974,3
23,0.1884,0.3418,0.4698,3
24,0.1997,0.3494,0.4509,3
25,0.21,0.3735,0.4165,3
26,0.2053,0.3893,0.4054,3
27,0.1857,0.409,0.4053,3
28,0.1613,0.4224,0.4163,3
29,0.1628,0.3943,0.4429,3
30,0.1512,0.3714,0.4774,3
31,0.1683,0.3203,0.5114,3
32,0.1704,0.337,0.4926,3
33,0.1687,0.3706,0.4607,3
34,0.17,0.3777,0.4523,3
35,0.1779,0.3655,0.4566,3
36,0.1822,0.3573,0.4605,3
37,0.2121,0.3356,0.4523,3
38,0.217,0.3589,0.4241,3
39,0.2047,0.3864,0.4089,3
40,0.1966,0.386,0.4174,3
41,0.193,0.3703,0.4367,3
42,0.212,0.3501,0.4379,3
43,0.2262,0.3606,0.4132,3
44,0.2407,0.3656,0.3937,3
45,0.251,0.3825,0.3665,3
46,0.2018,0.441,0.3572,3
47,0.1882,0.4326,0.3792,3
48,0.202,0.3746,0.4234,3
49,0.2132,0.3494,0.4374,3
50,0.2388,0.3391,0.4221,3
51,0.241,0.3489,0.4101,3
52,0.2344,0.3765,0.3891,3
53,0.2219,0.3996,0.3785,3
54,0.2143,0.4292,0.3565,3
55,0.2069,0.4294,0.3637,3
56,0.205,0.4318,0.3632,3
57,0.1889,0.4452,0.3659,3
58,0.1788,0.439,0.3822,3
59,0.1736,0.4121,0.4143,3
60,0.1842,0.3542,0.4616,3
61,0.1922,0.3296,0.4782,3
62,0.222,0.3012,0.4768,3
63,0.2232,0.334,0.4428,3
64,0.2038,0.3886,0.4076,3
65,0.1902,0.4005,0.4093,3
66,0.1924,0.3805,0.4271,3
67,0.2049,0.35,0.4451,3
68,0.215,0.3217,0.4633,3
69,0.2425,0.3152,0.4423,3
70,0.2591,0.3262,0.4147,3
71,0.2213,0.3774,0.4013,3
72,0.2078,0.3871,0.4051,3
73,0.2114,0.3677,0.4209,3
74,0.216,0.3337,0.4503,3
75,0.2257,0.3166,0.4577,3
76,0.239,0.3111,0.4499,3
77,0.2454,0.3429,0.4117,3
78,0.2105,0.3955,0.394,3
79,0.2066,0.3932,0.4002,3
80,0.2121,0.3787,0.4092,3
81,0.2008,0.361,0.4382,3
82,0.2237,0.3393,0.437,3
83,0.2285,0.3745,0.397,3
84,0.2061,0.4264,0.3675,3
85,0.1928,0.4683,0.3389,3
86,0.1791,0.4567,0.3642,3
87,0.1691,0.4335,0.3974,3
88,0.1901,0.3664,0.4435,3
89,0.2053,0.3413,0.4534,3
90,0.2273,0.3344,0.4383,3
91,0.2496,0.3532,0.3972,3
92,0.2306,0.4063,0.3631,3
93,0.2193,0.4348,0.3459,3
94,0.1852,0.4332,0.3816,3
95,0.1914,0.3623,0.4463,3
96,0.2169,0.3052,0.4779,3
97,0.2261,0.3028,0.4711,3
98,0.2301,0.3303,0.4396,3
99,0.2209,0.3576,0.4215,3
100,0.2233,0.3905,0.3862,3
101,0.2039,0.4317,0.3644,3
102,0.154,0.4525,0.3935,3
103,0.1333,0.413,0.4537,3
104,0.133,0.3353,0.5317,3
105,0.1261,0.308,0.5659,3
106,0.1338,0.2946,0.5716,3
107,0.1418,0.2953,0.5629,3
108,0.1645,0.2797,0.5558,3
109,0.1715,0.3131,0.5154,3
110,0.1664,0.3496,0.484,3
111,0.1591,0.3467,0.4942,3
112,0.1663,0.3096,0.5241,3
113,0.1732,0.3116,0.5152,3
114,0.171,0.3272,0.5018,3
115,0.1878,0.2973,0.5149,3
116,0.219,0.3,0.481,3
117,0.2279,0.3448,0.4273,3
118,0.2263,0.3716,0.4021,3
119,0.2108,0.4076,0.3816,3
120,0.1865,0.3924,0.4211,3
121,0.2044,0.3273,0.4683,3
122,0.219,0.3242,0.4568,3
123,0.2419,0.3249,0.4332,3
124,0.2566,0.3378,0.4056,3
125,0.2313,0.399,0.3697,3
126,0.1884,0.4274,0.3842,3
127,0.1932,0.3738,0.433,3
128,0.1908,0.3321,0.4771,3
129,0.1864,0.326,0.4876,3
130,0.2065,0.3082,0.4853,3
131,0.2203,0.3455,0.4342,3
132,0.2162,0.4029,0.3809,3
133,0.2165,0.4256,0.3579,3
134,0.1983,0.4401,0.3616,3
135,0.1908,0.4117,0.3975,3
136,0.1953,0.3676,0.4371,3
137,0.2076,0.3392,0.4532,3
138,0.2418,0.3362,0.422,3
139,0.2419,0.3679,0.3902,3
140,0.2466,0.3814,0.372,3
141,0.2169,0.4308,0.3523,3
142,0.21,0.4166,0.3734,3
143,0.2136,0.3566,0.4298,3
144,0.2288,0.3235,0.4477,3
145,0.2481,0.334,0.4179,3
146,0.2583,0.362,0.3797,3
147,0.2381,0.4151,0.3468,3
148,0.2412,0.422,0.3368,3
149,0.238,0.4207,0.3413,3
150,0.2331,0.4225,0.3444,3
151,0.2262,0.4122,0.3616,3
152,0.2338,0.366,0.4002,3
153,0.2211,0.3709,0.408,3
154,0.218,0.3645,0.4175,3
155,0.2152,0.3652,0.4196,3
156,0.2162,0.3698,0.414,3
157,0.211,0.3954,0.3936,3
158,0.2066,0.3816,0.4118,3
159,0.2098,0.3536,0.4366,3
160,0.2176,0.3173,0.4651,3
161,0.2444,0.3048,0.4508,3
162,0.2436,0.3323,0.4241,3
163,0.2318,0.3599,0.4083,3
164,0.2258,0.3962,0.378,3
165,0.2333,0.4158,0.3509,3
166,0.1972,0.4458,0.357,3
167,0.1779,0.4332,0.3889,3
168,0.1771,0.3767,0.4462,3
169,0.1811,0.3493,0.4696,3
170,0.1875,0.3571,0.4554,3
171,0.1997,0.3589,0.4414,3
172,0.2009,0.3747,0.4244,3
173,0.1987,0.3803,0.421,3
174,0.1791,0.3595,0.4614,3
175,0.1833,0.3116,0.5051,3
176,0.2054,0.2664,0.5282,3
177,0.2094,0.2834,0.5072,3
178,0.2075,0.3195,0.473,3
179,0.2209,0.3393,0.4398,3
180,0.2408,0.3672,0.392,3
181,0.2081,0.4157,0.3762,3
182,0.1767,0.4066,0.4167,3
183,0.1925,0.3431,0.4644,3
184,0.2264,0.2907,0.4829,3
185,0.2215,0.3198,0.4587,3
186,0.1947,0.3702,0.4351,3
187,0.2076,0.3608,0.4316,3
188,0.1837,0.3729,0.4434,3
189,0.1735,0.3684,0.4581,3
190,0.1555,0.3376,0.5069,3
191,0.1591,0.271,0.5699,3
192,0.1624,0.2531,0.5845,3
193,0.1594,0.2694,0.5712,3
194,0.1779,0.2564,0.5657,3
195,0.205,0.2583,0.5367,3
196,0.2318,0.2881,0.4801,3
197,0.2117,0.3572,0.4311,3
198,0.2002,0.3617,0.4381,3
199,0.185,0.3637,0.4513,3
200,0.2196,0.3086,0.4718,3
0,0.3358,0.3338,0.3304,4
1,0.433,0.4919,0.0751,4
2,0.1069,0.7667,0.1264,4
3,0.0266,0.6401,0.3333,4
4,0.044,0.4172,0.5388,4
5,0.0708,0.2615,0.6677,4
6,0.0886,0.1766,0.7348,4
7,0.0999,0.1504,0.7497,4
8,0.1045,0.1588,0.7367,4
9,0.1011,0.1863,0.7126,4
10,0.1122,0.1993,0.6885,4
11,0.1213,0.2129,0.6658,4
12,0.1228,0.2181,0.6591,4
13,0.1302,0.2106,0.6592,4
14,0.1392,0.2159,0.6449,4
15,0.1557,0.2286,0.6157,4
16,0.1809,0.248,0.5711,4
17,0.2006,0.2817,0.5177,4
18,0.2269,0.3147,0.4584,4
19,0.2239,0.3583,0.4178,4
20,0.2121,0.3801,0.4078,4
21,0.1908,0.3678,0.4414,4
22,0.1836,0.3504,0.466,4
23,0.2024,0.308,0.4896,4
24,0.2122,0.3101,0.4777,4
25,0.2183,0.3206,0.4611,4
26,0.2305,0.3351,0.4344,4
27,0.2228,0.3772,0.4,4
28,0.215,0.3856,0.3994,4
29,0.195,0.3797,0.4253,4
30,0.1925,0.3438,0.4637,4
31,0.1884,0.3558,0.4558,4
32,0.2088,0.3365,0.4547,4
33,0.1994,0.3614,0.4392,4
34,0.2034,0.3565,0.4401,4
35,0.2198,0.3483,0.4319,4
36,0.2331,0.3634,0.4035,4
37,0.2287,0.3921,0.3792,4
38,0.1849,0.4177,0.3974,4
39,0.182,0.3895,0.4285,4
40,0.2041,0.3358,0.4601,4
41,0.2283,0.3361,0.4356,4
42,0.2456,0.3375,0.4169,4
43,0.2564,0.3652,0.3784,4
44,0.244,0.3805,0.3755,4
45,0.2203,0.3788,0.4009,4
46,0.2035,0.3598,0.4367,4
47,0.2278,0.3111,0.4611,4
48,0.2465,0.3002,0.4533,4
49,0.2475,0.3457,0.4068,4
50,0.2183,0.4054,0.3763,4
51,0.178,0.4346,0.3874,4
52,0.1777,0.3951,0.4272,4
53,0.1817,0.3613,0.457,4
54,0.211,0.3381,0.4509,4
55,0.2435,0.3469,0.4096,4
56,0.2504,0.3752,0.3744,4
57,0.2402,0.4056,0.3542,4
58,0.2062,0.4214,0.3724,4
59,0.1714,0.3976,0.431,4
60,0.1604,0.3414,0.4982,4
61,0.1821,0.2721,0.5458,4
62,0.2099,0.2572,0.5329,4
63,0.2246,0.2968,0.4786,4
64,0.2309,0.3457,0.4234,4
65,0.2213,0.373,0.4057,4
66,0.2138,0.3984,0.3878,4
67,0.2103,0.4047,0.385,4
68,0.1963,0.3842,0.4195,4
69,0.1939,0.3529,0.4532,4
70,0.2176,0.3129,0.4695,4
71,0.2619,0.3116,0.4265,4
72,0.2744,0.3438,0.3818,4
73,0.2298,0.4264,0.3438,4
74,0.1857,0.4451,0.3692,4
75,0.203,0.3645,0.4325,4
76,0.1978,0.3277,0.4745,4
77,0.2144,0.3211,0.4645,4
78,0.2281,0.3456,0.4263,4
79,0.2243,0.3726,0.4031,4
80,0.214,0.4116,0.3744,4
81,0.2074,0.4304,0.3622,4
82,0.1743,0.4552,0.3705,4
83,0.1707,0.4403,0.389,4
84,0.165,0.4102,0.4248,4
85,0.178,0.3811,0.4409,4
86,0.1931,0.344,0.4629,4
87,0.2197,0.3163,0.464,4
88,0.2283,0.3282,0.4435,4
89,0.2222,0.3629,0.4149,4
90,0.2406,0.3578,0.4016,4
91,0.2226,0.3948,0.3826,4
92,0.1917,0.4239,0.3844,4
93,0.1873,0.4061,0.4066,4
94,0.1888,0.3478,0.4634,4
95,0.2232,0.284,0.4928,4
96,0.2191,0.317,0.4639,4
97,0.2269,0.3415,0.4316,4
98,0.2286,0.3597,0.4117,4
99,0.2096,0.3893,0.4011,4
100,0.1985,0.3834,0.4181,4
101,0.1797,0.3753,0.445,4
102,0.1998,0.304,0.4962,4
103,0.221,0.2857,0.4933,4
104,0.2089,0.3383,0.4528,4
105,0.2118,0.3566,0.4316,4
106,0.2036,0.3739,0.4225,4
107,0.2116,0.347,0.4414,4
108,0.17,0.3862,0.4438,4
109,0.1659,0.3373,0.4968,4
110,0.1783,0.277,0.5447,4
111,0.1926,0.2707,0.5367,4
112,0.2012,0.2919,0.5069,4
113,0.2164,0.3037,0.4799,4
114,0.2276,0.3169,0.4555,4
115,0.2481,0.307,0.4449,4
116,0.238,0.3229,0.4391,4
117,0.2452,0.3238,0.431,4
118,0.243,0.352,0.405,4
119,0.2238,0.3876,0.3886,4
120,0.1913,0.4165,0.3922,4
121,0.1632,0.3981,0.4387,4
122,0.1577,0.348,0.4943,4
123,0.1695,0.3046,0.5259,4
124,0.1957,0.2695,0.5348,4
125,0.2024,0.2856,0.512,4
126,0.2006,0.3185,0.4809,4
127,0.2034,0.3508,0.4458,4
128,0.1866,0.4126,0.4008,4
129,0.1913,0.4083,0.4004,4
130,0.1891,0.4059,0.405,4
131,0.1883,0.3937,0.418,4
132,0.1809,0.3853,0.4338,4
133,0.1821,0.3484,0.4695,4
134,0.1962,0.3366,0.4672,4
135,0.2138,0.3328,0.4534,4
136,0.2221,0.3355,0.4424,4
137,0.2358,0.3328,0.4314,4
138,0.215,0.3519,0.4331,4
139,0.1894,0.3526,0.458,4
140,0.178,0.3301,0.4919,4
141,0.17,0.3208,0.5092,4
142,0.1778,0.3091,0.5131,4
143,0.2071,0.2928,0.5001,4
144,0.2145,0.3214,0.4641,4
145,0.2331,0.3417,0.4252,4
146,0.2433,0.3738,0.3829,4
147,0.2265,0.3869,0.3866,4
148,0.2003,0.3907,0.409,4
149,0.1929,0.3644,0.4427,4
150,0.1846,0.3457,0.4697,4
151,0.2124,0.3155,0.4721,4
152,0.2354,0.3224,0.4422,4
153,0.219,0.3671,0.4139,4
154,0.2188,0.3868,0.3944,4
155,0.2269,0.364,0.4091,4
156,0.1908,0.404,0.4052,4
157,0.1932,0.3823,0.4245,4
158,0.2126,0.3577,0.4297,4
159,0.2465,0.332,0.4215,4
160,0.2183,0.3707,0.411,4
161,0.2165,0.3897,0.3938,4
162,0.1903,0.3853,0.4244,4
163,0.1914,0.3343,0.4743,4
164,0.2112,0.304,0.4848,4
165,0.2222,0.309,0.4688,4
166,0.2352,0.3294,0.4354,4
167,0.2426,0.3512,0.4062,4
168,0.2293,0.3884,0.3823,4
169,0.2105,0.4109,0.3786,4
170,0.2035,0.3884,0.4081,4
171,0.2122,0.3584,0.4294,4
172,0.2153,0.3707,0.414,4
173,0.2007,0.3874,0.4119,4
174,0.1886,0.3823,0.4291,4
175,0.2065,0.3668,0.4267,4
176,0.2193,0.3857,0.395,4
177,0.214,0.404,0.382,4
178,0.1839,0.4425,0.3736,4
179,0.195,0.4229,0.3821,4
180,0.1883,0.4052,0.4065,4
181,0.1874,0.377,0.4356,4
182,0.2003,0.3379,0.4618,4
183,0.2121,0.3256,0.4623,4
184,0.201,0.3383,0.4607,4
185,0.197,0.3359,0.4671,4
186,0.1953,0.3249,0.4798,4
187,0.1891,0.3198,0.4911,4
188,0.2085,0.3185,0.473,4
189,0.2219,0.31,0.4681,4
190,0.2448,0.3247,0.4305,4
191,0.2258,0.3697,0.4045,4
192,0.2247,0.3873,0.388,4
193,0.229,0.3874,0.3836,4
194,0.2137,0.3908,0.3955,4
195,0.2157,0.3677,0.4166,4
196,0.2176,0.3514,0.431,4
197,0.2056,0.3592,0.4352,4
198,0.2185,0.357,0.4245,4
199,0.2286,0.3486,0.4228,4
200,0.214,0.3706,0.4154,4
0,0.3351,0.3317,0.3332,5
1,0.4515,0.5058,0.0427,5
2,0.0674,0.8317,0.1009,5
3,0.0067,0.7235,0.2698,5
4,0.0198,0.5119,0.4683,5
5,0.0335,0.3159,0.6506,5
6,0.0479,0.1575,0.7946,5
7,0.0629,0.0628,0.8743,5
8,0.0828,0.048,0.8692,5
9,0.0993,0.0721,0.8286,5
10,0.1037,0.1092,0.7871,5
11,0.11,0.1398,0.7502,5
12,0.1197,0.1739,0.7064,5
13,0.1299,0.2013,0.6688,5
14,0.1482,0.2156,0.6362,5
15,0.1577,0.2421,0.6002,5
16,0.1675,0.2792,0.5533,5
17,0.1677,0.3111,0.5212,5
18,0.1675,0.3342,0.4983,5
19,0.156,0.3674,0.4766,5
20,0.175,0.3541,0.4709,5
21,0.1788,0.3678,0.4534,5
22,0.1853,0.3836,0.4311,5
23,0.1941,0.386,0.4199,5
24,0.2149,0.3898,0.3953,5
25,0.2118,0.419,0.3692,5
26,0.1869,0.433,0.3801,5
27,0.174,0.3821,0.4439,5
28,0.2017,0.3201,0.4782,5
29,0.2173,0.3271,0.4556,5
30,0.2454,0.3309,0.4237,5
31,0.2379,0.3613,0.4008,5
32,0.2305,0.3847,0.3848,5
33,0.2224,0.3877,0.3899,5
34,0.2237,0.3936,0.3827,5
35,0.2327,0.3834,0.3839,5
36,0.2214,0.3497,0.4289,5
37,0.249,0.3234,0.4276,5
38,0.254,0.3426,0.4034,5
39,0.269,0.3456,0.3854,5
40,0.2685,0.3702,0.3613,5
41,0.2578,0.3999,0.3423,5
42,0.2251,0.441,0.3339,5
43,0.2173,0.4301,0.3526,5
44,0.2087,0.4237,0.3676,5
45,0.2204,0.4125,0.3671,5
46,0.2242,0.3932,0.3826,5
47,0.2342,0.3671,0.3987,5
48,0.212,0.3746,0.4134,5
49,0.2053,0.3645,0.4302,5
50,0.2178,0.3347,0.4475,5
51,0.2392,0.3214,0.4394,5
52,0.2501,0.334,0.4159,5
53,0.2717,0.3616,0.3667,5
54,0.2489,0.4035,0.3476,5
55,0.1946,0.4315,0.3739,5
56,0.1901,0.3856,0.4243,5
57,0.2174,0.3315,0.4511,5
58,0.2527,0.3318,0.4155,5
59,0.2734,0.3596,0.367,5
60,0.2404,0.4158,0.3438,5
61,0.2094,0.4324,0.3582,5
62,0.1668,0.4123,0.4209,5
63,0.1588,0.3566,0.4846,5
64,0.1889,0.2966,0.5145,5
65,0.2131,0.2799,0.507,5
66,0.2377,0.2882,0.4741,5
67,0.2329,0.3286,0.4385,5
68,0.2055,0.373,0.4215,5
69,0.1889,0.3575,0.4536,5
70,0.1831,0.3422,0.4747,5
71,0.2112,0.3195,0.4693,5
72,0.2163,0.334,0.4497,5
73,0.2165,0.3417,0.4418,5
74,0.2224,0.3566,0.421,5
75,0.2317,0.3467,0.4216,5
76,0.2353,0.3515,0.4132,5
77,0.2374,0.3668,0.3958,5
78,0.2398,0.3641,0.3961,5
79,0.2323,0.3627,0.405,5
80,0.2111,0.3914,0.3975,5
81,0.2112,0.3831,0.4057,5
82,0.2258,0.3512,0.423,5
83,0.2093,0.3515,0.4392,5
84,0.2197,0.3624,0.4179,5
85,0.2311,0.3308,0.4381,5
86,0.2057,0.337,0.4573,5
87,0.202,0.3418,0.4562,5
88,0.1915,0.3494,0.4591,5
89,0.2187,0.3188,0.4625,5
90,0.2227,0.3328,0.4445,5
91,0.2029,0.3811,0.416,5
92,0.2011,0.4005,0.3984,5
93,0.1964,0.3813,0.4223,5
94,0.1991,0.3708,0.4301,5
95,0.1792,0.3917,0.4291,5
96,0.1701,0.3975,0.4324,5
97,0.1918,0.3554,0.4528,5
98,0.2004,0.3365,0.4631,5
99,0.2124,0.3238,0.4638,5
100,0.2182,0.3236,0.4582,5
101,0.2218,0.3172,0.461,5
102,0.2031,0.3422,0.4547,5
103,0.1964,0.3486,0.455,5
104,0.2054,0.3376,0.457,5
105,0.222,0.3359,0.4421,5
106,0.2332,0.3437,0.4231,5
107,0.226,0.3685,0.4055,5
108,0.2076,0.3647,0.4277,5
109,0.2065,0.3566,0.4369,5
110,0.22,0.3291,0.4509,5
111,0.2193,0.3353,0.4454,5
112,0.2112,0.367,0.4218,5
113,0.2151,0.3551,0.4298,5
114,0.2095,0.3609,0.4296,5
115,0.2123,0.3551,0.4326,5
116,0.2142,0.3344,0.4514,5
117,0.2177,0.3471,0.4352,5
118,0.1937,0.3515,0.4548,5
119,0.2012,0.3426,0.4562,5
120,0.219,0.3408,0.4402,5
121,0.2097,0.3611,0.4292,5
122,0.2026,0.3803,0.4171,5
123,0.208,0.3636,0.4284,5
124,0.1952,0.3869,0.4179,5
125,0.2088,0.4129,0.3783,5
126,0.2041,0.4262,0.3697,5
127,0.1848,0.4711,0.3441,5
128,0.1686,0.4593,0.3721,5
129,0.1691,0.4231,0.4078,5
130,0.1602,0.3804,0.4594,5
131,0.1679,0.3404,0.4917,5
132,0.2002,0.3135,0.4863,5
133,0.2318,0.3203,0.4479,5
134,0.2188,0.3512,0.43,5
135,0.2082,0.3556,0.4362,5
136,0.1831,0.3601,0.4568,5
137,0.1839,0.3315,0.4846,5
138,0.1986,0.3086,0.4928,5
139,0.2043,0.3239,0.4718,5
140,0.2281,0.3352,0.4367,5
141,0.2415,0.3392,0.4193,5
142,0.2197,0.3921,0.3882,5
143,0.211,0.3816,0.4074,5
144,0.1982,0.3642,0.4376,5
145,0.193,0.338,0.469,5
146,0.1989,0.3214,0.4797,5
147,0.2151,0.3211,0.4638,5
148,0.2187,0.357,0.4243,5
149,0.2422,0.3405,0.4173,5
150,0.1831,0.3933,0.4236,5
151,0.1919,0.3528,0.4553,5
152,0.1971,0.3184,0.4845,5
153,0.2197,0.3031,0.4772,5
154,0.2386,0.3144,0.447,5
155,0.241,0.3438,0.4152,5
156,0.2404,0.3851,0.3745,5
157,0.2172,0.4001,0.3827,5
158,0.2003,0.4284,0.3713,5
159,0.1777,0.4051,0.4172,5
160,0.1995,0.3537,0.4468,5
161,0.2308,0.3234,0.4458,5
162,0.2349,0.3489,0.4162,5
163,0.2147,0.3925,0.3928,5
164,0.1984,0.4009,0.4007,5
165,0.1633,0.3903,0.4464,5
166,0.1522,0.3614,0.4864,5
167,0.1456,0.3053,0.5491,5
168,0.1702,0.2537,0.5761,5
169,0.1856,0.266,0.5484,5
170,0.2276,0.2619,0.5105,5
171,0.2327,0.3367,0.4306,5
172,0.2033,0.3961,0.4006,5
173,0.1948,0.3843,0.4209,5
174,0.2038,0.3413,0.4549,5
175,0.2025,0.3346,0.4629,5
176,0.2081,0.3546,0.4373,5
177,0.2216,0.3495,0.4289,5
178,0.2385,0.3407,0.4208,5
179,0.2096,0.3826,0.4078,5
180,0.2022,0.3662,0.4316,5
181,0.2052,0.3373,0.4575,5
182,0.2051,0.3251,0.4698,5
183,0.1921,0.346,0.4619,5
184,0.215,0.323,0.462,5
185,0.2384,0.3161,0.4455,5
186,0.2429,0.3577,0.3994,5
187,0.2216,0.4087,0.3697,5
188,0.2162,0.3812,0.4026,5
189,0.2174,0.3325,0.4501,5
190,0.1992,0.3447,0.4561,5
191,0.2012,0.3357,0.4631,5
192,0.2108,0.3302,0.459,5
193,0.2419,0.3257,0.4324,5
194,0.222,0.3824,0.3956,5
195,0.2193,0.3818,0.3989,5
196,0.207,0.3631,0.4299,5
197,0.1857,0.3395,0.4748,5
198,0.1935,0.328,0.4785,5
199,0.1981,0.3242,0.4777,5
200,0.2268,0.304,0.4692,5
0,0.3364,0.3342,0.3294,6
1,0.4515,0.4847,0.0638,6
2,0.0731,0.7966,0.1303,6
3,0.0267,0.6656,0.3077,6
4,0.0529,0.4388,0.5083,6
5,0.0902,0.2527,0.6571,6
6,0.1349,0.1478,0.7173,6
7,0.1715,0.1148,0.7137,6
8,0.1983,0.1281,0.6736,6
9,0.2323,0.1731,0.5946,6
10,0.2519,0.2341,0.514,6
11,0.2608,0.2973,0.4419,6
12,0.2483,0.3635,0.3882,6
13,0.2184,0.4248,0.3568,6
14,0.193,0.4477,0.3593,6
15,0.1614,0.4638,0.3748,6
16,0.1721,0.4153,0.4126,6
17,0.146,0.404,0.45,6
18,0.158,0.3361,0.5059,6
19,0.1609,0.3279,0.5112,6
20,0.1799,0.2994,0.5207,6
21,0.1824,0.3166,0.501,6
22,0.1997,0.3246,0.4757,6
23,0.1978,0.3622,0.44,6
24,0.1957,0.3702,0.4341,6
25,0.1931,0.3869,0.42,6
26,0.2007,0.3621,0.4372,6
27,0.1924,0.3704,0.4372,6
28,0.1871,0.3492,0.4637,6
29,0.1963,0.3147,0.489,6
30,0.2064,0.3175,0.4761,6
31,0.2021,0.3504,0.4475,6
32,0.1975,0.3708,0.4317,6
33,0.1858,0.3667,0.4475,6
34,0.1758,0.3645,0.4597,6
35,0.1832,0.3449,0.4719,6
36,0.2123,0.3102,0.4775,6
37,0.2295,0.3343,0.4362,6
38,0.2175,0.3641,0.4184,6
39,0.2069,0.3849,0.4082,6
40,0.2065,0.3938,0.3997,6
41,0.1959,0.3873,0.4168,6
42,0.1955,0.3813,0.4232,6
43,0.2004,0.3794,0.4202,6
44,0.2225,0.3603,0.4172,6
45,0.2154,0.3835,0.4011,6
46,0.1985,0.4043,0.3972,6
47,0.2035,0.3729,0.4236,6
48,0.205,0.3344,0.4606,6
49,0.2043,0.3209,0.4748,6
50,0.2052,0.3382,0.4566,6
51,0.2126,0.3277,0.4597,6
52,0.2262,0.3186,0.4552,6
53,0.2292,0.3469,0.4239,6
54,0.2082,0.3872,0.4046,6
55,0.198,0.3909,0.4111,6
56,0.2042,0.375,0.4208,6
57,0.209,0.3779,0.4131,6
58,0.1874,0.4035,0.4091,6
59,0.2044,0.3612,0.4344,6
60,0.2252,0.3324,0.4424,6
61,0.2134,0.3322,0.4544,6
62,0.2002,0.3792,0.4206,6
63,0.2133,0.3738,0.4129,6
64,0.2095,0.3882,0.4023,6
65,0.2132,0.393,0.3938,6
66,0.2021,0.411,0.3869,6
67,0.1914,0.388,0.4206,6
68,0.196,0.3453,0.4587,6
69,0.2301,0.2813,0.4886,6
70,0.2386,0.2961,0.4653,6
71,0.2476,0.3184,0.434,6
72,0.2561,0.347,0.3969,6
73,0.2291,0.4134,0.3575,6
74,0.1987,0.431,0.3703,6
75,0.1774,0.4153,0.4073,6
76,0.1866,0.3656,0.4478,6
77,0.2215,0.3058,0.4727,6
78,0.227,0.3124,0.4606,6
79,0.2398,0.3197,0.4405,6
80,0.2222,0.3614,0.4164,6
81,0.2098,0.3932,0.397,6
82,0.1976,0.3774,0.425,6
83,0.1872,0.347,0.4658,6
84,0.1992,0.3004,0.5004,6
85,0.2159,0.3023,0.4818,6
86,0.2139,0.3429,0.4432,6
87,0.2272,0.3666,0.4062,6
88,0.2236,0.4062,0.3702,6
89,0.2,0.4531,0.3469,6
90,0.2068,0.4363,0.3569,6
91,0.1937,0.4018,0.4045,6
92,0.1944,0.3599,0.4457,6
93,0.2017,0.3426,0.4557,6
94,0.2199,0.3313,0.4488,6
95,0.23,0.3543,0.4157,6
96,0.2399,0.3818,0.3783,6
97,0.2447,0.4095,0.3458,6
98,0.2426,0.418,0.3394,6
99,0.2131,0.4164,0.3705,6
100,0.1864,0.4184,0.3952,6
101,0.1724,0.3973,0.4303,6
102,0.1766,0.3468,0.4766,6
103,0.2151,0.2915,0.4934,6
104,0.2497,0.3015,0.4488,6
105,0.2542,0.3481,0.3977,6
106,0.2375,0.3831,0.3794,6
107,0.2015,0.3965,0.402,6
108,0.1967,0.375,0.4283,6
109,0.2045,0.348,0.4475,6
110,0.2242,0.3216,0.4542,6
111,0.2337,0.3227,0.4436,6
112,0.2273,0.3459,0.4268,6
113,0.2171,0.3777,0.4052,6
114,0.213,0.388,0.399,6
115,0.2032,0.3741,0.4227,6
116,0.2068,0.3485,0.4447,6
117,0.2165,0.3353,0.4482,6
118,0.2443,0.3344,0.4213,6
119,0.247,0.3587,0.3943,6
120,0.2266,0.3917,0.3817,6
121,0.1912,0.3974,0.4114,6
122,0.1823,0.3687,0.449,6
123,0.1964,0.3243,0.4793,6
124,0.1977,0.3217,0.4806,6
125,0.2082,0.332,0.4598,6
126,0.2162,0.3376,0.4462,6
127,0.204,0.3436,0.4524,6
128,0.1913,0.3485,0.4602,6
129,0.197,0.3133,0.4897,6
130,0.2011,0.3034,0.4955,6
131,0.204,0.3199,0.4761,6
132,0.2139,0.3485,0.4376,6
133,0.2126,0.3788,0.4086,6
134,0.2131,0.4075,0.3794,6
135,0.1799,0.4276,0.3925,6
136,0.1672,0.4161,0.4167,6
137,0.175,0.3719,0.4531,6
138,0.1899,0.3447,0.4654,6
139,0.1867,0.3362,0.4771,6
140,0.1838,0.3382,0.478,6
141,0.172,0.3463,0.4817,6
142,0.1925,0.3198,0.4877,6
143,0.1927,0.3142,0.4931,6
144,0.194,0.3077,0.4983,6
145,0.197,0.3204,0.4826,6
146,0.1882,0.3149,0.4969,6
147,0.1952,0.3114,0.4934,6
148,0.2066,0.327,0.4664,6
149,0.1996,0.3453,0.4551,6
150,0.2275,0.3316,0.4409,6
151,0.219,0.3441,0.4369,6
152,0.2313,0.3404,0.4283,6
153,0.2286,0.3719,0.3995,6
154,0.2101,0.3896,0.4003,6
155,0.2227,0.378,0.3993,6
156,0.2203,0.3721,0.4076,6
157,0.2124,0.4056,0.382,6
158,0.2145,0.4172,0.3683,6
159,0.1799,0.4407,0.3794,6
160,0.1823,0.4006,0.4171,6
161,0.1727,0.375,0.4523,6
162,0.1865,0.3013,0.5122,6
163,0.2035,0.2873,0.5092,6
164,0.2402,0.2762,0.4836,6
165,0.2466,0.3303,0.4231,6
166,0.2449,0.3795,0.3756,6
167,0.2328,0.3887,0.3785,6
168,0.1965,0.4209,0.3826,6
169,0.1878,0.4002,0.412,6
170,0.1988,0.351,0.4502,6
171,0.2209,0.2965,0.4826,6
172,0.2436,0.3054,0.451,6
173,0.2622,0.3391,0.3987,6
174,0.2831,0.3561,0.3608,6
175,0.2376,0.4072,0.3552,6
176,0.2143,0.4082,0.3775,6
177,0.2118,0.3866,0.4016,6
178,0.2127,0.3491,0.4382,6
179,0.1797,0.354,0.4663,6
180,0.2018,0.33,0.4682,6
181,0.2471,0.3278,0.4251,6
182,0.2453,0.3907,0.364,6
183,0.2353,0.4313,0.3334,6
184,0.2116,0.4356,0.3528,6
185,0.1948,0.4018,0.4034,6
186,0.1782,0.3444,0.4774,6
187,0.2094,0.2916,0.499,6
188,0.2396,0.2841,0.4763,6
189,0.2475,0.3344,0.4181,6
190,0.2299,0.4105,0.3596,6
191,0.1945,0.4511,0.3544,6
192,0.1793,0.4385,0.3822,6
193,0.1543,0.4044,0.4413,6
194,0.1524,0.381,0.4666,6
195,0.1663,0.3454,0.4883,6
196,0.2034,0.307,0.4896,6
197,0.2186,0.3204,0.461,6
198,0.2115,0.3439,0.4446,6
199,0.2169,0.3533,0.4298,6
200,0.2182,0.3619,0.4199,6
0,0.337,0.3335,0.3295,7
1,0.4377,0.5144,0.0479,7
2,0.0871,0.8081,0.1048,7
3,0.0154,0.6892,0.2954,7
4,0.0319,0.4517,0.5164,7
5,0.0719,0.2577,0.6704,7
6,0.1229,0.1167,0.7604,7
7,0.183,0.056,0.761,7
8,0.2489,0.0506,0.7005,7
9,0.3179,0.0697,0.6124,7
10,0.3928,0.099,0.5082,7
11,0.4544,0.1427,0.4029,7
12,0.5035,0.1847,0.3118,7
13,0.5251,0.2414,0.2335,7
14,0.5309,0.2947,0.1744,7
15,0.5144,0.3616,0.124,7
16,0.4755,0.4379,0.0866,7
17,0.425,0.522,0.053,7
18,0.3524,0.6126,0.035,7
19,0.2699,0.7091,0.021,7
20,0.1734,0.8164,0.0102,7
21,0.0804,0.917,0.0026,7
22,0.0189,0.9811,0.0,7
23,0.0013,0.9987,0.0,7
24,0.0,1.0,0.0,7
25,0.0,1.0,0.0,7
26,0.0,1.0,0.0,7
27,0.0,1.0,0.0,7
28,0.0,1.0,0.0,7
29,0.0,1.0,0.0,7
30,0.0,1.0,0.0,7
31,0.0,1.0,0.0,7
32,0.0,1.0,0.0,7
33,0.0,1.0,0.0,7
34,0.0,1.0,0.0,7
35,0.0,1.0,0.0,7
36,0.0,1.0,0.0,7
37,0.0,1.0,0.0,7
38,0.0,1.0,0.0,7
39,0.0,1.0,0.0,7
40,0.0,1.0,0.0,7
41,0.0,1.0,0.0,7
42,0.0,1.0,0.0,7
43,0.0,1.0,0.0,7
44,0.0,1.0,0.0,7
45,0.0,1.0,0.0,7
46,0.0,1.0,0.0,7
47,0.0,1.0,0.0,7
48,0.0,1.0,0.0,7
49,0.0,1.0,0.0,7
50,0.0,1.0,0.0,7
51,0.0,1.0,0.0,7
52,0.0,1.0,0.0,7
53,0.0,1.0,0.0,7
54,0.0,1.0,0.0,7
55,0.0,1.0,0.0,7
56,0.0,1.0,0.0,7
57,0.0,1.0,0.0,7
58,0.0,1.0,0.0,7
59,0.0,1.0,0.0,7
60,0.0,1.0,0.0,7
61,0.0,1.0,0.0,7
62,0.0,1.0,0.0,7
63,0.0,1.0,0.0,7
64,0.0,1.0,0.0,7
65,0.0,1.0,0.0,7
66,0.0,1.0,0.0,7
67,0.0,1.0,0.0,7
68,0.0,1.0,0.0,7
69,0.0,1.0,0.0,7
70,0.0,1.0,0.0,7
71,0.0,1.0,0.0,7
72,0.0,1.0,0.0,7
73,0.0,1.0,0.0,7
74,0.0,1.0,0.0,7
75,0.0,1.0,0.0,7
76,0.0,1.0,0.0,7
77,0.0,1.0,0.0,7
78,0.0,1.0,0.0,7
79,0.0,1.0,0.0,7
80,0.0,1.0,0.0,7
81,0.0,1.0,0.0,7
82,0.0,1.0,0.0,7
83,0.0,1.0,0.0,7
84,0.0,1.0,0.0,7
85,0.0,1.0,0.0,7
86,0.0,1.0,0.0,7
87,0.0,1.0,0.0,7
88,0.0,1.0,0.0,7
89,0.0,1.0,0.0,7
90,0.0,1.0,0.0,7
91,0.0,1.0,0.0,7
92,0.0,1.0,0.0,7
93,0.0,1.0,0.0,7
94,0.0,1.0,0.0,7
95,0.0,1.0,0.0,7
96,0.0,1.0,0.0,7
97,0.0,1.0,0.0,7
98,0.0,1.0,0.0,7
99,0.0,1.0,0.0,7
100,0.0,1.0,0.0,7
101,0.0,1.0,0.0,7
102,0.0,1.0,0.0,7
103,0.0,1.0,0.0,7
104,0.0,1.0,0.0,7
105,0.0,1.0,0.0,7
106,0.0,1.0,0.0,7
107,0.0,1.0,0.0,7
108,0.0,1.0,0.0,7
109,0.0,1.0,0.0,7
110,0.0,1.0,0.0,7
111,0.0,1.0,0.0,7
112,0.0,1.0,0.0,7
113,0.0,1.0,0.0,7
114,0.0,1.0,0.0,7
115,0.0,1.0,0.0,7
116,0.0,1.0,0.0,7
117,0.0,1.0,0.0,7
118,0.0,1.0,0.0,7
119,0.0,1.0,0.0,7
120,0.0,1.0,0.0,7
121,0.0,1.0,0.0,7
122,0.0,1.0,0.0,7
123,0.0,1.0,0.0,7
124,0.0,1.0,0.0,7
125,0.0,1.0,0.0,7
126,0.0,1.0,0.0,7
127,0.0,1.0,0.0,7
128,0.0,1.0,0.0,7
129,0.0,1.0,0.0,7
130,0.0,1.0,0.0,7
131,0.0,1.0,0.0,7
132,0.0,1.0,0.0,7
133,0.0,1.0,0.0,7
134,0.0,1.0,0.0,7
135,0.0,1.0,0.0,7
136,0.0,1.0,0.0,7
137,0.0,1.0,0.0,7
138,0.0,1.0,0.0,7
139,0.0,1.0,0.0,7
140,0.0,1.0,0.0,7
141,0.0,1.0,0.0,7
142,0.0,1.0,0.0,7
143,0.0,1.0,0.0,7
144,0.0,1.0,0.0,7
145,0.0,1.0,0.0,7
146,0.0,1.0,0.0,7
147,0.0,1.0,0.0,7
148,0.0,1.0,0.0,7
149,0.0,1.0,0.0,7
150,0.0,1.0,0.0,7
151,0.0,1.0,0.0,7
152,0.0,1.0,0.0,7
153,0.0,1.0,0.0,7
154,0.0,1.0,0.0,7
155,0.0,1.0,0.0,7
156,0.0,1.0,0.0,7
157,0.0,1.0,0.0,7
158,0.0,1.0,0.0,7
159,0.0,1.0,0.0,7
160,0.0,1.0,0.0,7
161,0.0,1.0,0.0,7
162,0.0,1.0,0.0,7
163,0.0,1.0,0.0,7
164,0.0,1.0,0.0,7
165,0.0,1.0,0.0,7
166,0.0,1.0,0.0,7
167,0.0,1.0,0.0,7
168,0.0,1.0,0.0,7
169,0.0,1.0,0.0,7
170,0.0,1.0,0.0,7
171,0.0,1.0,0.0,7
172,0.0,1.0,0.0,7
173,0.0,1.0,0.0,7
174,0.0,1.0,0.0,7
175,0.0,1.0,0.0,7
176,0.0,1.0,0.0,7
177,0.0,1.0,0.0,7
178,0.0,1.0,0.0,7
179,0.0,1.0,0.0,7
180,0.0,1.0,0.0,7
181,0.0,1.0,0.0,7
182,0.0,1.0,0.0,7
183,0.0,1.0,0.0,7
184,0.0,1.0,0.0,7
185,0.0,1.0,0.0,7
186,0.0,1.0,0.0,7
187,0.0,1.0,0.0,7
188,0.0,1.0,0.0,7
189,0.0,1.0,0.0,7
190,0.0,1.0,0.0,7
191,0.0,1.0,0.0,7
192,0.0,1.0,0.0,7
193,0.0,1.0,0.0,7
194,0.0,1.0,0.0,7
195,0.0,1.0,0.0,7
196,0.0,1.0,0.0,7
197,0.0,1.0,0.0,7
198,0.0,1.0,0.0,7
199,0.0,1.0,0.0,7
200,0.0,1.0,0.0,7
0,0.3405,0.3206,0.3389,8
1,0.5119,0.4498,0.0383,8
2,0.1064,0.8146,0.079,8
3,0.0262,0.7454,0.2284,8
4,0.0261,0.5561,0.4178,8
5,0.0604,0.3491,0.5905,8
6,0.103,0.1767,0.7203,8
7,0.1609,0.0778,0.7613,8
8,0.2183,0.0628,0.7189,8
9,0.2714,0.0802,0.6484,8
10,0.318,0.1137,0.5683,8
11,0.3675,0.1499,0.4826,8
12,0.4062,0.1842,0.4096,8
13,0.447,0.2035,0.3495,8
14,0.4538,0.2445,0.3017,8
15,0.4413,0.2735,0.2852,8
16,0.3936,0.32,0.2864,8
17,0.3436,0.3378,0.3186,8
18,0.3074,0.3465,0.3461,8
19,0.2673,0.3653,0.3674,8
20,0.2027,0.4269,0.3704,8
21,0.1449,0.477,0.3781,8
22,0.1112,0.5134,0.3754,8
23,0.1162,0.5104,0.3734,8
24,0.1082,0.5008,0.391,8
25,0.1019,0.4994,0.3987,8
26,0.0982,0.5401,0.3617,8
27,0.1119,0.5664,0.3217,8
28,0.1092,0.6017,0.2891,8
29,0.1045,0.6285,0.267,8
30,0.1134,0.6294,0.2572,8
31,0.1045,0.6379,0.2576,8
32,0.0929,0.6315,0.2756,8
33,0.0817,0.6077,0.3106,8
34,0.0755,0.559,0.3655,8
35,0.0847,0.4768,0.4385,8
36,0.0785,0.415,0.5065,8
37,0.0955,0.3166,0.5879,8
38,0.0999,0.2659,0.6342,8
39,0.1214,0.2005,0.6781,8
40,0.1322,0.2009,0.6669,8
41,0.1529,0.2181,0.629,8
42,0.1551,0.2685,0.5764,8
43,0.1842,0.2648,0.551,8
44,0.189,0.3147,0.4963,8
45,0.2049,0.3346,0.4605,8
46,0.2001,0.3793,0.4206,8
47,0.1811,0.3938,0.4251,8
48,0.1963,0.3805,0.4232,8
49,0.2414,0.3299,0.4287,8
50,0.2028,0.4184,0.3788,8
51,0.2007,0.3879,0.4114,8
52,0.1962,0.3605,0.4433,8
53,0.2103,0.3392,0.4505,8
54,0.2117,0.3661,0.4222,8
55,0.2322,0.3511,0.4167,8
56,0.2045,0.3769,0.4186,8
57,0.1843,0.3891,0.4266,8
58,0.1836,0.389,0.4274,8
59,0.2159,0.3209,0.4632,8
60,0.2361,0.3138,0.4501,8
61,0.2722,0.3179,0.4099,8
62,0.2594,0.3858,0.3548,8
63,0.2651,0.4006,0.3343,8
64,0.2085,0.4543,0.3372,8
65,0.1997,0.4302,0.3701,8
66,0.2143,0.3716,0.4141,8
67,0.2225,0.3172,0.4603,8
68,0.2184,0.3341,0.4475,8
69,0.2191,0.3504,0.4305,8
70,0.225,0.3595,0.4155,8
71,0.226,0.3758,0.3982,8
72,0.2131,0.3828,0.4041,8
73,0.2194,0.3487,0.4319,8
74,0.2294,0.324,0.4466,8
75,0.2356,0.3322,0.4322,8
76,0.2056,0.3758,0.4186,8
77,0.2069,0.3886,0.4045,8
78,0.2111,0.3895,0.3994,8
79,0.2212,0.3991,0.3797,8
80,0.1979,0.4371,0.365,8
81,0.1831,0.4404,0.3765,8
82,0.1805,0.4015,0.418,8
83,0.2014,0.3586,0.44,8
84,0.1916,0.3282,0.4802,8
85,0.2079,0.3087,0.4834,8
86,0.236,0.2977,0.4663,8
87,0.2466,0.3264,0.427,8
88,0.2273,0.3739,0.3988,8
89,0.212,0.3894,0.3986,8
90,0.2044,0.3692,0.4264,8
91,0.1849,0.3492,0.4659,8
92,0.1882,0.3144,0.4974,8
93,0.2137,0.2933,0.493,8
94,0.2298,0.3097,0.4605,8
95,0.2404,0.347,0.4126,8
96,0.2633,0.3592,0.3775,8
97,0.2124,0.4391,0.3485,8
98,0.1818,0.4429,0.3753,8
99,0.1643,0.3982,0.4375,8
100,0.1783,0.3248,0.4969,8
101,0.1926,0.2905,0.5169,8
102,0.2087,0.3209,0.4704,8
103,0.2415,0.3524,0.4061,8
104,0.2178,0.428,0.3542,8
105,0.1926,0.4719,0.3355,8
106,0.185,0.4754,0.3396,8
107,0.169,0.4456,0.3854,8
108,0.1659,0.3914,0.4427,8
109,0.1923,0.3362,0.4715,8
110,0.2204,0.3004,0.4792,8
111,0.2232,0.3219,0.4549,8
112,0.2368,0.3261,0.4371,8
113,0.2238,0.3597,0.4165,8
114,0.2387,0.3661,0.3952,8
115,0.2059,0.378,0.4161,8
116,0.2046,0.3617,0.4337,8
117,0.1963,0.3495,0.4542,8
118,0.2165,0.3293,0.4542,8
119,0.243,0.3369,0.4201,8
120,0.2281,0.3831,0.3888,8
121,0.226,0.3963,0.3777,8
122,0.1968,0.4001,0.4031,8
123,0.1958,0.3703,0.4339,8
124,0.2067,0.3291,0.4642,8
125,0.2168,0.31,0.4732,8
126,0.2333,0.3305,0.4362,8
127,0.2238,0.3506,0.4256,8
128,0.2305,0.3524,0.4171,8
129,0.2425,0.3724,0.3851,8
130,0.2147,0.4083,0.377,8
131,0.2022,0.3977,0.4001,8
132,0.1898,0.3713,0.4389,8
133,0.2012,0.348,0.4508,8
134,0.1958,0.3368,0.4674,8
135,0.2051,0.3373,0.4576,8
136,0.1843,0.3958,0.4199,8
137,0.2011,0.3795,0.4194,8
138,0.2109,0.3747,0.4144,8
139,0.2285,0.3651,0.4064,8
140,0.2093,0.3882,0.4025,8
141,0.2059,0.3788,0.4153,8
142,0.2096,0.3694,0.421,8
143,0.2011,0.3743,0.4246,8
144,0.2013,0.3729,0.4258,8
145,0.199,0.3842,0.4168,8
146,0.1963,0.406,0.3977,8
147,0.1932,0.3928,0.414,8
148,0.1786,0.3951,0.4263,8
149,0.1531,0.3908,0.4561,8
150,0.1612,0.3645,0.4743,8
151,0.1733,0.3481,0.4786,8
152,0.1804,0.3698,0.4498,8
153,0.1739,0.4077,0.4184,8
154,0.1669,0.4209,0.4122,8
155,0.1692,0.4221,0.4087,8
156,0.1762,0.4267,0.3971,8
157,0.1755,0.4481,0.3764,8
158,0.1638,0.4561,0.3801,8
159,0.1637,0.4431,0.3932,8
160,0.1568,0.4219,0.4213,8
161,0.1509,0.3949,0.4542,8
162,0.1706,0.3128,0.5166,8
163,0.1588,0.3019,0.5393,8
164,0.1736,0.2763,0.5501,8
165,0.1876,0.2806,0.5318,8
166,0.1975,0.2842,0.5183,8
167,0.1905,0.303,0.5065,8
168,0.2054,0.321,0.4736,8
169,0.207,0.3626,0.4304,8
170,0.2255,0.3577,0.4168,8
171,0.2229,0.3931,0.384,8
172,0.2028,0.4046,0.3926,8
173,0.2011,0.3789,0.42,8
174,0.2188,0.378,0.4032,8
175,0.21,0.4081,0.3819,8
176,0.2324,0.383,0.3846,8
177,0.2335,0.3897,0.3768,8
178,0.2233,0.3841,0.3926,8
179,0.19,0.4008,0.4092,8
180,0.2081,0.3601,0.4318,8
181,0.2175,0.3594,0.4231,8
182,0.2252,0.3982,0.3766,8
183,0.2328,0.4165,0.3507,8
184,0.2257,0.4157,0.3586,8
185,0.1946,0.4117,0.3937,8
186,0.1937,0.3644,0.4419,8
187,0.2337,0.3063,0.46,8
188,0.2685,0.293,0.4385,8
189,0.2717,0.3414,0.3869,8
190,0.2305,0.4241,0.3454,8
191,0.2254,0.4252,0.3494,8
192,0.202,0.4101,0.3879,8
193,0.201,0.3667,0.4323,8
194,0.217,0.3313,0.4517,8
195,0.2328,0.3083,0.4589,8
196,0.2332,0.3124,0.4544,8
197,0.2177,0.3613,0.421,8
198,0.2302,0.3644,0.4054,8
199,0.2331,0.3735,0.3934,8
200,0.2368,0.3634,0.3998,8
0,0.3349,0.3378,0.3273,9
1,0.4274,0.5118,0.0608,9
2,0.0706,0.7833,0.1461,9
3,0.0275,0.6008,0.3717,9
4,0.0531,0.3313,0.6156,9
5,0.0916,0.1413,0.7671,9
6,0.1469,0.0579,0.7952,9
7,0.209,0.0686,0.7224,9
8,0.2722,0.1026,0.6252,9
9,0.3003,0.1541,0.5456,9
10,0.2854,0.2165,0.4981,9
11,0.2579,0.2715,0.4706,9
12,0.2537,0.2848,0.4615,9
13,0.217,0.3268,0.4562,9
14,0.1846,0.3595,0.4559,9
15,0.1684,0.3797,0.4519,9
16,0.1583,0.3717,0.47,9
17,0.1163,0.3759,0.5078,9
18,0.099,0.3438,0.5572,9
19,0.0928,0.3095,0.5977,9
20,0.0803,0.2595,0.6602,9
21,0.062,0.208,0.73,9
22,0.0768,0.1425,0.7807,9
23,0.1125,0.123,0.7645,9
24,0.151,0.1478,0.7012,9
25,0.174,0.1825,0.6435,9
26,0.1638,0.2447,0.5915,9
27,0.162,0.2621,0.5759,9
28,0.1595,0.3097,0.5308,9
29,0.1753,0.3201,0.5046,9
30,0.181,0.3517,0.4673,9
31,0.2309,0.3248,0.4443,9
32,0.2655,0.3468,0.3877,9
33,0.3213,0.3504,0.3283,9
34,0.2753,0.404,0.3207,9
35,0.2447,0.411,0.3443,9
36,0.1968,0.4323,0.3709,9
37,0.1964,0.4049,0.3987,9
38,0.2112,0.3652,0.4236,9
39,0.2144,0.3561,0.4295,9
