Generation,O,Y,B,sim
0,0.3348,0.3358,0.3294,1
1,0.7113,0.2476,0.0411,1
2,0.2129,0.7847,0.0024,1
3,0.0172,0.9792,0.0036,1
4,0.0026,0.9896,0.0078,1
5,0.0029,0.9836,0.0135,1
6,0.0035,0.9758,0.0207,1
7,0.0044,0.9659,0.0297,1
8,0.0046,0.9549,0.0405,1
9,0.004,0.9429,0.0531,1
10,0.0036,0.9287,0.0677,1
11,0.0046,0.9114,0.084,1
12,0.0065,0.8915,0.102,1
13,0.0086,0.8697,0.1217,1
14,0.0106,0.8466,0.1428,1
15,0.0126,0.823,0.1644,1
16,0.0143,0.7982,0.1875,1
17,0.0153,0.7739,0.2108,1
18,0.0167,0.7485,0.2348,1
19,0.0194,0.7217,0.2589,1
20,0.0217,0.6952,0.2831,1
21,0.0237,0.6683,0.308,1
22,0.026,0.6406,0.3334,1
23,0.0285,0.6128,0.3587,1
24,0.0316,0.5838,0.3846,1
25,0.0345,0.5564,0.4091,1
26,0.0369,0.5301,0.433,1
27,0.0402,0.5025,0.4573,1
28,0.0437,0.4749,0.4814,1
29,0.0475,0.4461,0.5064,1
30,0.048,0.4198,0.5322,1
31,0.0481,0.3935,0.5584,1
32,0.0504,0.3652,0.5844,1
33,0.0541,0.3356,0.6103,1
34,0.0602,0.3042,0.6356,1
35,0.0653,0.2752,0.6595,1
36,0.0671,0.2499,0.683,1
37,0.0669,0.2314,0.7017,1
38,0.0697,0.2216,0.7087,1
39,0.07,0.2168,0.7132,1
40,0.0734,0.2127,0.7139,1
41,0.0785,0.2097,0.7118,1
42,0.0776,0.2143,0.7081,1
43,0.0768,0.2164,0.7068,1
44,0.0825,0.2139,0.7036,1
45,0.085,0.2203,0.6947,1
46,0.0883,0.2279,0.6838,1
47,0.0902,0.2371,0.6727,1
48,0.092,0.2475,0.6605,1
49,0.0944,0.2563,0.6493,1
50,0.0973,0.2621,0.6406,1
51,0.1025,0.2663,0.6312,1
52,0.1111,0.2683,0.6206,1
53,0.1183,0.272,0.6097,1
54,0.1211,0.281,0.5979,1
55,0.1208,0.2963,0.5829,1
56,0.1261,0.3074,0.5665,1
57,0.1337,0.3195,0.5468,1
58,0.1405,0.3346,0.5249,1
59,0.1453,0.3502,0.5045,1
60,0.144,0.369,0.487,1
61,0.1505,0.3803,0.4692,1
62,0.1495,0.3989,0.4516,1
63,0.1481,0.4178,0.4341,1
64,0.1472,0.4323,0.4205,1
65,0.1494,0.4389,0.4117,1
66,0.1418,0.4535,0.4047,1
67,0.1353,0.4653,0.3994,1
68,0.1317,0.4753,0.393,1
69,0.1348,0.4757,0.3895,1
70,0.1294,0.4828,0.3878,1
71,0.1316,0.4776,0.3908,1
72,0.1368,0.4702,0.393,1
73,0.1383,0.4672,0.3945,1
74,0.151,0.4535,0.3955,1
75,0.1457,0.4634,0.3909,1
76,0.1492,0.4616,0.3892,1
77,0.1529,0.4576,0.3895,1
78,0.1512,0.4613,0.3875,1
79,0.1522,0.4676,0.3802,1
80,0.1505,0.4824,0.3671,1
81,0.1508,0.4979,0.3513,1
82,0.1451,0.5179,0.337,1
83,0.1471,0.5278,0.3251,1
84,0.1541,0.5363,0.3096,1
85,0.1554,0.5515,0.2931,1
86,0.1588,0.5587,0.2825,1
87,0.162,0.5651,0.2729,1
88,0.158,0.5768,0.2652,1
89,0.1492,0.5882,0.2626,1
90,0.1516,0.5837,0.2647,1
91,0.1434,0.5908,0.2658,1
92,0.1313,0.597,0.2717,1
93,0.1371,0.5807,0.2822,1
94,0.1461,0.5662,0.2877,1
95,0.1486,0.5606,0.2908,1
96,0.1562,0.5518,0.292,1
97,0.1591,0.5483,0.2926,1
98,0.1487,0.5579,0.2934,1
99,0.1452,0.5639,0.2909,1
100,0.148,0.5641,0.2879,1
101,0.1469,0.5678,0.2853,1
102,0.1555,0.5636,0.2809,1
103,0.1484,0.5737,0.2779,1
104,0.1504,0.5721,0.2775,1
105,0.1506,0.572,0.2774,1
106,0.1445,0.5758,0.2797,1
107,0.1483,0.5685,0.2832,1
108,0.1566,0.5583,0.2851,1
109,0.1612,0.5519,0.2869,1
110,0.1644,0.5502,0.2854,1
111,0.172,0.5478,0.2802,1
112,0.1731,0.5508,0.2761,1
113,0.1737,0.5553,0.271,1
114,0.1653,0.5704,0.2643,1
115,0.1592,0.5821,0.2587,1
116,0.1507,0.5954,0.2539,1
117,0.1555,0.589,0.2555,1
118,0.1408,0.5988,0.2604,1
119,0.1332,0.5996,0.2672,1
120,0.1424,0.5824,0.2752,1
121,0.1493,0.5707,0.28,1
122,0.1562,0.56,0.2838,1
123,0.1557,0.5532,0.2911,1
124,0.1534,0.5498,0.2968,1
125,0.1565,0.5413,0.3022,1
126,0.1575,0.5359,0.3066,1
127,0.1563,0.5328,0.3109,1
128,0.1551,0.5312,0.3137,1
129,0.1561,0.5275,0.3164,1
130,0.159,0.5262,0.3148,1
131,0.1625,0.5236,0.3139,1
132,0.1565,0.5391,0.3044,1
133,0.1629,0.5428,0.2943,1
134,0.1668,0.5504,0.2828,1
135,0.1557,0.5729,0.2714,1
136,0.1547,0.5775,0.2678,1
137,0.1521,0.5773,0.2706,1
138,0.1343,0.5896,0.2761,1
139,0.1384,0.5736,0.288,1
140,0.1488,0.5531,0.2981,1
141,0.1501,0.55,0.2999,1
142,0.1635,0.5389,0.2976,1
143,0.1629,0.5448,0.2923,1
144,0.1581,0.554,0.2879,1
145,0.1601,0.5531,0.2868,1
146,0.1591,0.5579,0.283,1
147,0.1429,0.5767,0.2804,1
148,0.139,0.5728,0.2882,1
149,0.133,0.5753,0.2917,1
150,0.1318,0.5704,0.2978,1
151,0.1483,0.5505,0.3012,1
152,0.1514,0.5505,0.2981,1
153,0.1575,0.5527,0.2898,1
154,0.1719,0.5476,0.2805,1
155,0.1715,0.5583,0.2702,1
156,0.1671,0.5767,0.2562,1
157,0.167,0.5879,0.2451,1
158,0.1525,0.6037,0.2438,1
159,0.151,0.6003,0.2487,1
160,0.15,0.5985,0.2515,1
161,0.1497,0.5951,0.2552,1
162,0.1457,0.5969,0.2574,1
163,0.1503,0.5882,0.2615,1
164,0.1417,0.5908,0.2675,1
165,0.1444,0.5776,0.278,1
166,0.1479,0.5622,0.2899,1
167,0.1568,0.5477,0.2955,1
168,0.1697,0.5287,0.3016,1
169,0.1599,0.5359,0.3042,1
170,0.1702,0.5219,0.3079,1
171,0.1799,0.515,0.3051,1
172,0.174,0.528,0.298,1
173,0.1683,0.5405,0.2912,1
174,0.1667,0.5474,0.2859,1
175,0.154,0.5661,0.2799,1
176,0.1455,0.5768,0.2777,1
177,0.1498,0.5729,0.2773,1
178,0.1619,0.5646,0.2735,1
179,0.1606,0.5704,0.269,1
180,0.1633,0.5713,0.2654,1
181,0.1665,0.5679,0.2656,1
182,0.1679,0.5698,0.2623,1
183,0.1584,0.5838,0.2578,1
184,0.1495,0.5934,0.2571,1
185,0.1489,0.5902,0.2609,1
186,0.1556,0.5799,0.2645,1
187,0.158,0.5762,0.2658,1
188,0.161,0.5741,0.2649,1
189,0.1586,0.5753,0.2661,1
190,0.1472,0.5818,0.271,1
191,0.1352,0.5819,0.2829,1
192,0.126,0.5726,0.3014,1
193,0.127,0.5531,0.3199,1
194,0.1312,0.5325,0.3363,1
195,0.1448,0.5046,0.3506,1
196,0.1517,0.4847,0.3636,1
197,0.1645,0.4676,0.3679,1
198,0.166,0.4737,0.3603,1
199,0.1802,0.4687,0.3511,1
200,0.1725,0.4884,0.3391,1
0,0.3368,0.3332,0.33,2
1,0.7211,0.2412,0.0377,2
2,0.22,0.7795,0.0005,2
3,0.0218,0.9773,0.0009,2
4,0.0005,0.997,0.0025,2
5,0.0,0.9951,0.0049,2
6,0.0,0.9919,0.0081,2
7,0.0,0.9879,0.0121,2
8,0.0,0.9831,0.0169,2
9,0.0,0.9775,0.0225,2
10,0.0,0.9711,0.0289,2
11,0.0,0.9639,0.0361,2
12,0.0,0.9559,0.0441,2
13,0.0,0.9471,0.0529,2
14,0.0,0.9375,0.0625,2
15,0.0,0.9271,0.0729,2
16,0.0,0.9159,0.0841,2
17,0.0,0.9039,0.0961,2
18,0.0,0.8911,0.1089,2
19,0.0,0.8775,0.1225,2
20,0.0,0.8631,0.1369,2
21,0.0,0.8479,0.1521,2
22,0.0,0.8319,0.1681,2
23,0.0,0.8151,0.1849,2
24,0.0,0.7975,0.2025,2
25,0.0,0.7791,0.2209,2
26,0.0,0.7599,0.2401,2
27,0.0,0.7399,0.2601,2
28,0.0,0.7191,0.2809,2
29,0.0,0.6975,0.3025,2
30,0.0,0.6751,0.3249,2
31,0.0,0.6519,0.3481,2
32,0.0,0.6279,0.3721,2
33,0.0,0.6031,0.3969,2
34,0.0,0.5775,0.4225,2
35,0.0,0.5511,0.4489,2
36,0.0,0.5239,0.4761,2
37,0.0,0.4959,0.5041,2
38,0.0,0.4671,0.5329,2
39,0.0,0.4375,0.5625,2
40,0.0,0.4071,0.5929,2
41,0.0,0.3759,0.6241,2
42,0.0,0.3439,0.6561,2
43,0.0,0.3111,0.6889,2
44,0.0,0.2775,0.7225,2
45,0.0,0.2431,0.7569,2
46,0.0,0.2079,0.7921,2
47,0.0,0.1719,0.8281,2
48,0.0,0.1351,0.8649,2
49,0.0,0.0975,0.9025,2
50,0.0,0.0591,0.9409,2
51,0.0,0.0199,0.9801,2
52,0.0,0.0,1.0,2
53,0.0,0.0,1.0,2
54,0.0,0.0,1.0,2
55,0.0,0.0,1.0,2
56,0.0,0.0,1.0,2
57,0.0,0.0,1.0,2
58,0.0,0.0,1.0,2
59,0.0,0.0,1.0,2
60,0.0,0.0,1.0,2
61,0.0,0.0,1.0,2
62,0.0,0.0,1.0,2
63,0.0,0.0,1.0,2
64,0.0,0.0,1.0,2
65,0.0,0.0,1.0,2
66,0.0,0.0,1.0,2
67,0.0,0.0,1.0,2
68,0.0,0.0,1.0,2
69,0.0,0.0,1.0,2
70,0.0,0.0,1.0,2
71,0.0,0.0,1.0,2
72,0.0,0.0,1.0,2
73,0.0,0.0,1.0,2
74,0.0,0.0,1.0,2
75,0.0,0.0,1.0,2
76,0.0,0.0,1.0,2
77,0.0,0.0,1.0,2
78,0.0,0.0,1.0,2
79,0.0,0.0,1.0,2
80,0.0,0.0,1.0,2
81,0.0,0.0,1.0,2
82,0.0,0.0,1.0,2
83,0.0,0.0,1.0,2
84,0.0,0.0,1.0,2
85,0.0,0.0,1.0,2
86,0.0,0.0,1.0,2
87,0.0,0.0,1.0,2
88,0.0,0.0,1.0,2
89,0.0,0.0,1.0,2
90,0.0,0.0,1.0,2
91,0.0,0.0,1.0,2
92,0.0,0.0,1.0,2
93,0.0,0.0,1.0,2
94,0.0,0.0,1.0,2
95,0.0,0.0,1.0,2
96,0.0,0.0,1.0,2
97,0.0,0.0,1.0,2
98,0.0,0.0,1.0,2
99,0.0,0.0,1.0,2
100,0.0,0.0,1.0,2
101,0.0,0.0,1.0,2
102,0.0,0.0,1.0,2
103,0.0,0.0,1.0,2
104,0.0,0.0,1.0,2
105,0.0,0.0,1.0,2
106,0.0,0.0,1.0,2
107,0.0,0.0,1.0,2
108,0.0,0.0,1.0,2
109,0.0,0.0,1.0,2
110,0.0,0.0,1.0,2
111,0.0,0.0,1.0,2
112,0.0,0.0,1.0,2
113,0.0,0.0,1.0,2
114,0.0,0.0,1.0,2
115,0.0,0.0,1.0,2
116,0.0,0.0,1.0,2
117,0.0,0.0,1.0,2
118,0.0,0.0,1.0,2
119,0.0,0.0,1.0,2
120,0.0,0.0,1.0,2
121,0.0,0.0,1.0,2
122,0.0,0.0,1.0,2
123,0.0,0.0,1.0,2
124,0.0,0.0,1.0,2
125,0.0,0.0,1.0,2
126,0.0,0.0,1.0,2
127,0.0,0.0,1.0,2
128,0.0,0.0,1.0,2
129,0.0,0.0,1.0,2
130,0.0,0.0,1.0,2
131,0.0,0.0,1.0,2
132,0.0,0.0,1.0,2
133,0.0,0.0,1.0,2
134,0.0,0.0,1.0,2
135,0.0,0.0,1.0,2
136,0.0,0.0,1.0,2
137,0.0,0.0,1.0,2
138,0.0,0.0,1.0,2
139,0.0,0.0,1.0,2
140,0.0,0.0,1.0,2
141,0.0,0.0,1.0,2
142,0.0,0.0,1.0,2
143,0.0,0.0,1.0,2
144,0.0,0.0,1.0,2
145,0.0,0.0,1.0,2
146,0.0,0.0,1.0,2
147,0.0,0.0,1.0,2
148,0.0,0.0,1.0,2
149,0.0,0.0,1.0,2
150,0.0,0.0,1.0,2
151,0.0,0.0,1.0,2
152,0.0,0.0,1.0,2
153,0.0,0.0,1.0,2
154,0.0,0.0,1.0,2
155,0.0,0.0,1.0,2
156,0.0,0.0,1.0,2
157,0.0,0.0,1.0,2
158,0.0,0.0,1.0,2
159,0.0,0.0,1.0,2
160,0.0,0.0,1.0,2
161,0.0,0.0,1.0,2
162,0.0,0.0,1.0,2
163,0.0,0.0,1.0,2
164,0.0,0.0,1.0,2
165,0.0,0.0,1.0,2
166,0.0,0.0,1.0,2
167,0.0,0.0,1.0,2
168,0.0,0.0,1.0,2
169,0.0,0.0,1.0,2
170,0.0,0.0,1.0,2
171,0.0,0.0,1.0,2
172,0.0,0.0,1.0,2
173,0.0,0.0,1.0,2
174,0.0,0.0,1.0,2
175,0.0,0.0,1.0,2
176,0.0,0.0,1.0,2
177,0.0,0.0,1.0,2
178,0.0,0.0,1.0,2
179,0.0,0.0,1.0,2
180,0.0,0.0,1.0,2
181,0.0,0.0,1.0,2
182,0.0,0.0,1.0,2
183,0.0,0.0,1.0,2
184,0.0,0.0,1.0,2
185,0.0,0.0,1.0,2
186,0.0,0.0,1.0,2
187,0.0,0.0,1.0,2
188,0.0,0.0,1.0,2
189,0.0,0.0,1.0,2
190,0.0,0.0,1.0,2
191,0.0,0.0,1.0,2
192,0.0,0.0,1.0,2
193,0.0,0.0,1.0,2
194,0.0,0.0,1.0,2
195,0.0,0.0,1.0,2
196,0.0,0.0,1.0,2
197,0.0,0.0,1.0,2
198,0.0,0.0,1.0,2
199,0.0,0.0,1.0,2
200,0.0,0.0,1.0,2
0,0.3402,0.3357,0.3241,3
1,0.6913,0.2708,0.0379,3
2,0.1983,0.8,0.0017,3
3,0.0088,0.9878,0.0034,3
4,0.0,0.9902,0.0098,3
5,0.0,0.9806,0.0194,3
6,0.0,0.9678,0.0322,3
7,0.0,0.9518,0.0482,3
8,0.0,0.9326,0.0674,3
9,0.0,0.9102,0.0898,3
10,0.0,0.8846,0.1154,3
11,0.0,0.8558,0.1442,3
12,0.0,0.8238,0.1762,3
13,0.0,0.7886,0.2114,3
14,0.0,0.7502,0.2498,3
15,0.0,0.7134,0.2866,3
16,0.0,0.6742,0.3258,3
17,0.0,0.6326,0.3674,3
18,0.0,0.5886,0.4114,3
19,0.0,0.5422,0.4578,3
20,0.0,0.4961,0.5039,3
21,0.0,0.4517,0.5483,3
22,0.0,0.4119,0.5881,3
23,0.0,0.3741,0.6259,3
24,0.0,0.3371,0.6629,3
25,0.0,0.3009,0.6991,3
26,0.0,0.2711,0.7289,3
27,0.0,0.2413,0.7587,3
28,0.0,0.2115,0.7885,3
29,0.0,0.1872,0.8128,3
30,0.0,0.169,0.831,3
31,0.0,0.1516,0.8484,3
32,0.0,0.1353,0.8647,3
33,0.0,0.1204,0.8796,3
34,0.0,0.1066,0.8934,3
35,0.0,0.0938,0.9062,3
36,0.0,0.0818,0.9182,3
37,0.0,0.0706,0.9294,3
38,0.0,0.0602,0.9398,3
39,0.0,0.0506,0.9494,3
40,0.0,0.0418,0.9582,3
41,0.0,0.0338,0.9662,3
42,0.0,0.0266,0.9734,3
43,0.0,0.0202,0.9798,3
44,0.0,0.0146,0.9854,3
45,0.0,0.01,0.99,3
46,0.0,0.0064,0.9936,3
47,0.0,0.0036,0.9964,3
48,0.0,0.0016,0.9984,3
49,0.0,0.0004,0.9996,3
50,0.0,0.0,1.0,3
51,0.0,0.0,1.0,3
52,0.0,0.0,1.0,3
53,0.0,0.0,1.0,3
54,0.0,0.0,1.0,3
55,0.0,0.0,1.0,3
56,0.0,0.0,1.0,3
57,0.0,0.0,1.0,3
58,0.0,0.0,1.0,3
59,0.0,0.0,1.0,3
60,0.0,0.0,1.0,3
61,0.0,0.0,1.0,3
62,0.0,0.0,1.0,3
63,0.0,0.0,1.0,3
64,0.0,0.0,1.0,3
65,0.0,0.0,1.0,3
66,0.0,0.0,1.0,3
67,0.0,0.0,1.0,3
68,0.0,0.0,1.0,3
69,0.0,0.0,1.0,3
70,0.0,0.0,1.0,3
71,0.0,0.0,1.0,3
72,0.0,0.0,1.0,3
73,0.0,0.0,1.0,3
74,0.0,0.0,1.0,3
75,0.0,0.0,1.0,3
76,0.0,0.0,1.0,3
77,0.0,0.0,1.0,3
78,0.0,0.0,1.0,3
79,0.0,0.0,1.0,3
80,0.0,0.0,1.0,3
81,0.0,0.0,1.0,3
82,0.0,0.0,1.0,3
83,0.0,0.0,1.0,3
84,0.0,0.0,1.0,3
85,0.0,0.0,1.0,3
86,0.0,0.0,1.0,3
87,0.0,0.0,1.0,3
88,0.0,0.0,1.0,3
89,0.0,0.0,1.0,3
90,0.0,0.0,1.0,3
91,0.0,0.0,1.0,3
92,0.0,0.0,1.0,3
93,0.0,0.0,1.0,3
94,0.0,0.0,1.0,3
95,0.0,0.0,1.0,3
96,0.0,0.0,1.0,3
97,0.0,0.0,1.0,3
98,0.0,0.0,1.0,3
99,0.0,0.0,1.0,3
100,0.0,0.0,1.0,3
101,0.0,0.0,1.0,3
102,0.0,0.0,1.0,3
103,0.0,0.0,1.0,3
104,0.0,0.0,1.0,3
105,0.0,0.0,1.0,3
106,0.0,0.0,1.0,3
107,0.0,0.0,1.0,3
108,0.0,0.0,1.0,3
109,0.0,0.0,1.0,3
110,0.0,0.0,1.0,3
111,0.0,0.0,1.0,3
112,0.0,0.0,1.0,3
113,0.0,0.0,1.0,3
114,0.0,0.0,1.0,3
115,0.0,0.0,1.0,3
116,0.0,0.0,1.0,3
117,0.0,0.0,1.0,3
118,0.0,0.0,1.0,3
119,0.0,0.0,1.0,3
120,0.0,0.0,1.0,3
121,0.0,0.0,1.0,3
122,0.0,0.0,1.0,3
123,0.0,0.0,1.0,3
124,0.0,0.0,1.0,3
125,0.0,0.0,1.0,3
126,0.0,0.0,1.0,3
127,0.0,0.0,1.0,3
128,0.0,0.0,1.0,3
129,0.0,0.0,1.0,3
130,0.0,0.0,1.0,3
131,0.0,0.0,1.0,3
132,0.0,0.0,1.0,3
133,0.0,0.0,1.0,3
134,0.0,0.0,1.0,3
135,0.0,0.0,1.0,3
136,0.0,0.0,1.0,3
137,0.0,0.0,1.0,3
138,0.0,0.0,1.0,3
139,0.0,0.0,1.0,3
140,0.0,0.0,1.0,3
141,0.0,0.0,1.0,3
142,0.0,0.0,1.0,3
143,0.0,0.0,1.0,3
144,0.0,0.0,1.0,3
145,0.0,0.0,1.0,3
146,0.0,0.0,1.0,3
147,0.0,0.0,1.0,3
148,0.0,0.0,1.0,3
149,0.0,0.0,1.0,3
150,0.0,0.0,1.0,3
151,0.0,0.0,1.0,3
152,0.0,0.0,1.0,3
153,0.0,0.0,1.0,3
154,0.0,0.0,1.0,3
155,0.0,0.0,1.0,3
156,0.0,0.0,1.0,3
157,0.0,0.0,1.0,3
158,0.0,0.0,1.0,3
159,0.0,0.0,1.0,3
160,0.0,0.0,1.0,3
161,0.0,0.0,1.0,3
162,0.0,0.0,1.0,3
163,0.0,0.0,1.0,3
164,0.0,0.0,1.0,3
165,0.0,0.0,1.0,3
166,0.0,0.0,1.0,3
167,0.0,0.0,1.0,3
168,0.0,0.0,1.0,3
169,0.0,0.0,1.0,3
170,0.0,0.0,1.0,3
171,0.0,0.0,1.0,3
172,0.0,0.0,1.0,3
173,0.0,0.0,1.0,3
174,0.0,0.0,1.0,3
175,0.0,0.0,1.0,3
176,0.0,0.0,1.0,3
177,0.0,0.0,1.0,3
178,0.0,0.0,1.0,3
179,0.0,0.0,1.0,3
180,0.0,0.0,1.0,3
181,0.0,0.0,1.0,3
182,0.0,0.0,1.0,3
183,0.0,0.0,1.0,3
184,0.0,0.0,1.0,3
185,0.0,0.0,1.0,3
186,0.0,0.0,1.0,3
187,0.0,0.0,1.0,3
188,0.0,0.0,1.0,3
189,0.0,0.0,1.0,3
190,0.0,0.0,1.0,3
191,0.0,0.0,1.0,3
192,0.0,0.0,1.0,3
193,0.0,0.0,1.0,3
194,0.0,0.0,1.0,3
195,0.0,0.0,1.0,3
196,0.0,0.0,1.0,3
197,0.0,0.0,1.0,3
198,0.0,0.0,1.0,3
199,0.0,0.0,1.0,3
200,0.0,0.0,1.0,3
0,0.3358,0.3338,0.3304,4
1,0.7055,0.255,0.0395,4
2,0.1724,0.827,0.0006,4
3,0.01,0.99,0.0,4
4,0.0,1.0,0.0,4
5,0.0,1.0,0.0,4
6,0.0,1.0,0.0,4
7,0.0,1.0,0.0,4
8,0.0,1.0,0.0,4
9,0.0,1.0,0.0,4
10,0.0,1.0,0.0,4
11,0.0,1.0,0.0,4
12,0.0,1.0,0.0,4
13,0.0,1.0,0.0,4
14,0.0,1.0,0.0,4
15,0.0,1.0,0.0,4
16,0.0,1.0,0.0,4
17,0.0,1.0,0.0,4
18,0.0,1.0,0.0,4
19,0.0,1.0,0.0,4
20,0.0,1.0,0.0,4
21,0.0,1.0,0.0,4
22,0.0,1.0,0.0,4
23,0.0,1.0,0.0,4
24,0.0,1.0,0.0,4
25,0.0,1.0,0.0,4
26,0.0,1.0,0.0,4
27,0.0,1.0,0.0,4
28,0.0,1.0,0.0,4
29,0.0,1.0,0.0,4
30,0.0,1.0,0.0,4
31,0.0,1.0,0.0,4
32,0.0,1.0,0.0,4
33,0.0,1.0,0.0,4
34,0.0,1.0,0.0,4
35,0.0,1.0,0.0,4
36,0.0,1.0,0.0,4
37,0.0,1.0,0.0,4
38,0.0,1.0,0.0,4
39,0.0,1.0,0.0,4
40,0.0,1.0,0.0,4
41,0.0,1.0,0.0,4
42,0.0,1.0,0.0,4
43,0.0,1.0,0.0,4
44,0.0,1.0,0.0,4
45,0.0,1.0,0.0,4
46,0.0,1.0,0.0,4
47,0.0,1.0,0.0,4
48,0.0,1.0,0.0,4
49,0.0,1.0,0.0,4
50,0.0,1.0,0.0,4
51,0.0,1.0,0.0,4
52,0.0,1.0,0.0,4
53,0.0,1.0,0.0,4
54,0.0,1.0,0.0,4
55,0.0,1.0,0.0,4
56,0.0,1.0,0.0,4
57,0.0,1.0,0.0,4
58,0.0,1.0,0.0,4
59,0.0,1.0,0.0,4
60,0.0,1.0,0.0,4
61,0.0,1.0,0.0,4
62,0.0,1.0,0.0,4
63,0.0,1.0,0.0,4
64,0.0,1.0,0.0,4
65,0.0,1.0,0.0,4
66,0.0,1.0,0.0,4
67,0.0,1.0,0.0,4
68,0.0,1.0,0.0,4
69,0.0,1.0,0.0,4
70,0.0,1.0,0.0,4
71,0.0,1.0,0.0,4
72,0.0,1.0,0.0,4
73,0.0,1.0,0.0,4
74,0.0,1.0,0.0,4
75,0.0,1.0,0.0,4
76,0.0,1.0,0.0,4
77,0.0,1.0,0.0,4
78,0.0,1.0,0.0,4
79,0.0,1.0,0.0,4
80,0.0,1.0,0.0,4
81,0.0,1.0,0.0,4
82,0.0,1.0,0.0,4
83,0.0,1.0,0.0,4
84,0.0,1.0,0.0,4
85,0.0,1.0,0.0,4
86,0.0,1.0,0.0,4
87,0.0,1.0,0.0,4
88,0.0,1.0,0.0,4
89,0.0,1.0,0.0,4
90,0.0,1.0,0.0,4
91,0.0,1.0,0.0,4
92,0.0,1.0,0.0,4
93,0.0,1.0,0.0,4
94,0.0,1.0,0.0,4
95,0.0,1.0,0.0,4
96,0.0,1.0,0.0,4
97,0.0,1.0,0.0,4
98,0.0,1.0,0.0,4
99,0.0,1.0,0.0,4
100,0.0,1.0,0.0,4
101,0.0,1.0,0.0,4
102,0.0,1.0,0.0,4
103,0.0,1.0,0.0,4
104,0.0,1.0,0.0,4
105,0.0,1.0,0.0,4
106,0.0,1.0,0.0,4
107,0.0,1.0,0.0,4
108,0.0,1.0,0.0,4
109,0.0,1.0,0.0,4
110,0.0,1.0,0.0,4
111,0.0,1.0,0.0,4
112,0.0,1.0,0.0,4
113,0.0,1.0,0.0,4
114,0.0,1.0,0.0,4
115,0.0,1.0,0.0,4
116,0.0,1.0,0.0,4
117,0.0,1.0,0.0,4
118,0.0,1.0,0.0,4
119,0.0,1.0,0.0,4
120,0.0,1.0,0.0,4
121,0.0,1.0,0.0,4
122,0.0,1.0,0.0,4
123,0.0,1.0,0.0,4
124,0.0,1.0,0.0,4
125,0.0,1.0,0.0,4
126,0.0,1.0,0.0,4
127,0.0,1.0,0.0,4
128,0.0,1.0,0.0,4
129,0.0,1.0,0.0,4
130,0.0,1.0,0.0,4
131,0.0,1.0,0.0,4
132,0.0,1.0,0.0,4
133,0.0,1.0,0.0,4
134,0.0,1.0,0.0,4
135,0.0,1.0,0.0,4
136,0.0,1.0,0.0,4
137,0.0,1.0,0.0,4
138,0.0,1.0,0.0,4
139,0.0,1.0,0.0,4
140,0.0,1.0,0.0,4
141,0.0,1.0,0.0,4
142,0.0,1.0,0.0,4
143,0.0,1.0,0.0,4
144,0.0,1.0,0.0,4
145,0.0,1.0,0.0,4
146,0.0,1.0,0.0,4
147,0.0,1.0,0.0,4
148,0.0,1.0,0.0,4
149,0.0,1.0,0.0,4
150,0.0,1.0,0.0,4
151,0.0,1.0,0.0,4
152,0.0,1.0,0.0,4
153,0.0,1.0,0.0,4
154,0.0,1.0,0.0,4
155,0.0,1.0,0.0,4
156,0.0,1.0,0.0,4
157,0.0,1.0,0.0,4
158,0.0,1.0,0.0,4
159,0.0,1.0,0.0,4
160,0.0,1.0,0.0,4
161,0.0,1.0,0.0,4
162,0.0,1.0,0.0,4
163,0.0,1.0,0.0,4
164,0.0,1.0,0.0,4
165,0.0,1.0,0.0,4
166,0.0,1.0,0.0,4
167,0.0,1.0,0.0,4
168,0.0,1.0,0.0,4
169,0.0,1.0,0.0,4
170,0.0,1.0,0.0,4
171,0.0,1.0,0.0,4
172,0.0,1.0,0.0,4
173,0.0,1.0,0.0,4
174,0.0,1.0,0.0,4
175,0.0,1.0,0.0,4
176,0.0,1.0,0.0,4
177,0.0,1.0,0.0,4
178,0.0,1.0,0.0,4
179,0.0,1.0,0.0,4
180,0.0,1.0,0.0,4
181,0.0,1.0,0.0,4
182,0.0,1.0,0.0,4
183,0.0,1.0,0.0,4
184,0.0,1.0,0.0,4
185,0.0,1.0,0.0,4
186,0.0,1.0,0.0,4
187,0.0,1.0,0.0,4
188,0.0,1.0,0.0,4
189,0.0,1.0,0.0,4
190,0.0,1.0,0.0,4
191,0.0,1.0,0.0,4
192,0.0,1.0,0.0,4
193,0.0,1.0,0.0,4
194,0.0,1.0,0.0,4
195,0.0,1.0,0.0,4
196,0.0,1.0,0.0,4
197,0.0,1.0,0.0,4
198,0.0,1.0,0.0,4
199,0.0,1.0,0.0,4
200,0.0,1.0,0.0,4
0,0.3351,0.3317,0.3332,5
1,0.7152,0.2502,0.0346,5
2,0.1814,0.8178,0.0008,5
3,0.0094,0.9906,0.0,5
4,0.0,1.0,0.0,5
5,0.0,1.0,0.0,5
6,0.0,1.0,0.0,5
7,0.0,1.0,0.0,5
8,0.0,1.0,0.0,5
9,0.0,1.0,0.0,5
10,0.0,1.0,0.0,5
11,0.0,1.0,0.0,5
12,0.0,1.0,0.0,5
13,0.0,1.0,0.0,5
14,0.0,1.0,0.0,5
15,0.0,1.0,0.0,5
16,0.0,1.0,0.0,5
17,0.0,1.0,0.0,5
18,0.0,1.0,0.0,5
19,0.0,1.0,0.0,5
20,0.0,1.0,0.0,5
21,0.0,1.0,0.0,5
22,0.0,1.0,0.0,5
23,0.0,1.0,0.0,5
24,0.0,1.0,0.0,5
25,0.0,1.0,0.0,5
26,0.0,1.0,0.0,5
27,0.0,1.0,0.0,5
28,0.0,1.0,0.0,5
29,0.0,1.0,0.0,5
30,0.0,1.0,0.0,5
31,0.0,1.0,0.0,5
32,0.0,1.0,0.0,5
33,0.0,1.0,0.0,5
34,0.0,1.0,0.0,5
35,0.0,1.0,0.0,5
36,0.0,1.0,0.0,5
37,0.0,1.0,0.0,5
38,0.0,1.0,0.0,5
39,0.0,1.0,0.0,5
40,0.0,1.0,0.0,5
41,0.0,1.0,0.0,5
42,0.0,1.0,0.0,5
43,0.0,1.0,0.0,5
44,0.0,1.0,0.0,5
45,0.0,1.0,0.0,5
46,0.0,1.0,0.0,5
47,0.0,1.0,0.0,5
48,0.0,1.0,0.0,5
49,0.0,1.0,0.0,5
50,0.0,1.0,0.0,5
51,0.0,1.0,0.0,5
52,0.0,1.0,0.0,5
53,0.0,1.0,0.0,5
54,0.0,1.0,0.0,5
55,0.0,1.0,0.0,5
56,0.0,1.0,0.0,5
57,0.0,1.0,0.0,5
58,0.0,1.0,0.0,5
59,0.0,1.0,0.0,5
60,0.0,1.0,0.0,5
61,0.0,1.0,0.0,5
62,0.0,1.0,0.0,5
63,0.0,1.0,0.0,5
64,0.0,1.0,0.0,5
65,0.0,1.0,0.0,5
66,0.0,1.0,0.0,5
67,0.0,1.0,0.0,5
68,0.0,1.0,0.0,5
69,0.0,1.0,0.0,5
70,0.0,1.0,0.0,5
71,0.0,1.0,0.0,5
72,0.0,1.0,0.0,5
73,0.0,1.0,0.0,5
74,0.0,1.0,0.0,5
75,0.0,1.0,0.0,5
76,0.0,1.0,0.0,5
77,0.0,1.0,0.0,5
78,0.0,1.0,0.0,5
79,0.0,1.0,0.0,5
80,0.0,1.0,0.0,5
81,0.0,1.0,0.0,5
82,0.0,1.0,0.0,5
83,0.0,1.0,0.0,5
84,0.0,1.0,0.0,5
85,0.0,1.0,0.0,5
86,0.0,1.0,0.0,5
87,0.0,1.0,0.0,5
88,0.0,1.0,0.0,5
89,0.0,1.0,0.0,5
90,0.0,1.0,0.0,5
91,0.0,1.0,0.0,5
92,0.0,1.0,0.0,5
93,0.0,1.0,0.0,5
94,0.0,1.0,0.0,5
95,0.0,1.0,0.0,5
96,0.0,1.0,0.0,5
97,0.0,1.0,0.0,5
98,0.0,1.0,0.0,5
99,0.0,1.0,0.0,5
100,0.0,1.0,0.0,5
101,0.0,1.0,0.0,5
102,0.0,1.0,0.0,5
103,0.0,1.0,0.0,5
104,0.0,1.0,0.0,5
105,0.0,1.0,0.0,5
106,0.0,1.0,0.0,5
107,0.0,1.0,0.0,5
108,0.0,1.0,0.0,5
109,0.0,1.0,0.0,5
110,0.0,1.0,0.0,5
111,0.0,1.0,0.0,5
112,0.0,1.0,0.0,5
113,0.0,1.0,0.0,5
114,0.0,1.0,0.0,5
115,0.0,1.0,0.0,5
116,0.0,1.0,0.0,5
117,0.0,1.0,0.0,5
118,0.0,1.0,0.0,5
119,0.0,1.0,0.0,5
120,0.0,1.0,0.0,5
121,0.0,1.0,0.0,5
122,0.0,1.0,0.0,5
123,0.0,1.0,0.0,5
124,0.0,1.0,0.0,5
125,0.0,1.0,0.0,5
126,0.0,1.0,0.0,5
127,0.0,1.0,0.0,5
128,0.0,1.0,0.0,5
129,0.0,1.0,0.0,5
130,0.0,1.0,0.0,5
131,0.0,1.0,0.0,5
132,0.0,1.0,0.0,5
133,0.0,1.0,0.0,5
134,0.0,1.0,0.0,5
135,0.0,1.0,0.0,5
136,0.0,1.0,0.0,5
137,0.0,1.0,0.0,5
138,0.0,1.0,0.0,5
139,0.0,1.0,0.0,5
140,0.0,1.0,0.0,5
141,0.0,1.0,0.0,5
142,0.0,1.0,0.0,5
143,0.0,1.0,0.0,5
144,0.0,1.0,0.0,5
145,0.0,1.0,0.0,5
146,0.0,1.0,0.0,5
147,0.0,1.0,0.0,5
148,0.0,1.0,0.0,5
149,0.0,1.0,0.0,5
150,0.0,1.0,0.0,5
151,0.0,1.0,0.0,5
152,0.0,1.0,0.0,5
153,0.0,1.0,0.0,5
154,0.0,1.0,0.0,5
155,0.0,1.0,0.0,5
156,0.0,1.0,0.0,5
157,0.0,1.0,0.0,5
158,0.0,1.0,0.0,5
159,0.0,1.0,0.0,5
160,0.0,1.0,0.0,5
161,0.0,1.0,0.0,5
162,0.0,1.0,0.0,5
163,0.0,1.0,0.0,5
164,0.0,1.0,0.0,5
165,0.0,1.0,0.0,5
166,0.0,1.0,0.0,5
167,0.0,1.0,0.0,5
168,0.0,1.0,0.0,5
169,0.0,1.0,0.0,5
170,0.0,1.0,0.0,5
171,0.0,1.0,0.0,5
172,0.0,1.0,0.0,5
173,0.0,1.0,0.0,5
174,0.0,1.0,0.0,5
175,0.0,1.0,0.0,5
176,0.0,1.0,0.0,5
177,0.0,1.0,0.0,5
178,0.0,1.0,0.0,5
179,0.0,1.0,0.0,5
180,0.0,1.0,0.0,5
181,0.0,1.0,0.0,5
182,0.0,1.0,0.0,5
183,0.0,1.0,0.0,5
184,0.0,1.0,0.0,5
185,0.0,1.0,0.0,5
186,0.0,1.0,0.0,5
187,0.0,1.0,0.0,5
188,0.0,1.0,0.0,5
189,0.0,1.0,0.0,5
190,0.0,1.0,0.0,5
191,0.0,1.0,0.0,5
192,0.0,1.0,0.0,5
193,0.0,1.0,0.0,5
194,0.0,1.0,0.0,5
195,0.0,1.0,0.0,5
196,0.0,1.0,0.0,5
197,0.0,1.0,0.0,5
198,0.0,1.0,0.0,5
199,0.0,1.0,0.0,5
200,0.0,1.0,0.0,5
0,0.3364,0.3342,0.3294,6
1,0.7194,0.2446,0.036,6
2,0.1961,0.8032,0.0007,6
3,0.0106,0.9871,0.0023,6
4,0.0011,0.9941,0.0048,6
5,0.0013,0.9904,0.0083,6
6,0.0019,0.9852,0.0129,6
7,0.0023,0.9795,0.0182,6
8,0.0022,0.9731,0.0247,6
9,0.0027,0.9646,0.0327,6
10,0.0032,0.9551,0.0417,6
11,0.0044,0.9436,0.052,6
12,0.0058,0.9309,0.0633,6
13,0.007,0.9175,0.0755,6
14,0.0086,0.9024,0.089,6
15,0.0105,0.8854,0.1041,6
16,0.0118,0.8678,0.1204,6
17,0.0142,0.848,0.1378,6
18,0.0158,0.8276,0.1566,6
19,0.0186,0.8067,0.1747,6
20,0.0219,0.7867,0.1914,6
21,0.0238,0.7675,0.2087,6
22,0.0268,0.748,0.2252,6
23,0.0274,0.7318,0.2408,6
24,0.0286,0.7144,0.257,6
25,0.0305,0.6961,0.2734,6
26,0.0321,0.6777,0.2902,6
27,0.033,0.6592,0.3078,6
28,0.0345,0.6396,0.3259,6
29,0.0371,0.6187,0.3442,6
30,0.0388,0.5984,0.3628,6
31,0.04,0.5781,0.3819,6
32,0.0423,0.5565,0.4012,6
33,0.0414,0.5376,0.421,6
34,0.0443,0.5143,0.4414,6
35,0.0454,0.4931,0.4615,6
36,0.0461,0.4716,0.4823,6
37,0.0451,0.451,0.5039,6
38,0.0499,0.4305,0.5196,6
39,0.0511,0.4218,0.5271,6
40,0.0532,0.4125,0.5343,6
41,0.0547,0.4035,0.5418,6
42,0.0583,0.3925,0.5492,6
43,0.0601,0.3843,0.5556,6
44,0.0595,0.3791,0.5614,6
45,0.063,0.3703,0.5667,6
46,0.0635,0.3647,0.5718,6
47,0.0659,0.3571,0.577,6
48,0.0708,0.3469,0.5823,6
49,0.069,0.3538,0.5772,6
50,0.0661,0.3713,0.5626,6
51,0.0684,0.3851,0.5465,6
52,0.0706,0.4008,0.5286,6
53,0.0704,0.42,0.5096,6
54,0.0716,0.4373,0.4911,6
55,0.0759,0.4507,0.4734,6
56,0.0753,0.4698,0.4549,6
57,0.0771,0.4859,0.437,6
58,0.076,0.504,0.42,6
59,0.0751,0.5215,0.4034,6
60,0.0731,0.5394,0.3875,6
61,0.0686,0.5577,0.3737,6
62,0.0674,0.572,0.3606,6
63,0.0688,0.5815,0.3497,6
64,0.0706,0.5899,0.3395,6
65,0.0703,0.5999,0.3298,6
66,0.069,0.6098,0.3212,6
67,0.0685,0.6192,0.3123,6
68,0.0678,0.6263,0.3059,6
69,0.0706,0.6275,0.3019,6
70,0.0747,0.6268,0.2985,6
71,0.0805,0.6261,0.2934,6
72,0.082,0.6307,0.2873,6
73,0.0808,0.6372,0.282,6
74,0.0824,0.6372,0.2804,6
75,0.0824,0.6371,0.2805,6
76,0.0807,0.6361,0.2832,6
77,0.0839,0.6302,0.2859,6
78,0.0863,0.6247,0.289,6
79,0.0936,0.6148,0.2916,6
80,0.0952,0.6103,0.2945,6
81,0.0995,0.6016,0.2989,6
82,0.1024,0.5931,0.3045,6
83,0.0972,0.5927,0.3101,6
84,0.1015,0.5781,0.3204,6
85,0.1159,0.5541,0.33,6
86,0.121,0.5431,0.3359,6
87,0.1268,0.5319,0.3413,6
88,0.1308,0.5207,0.3485,6
89,0.1348,0.5092,0.356,6
90,0.1431,0.4945,0.3624,6
91,0.1492,0.4826,0.3682,6
92,0.1573,0.469,0.3737,6
93,0.1655,0.4568,0.3777,6
94,0.1577,0.4592,0.3831,6
95,0.1541,0.452,0.3939,6
96,0.1468,0.4554,0.3978,6
97,0.1458,0.4472,0.407,6
98,0.1454,0.4367,0.4179,6
99,0.1426,0.4277,0.4297,6
100,0.1407,0.4207,0.4386,6
101,0.1412,0.4136,0.4452,6
102,0.1407,0.4062,0.4531,6
103,0.1358,0.4015,0.4627,6
104,0.1418,0.3883,0.4699,6
105,0.1452,0.3804,0.4744,6
106,0.1398,0.3789,0.4813,6
107,0.1354,0.3758,0.4888,6
108,0.1379,0.3667,0.4954,6
109,0.1478,0.355,0.4972,6
110,0.1545,0.3522,0.4933,6
111,0.1618,0.3576,0.4806,6
112,0.162,0.3763,0.4617,6
113,0.1668,0.391,0.4422,6
114,0.1612,0.4152,0.4236,6
115,0.1658,0.4307,0.4035,6
116,0.17,0.4509,0.3791,6
117,0.166,0.4764,0.3576,6
118,0.1723,0.4864,0.3413,6
119,0.1816,0.4948,0.3236,6
120,0.1751,0.5155,0.3094,6
121,0.1721,0.5291,0.2988,6
122,0.1682,0.5386,0.2932,6
123,0.171,0.5376,0.2914,6
124,0.1667,0.5392,0.2941,6
125,0.1634,0.5358,0.3008,6
126,0.1669,0.5263,0.3068,6
127,0.1778,0.5116,0.3106,6
128,0.1807,0.506,0.3133,6
129,0.1878,0.4988,0.3134,6
130,0.189,0.5057,0.3053,6
131,0.1888,0.5133,0.2979,6
132,0.176,0.5258,0.2982,6
133,0.1657,0.5395,0.2948,6
134,0.1574,0.5476,0.295,6
135,0.152,0.5469,0.3011,6
136,0.1535,0.5422,0.3043,6
137,0.165,0.529,0.306,6
138,0.1744,0.5175,0.3081,6
139,0.1823,0.5123,0.3054,6
140,0.1903,0.5131,0.2966,6
141,0.1924,0.5221,0.2855,6
142,0.1884,0.5349,0.2767,6
143,0.1866,0.5426,0.2708,6
144,0.1679,0.5637,0.2684,6
145,0.1631,0.5674,0.2695,6
146,0.1634,0.5585,0.2781,6
147,0.1683,0.5427,0.289,6
148,0.1815,0.5271,0.2914,6
149,0.1885,0.5282,0.2833,6
150,0.1893,0.5318,0.2789,6
151,0.1832,0.5393,0.2775,6
152,0.1667,0.55,0.2833,6
153,0.1557,0.5488,0.2955,6
154,0.148,0.5435,0.3085,6
155,0.1524,0.5298,0.3178,6
156,0.1581,0.5188,0.3231,6
157,0.1565,0.5148,0.3287,6
158,0.1539,0.5067,0.3394,6
159,0.1597,0.493,0.3473,6
160,0.1641,0.4873,0.3486,6
161,0.161,0.4872,0.3518,6
162,0.1516,0.487,0.3614,6
163,0.1507,0.4831,0.3662,6
164,0.15,0.4871,0.3629,6
165,0.1495,0.4912,0.3593,6
166,0.1375,0.5047,0.3578,6
167,0.1354,0.5039,0.3607,6
168,0.1328,0.5027,0.3645,6
169,0.1452,0.4845,0.3703,6
170,0.1556,0.4716,0.3728,6
171,0.1522,0.4676,0.3802,6
172,0.1467,0.4653,0.388,6
173,0.1522,0.4544,0.3934,6
174,0.1466,0.4556,0.3978,6
175,0.1535,0.4514,0.3951,6
176,0.1484,0.4602,0.3914,6
177,0.1639,0.4471,0.389,6
178,0.1625,0.4522,0.3853,6
179,0.1661,0.4549,0.379,6
180,0.1601,0.4714,0.3685,6
181,0.1659,0.4789,0.3552,6
182,0.181,0.4769,0.3421,6
183,0.17,0.5027,0.3273,6
184,0.1784,0.5095,0.3121,6
185,0.189,0.5187,0.2923,6
186,0.1851,0.5408,0.2741,6
187,0.1774,0.5558,0.2668,6
188,0.1806,0.5602,0.2592,6
189,0.1716,0.5739,0.2545,6
190,0.1764,0.5664,0.2572,6
191,0.1673,0.5632,0.2695,6
192,0.1651,0.5546,0.2803,6
193,0.168,0.5465,0.2855,6
194,0.1682,0.5386,0.2932,6
195,0.1638,0.533,0.3032,6
196,0.1544,0.5302,0.3154,6
197,0.1502,0.5306,0.3192,6
198,0.1631,0.5168,0.3201,6
199,0.1699,0.5084,0.3217,6
200,0.1604,0.5156,0.324,6
0,0.337,0.3335,0.3295,7
1,0.7039,0.2602,0.0359,7
2,0.1812,0.8167,0.0021,7
3,0.0178,0.9782,0.004,7
4,0.0033,0.9869,0.0098,7
5,0.0043,0.9778,0.0179,7
6,0.0055,0.966,0.0285,7
7,0.0064,0.9519,0.0417,7
8,0.0076,0.9349,0.0575,7
9,0.0085,0.9155,0.076,7
10,0.01,0.8931,0.0969,7
11,0.0125,0.8671,0.1204,7
12,0.0142,0.8395,0.1463,7
13,0.0159,0.8093,0.1748,7
14,0.0174,0.7783,0.2043,7
15,0.0198,0.7466,0.2336,7
16,0.022,0.7135,0.2645,7
17,0.0236,0.6824,0.294,7
18,0.0252,0.6502,0.3246,7
19,0.0256,0.6223,0.3521,7
20,0.0281,0.5925,0.3794,7
21,0.0286,0.5659,0.4055,7
22,0.0305,0.5391,0.4304,7
23,0.0311,0.5149,0.454,7
24,0.0345,0.49,0.4755,7
25,0.0362,0.469,0.4948,7
26,0.0397,0.4474,0.5129,7
27,0.0395,0.4312,0.5293,7
28,0.0422,0.4129,0.5449,7
29,0.0446,0.3956,0.5598,7
30,0.0471,0.379,0.5739,7
31,0.0487,0.3639,0.5874,7
32,0.0543,0.347,0.5987,7
33,0.0585,0.3326,0.6089,7
34,0.0657,0.3166,0.6177,7
35,0.0687,0.306,0.6253,7
36,0.0729,0.2949,0.6322,7
37,0.0753,0.2872,0.6375,7
38,0.0775,0.2799,0.6426,7
39,0.0787,0.2736,0.6477,7
40,0.0838,0.2638,0.6524,7
41,0.0836,0.2641,0.6523,7
42,0.0883,0.2599,0.6518,7
43,0.0945,0.2555,0.65,7
44,0.1058,0.2478,0.6464,7
45,0.1113,0.2491,0.6396,7
46,0.1207,0.2479,0.6314,7
47,0.1252,0.2573,0.6175,7
48,0.1299,0.2692,0.6009,7
49,0.1257,0.2878,0.5865,7
50,0.1224,0.3073,0.5703,7
51,0.1231,0.3242,0.5527,7
52,0.1353,0.3278,0.5369,7
53,0.1396,0.3391,0.5213,7
54,0.1317,0.3619,0.5064,7
55,0.1348,0.3725,0.4927,7
56,0.1273,0.3929,0.4798,7
57,0.1212,0.4086,0.4702,7
58,0.1272,0.4063,0.4665,7
59,0.1332,0.4025,0.4643,7
60,0.1345,0.406,0.4595,7
61,0.128,0.4148,0.4572,7
62,0.1268,0.4144,0.4588,7
63,0.1293,0.4118,0.4589,7
64,0.136,0.4082,0.4558,7
65,0.1399,0.4119,0.4482,7
66,0.1498,0.4119,0.4383,7
67,0.1517,0.4237,0.4246,7
68,0.1531,0.4375,0.4094,7
69,0.1568,0.4493,0.3939,7
70,0.1509,0.4734,0.3757,7
71,0.1486,0.4913,0.3601,7
72,0.1505,0.5009,0.3486,7
73,0.1504,0.514,0.3356,7
74,0.1497,0.5249,0.3254,7
75,0.1398,0.5422,0.318,7
76,0.1409,0.5465,0.3126,7
77,0.1348,0.5563,0.3089,7
78,0.1296,0.5578,0.3126,7
79,0.1316,0.547,0.3214,7
80,0.1294,0.5402,0.3304,7
81,0.1265,0.5311,0.3424,7
82,0.1382,0.5061,0.3557,7
83,0.1443,0.4851,0.3706,7
84,0.1532,0.4665,0.3803,7
85,0.1678,0.4482,0.384,7
86,0.1697,0.4505,0.3798,7
87,0.1643,0.4609,0.3748,7
88,0.1707,0.4635,0.3658,7
89,0.1786,0.4671,0.3543,7
90,0.1636,0.4896,0.3468,7
91,0.1604,0.5017,0.3379,7
92,0.1622,0.5103,0.3275,7
93,0.1732,0.51,0.3168,7
94,0.1747,0.5245,0.3008,7
95,0.1737,0.5424,0.2839,7
96,0.1825,0.5469,0.2706,7
97,0.1674,0.5701,0.2625,7
98,0.1568,0.5817,0.2615,7
99,0.1477,0.5867,0.2656,7
100,0.1418,0.5875,0.2707,7
101,0.1454,0.5773,0.2773,7
102,0.1585,0.5584,0.2831,7
103,0.17,0.5427,0.2873,7
104,0.1715,0.541,0.2875,7
105,0.1688,0.5492,0.282,7
106,0.1665,0.5537,0.2798,7
107,0.1597,0.5613,0.279,7
108,0.1587,0.5585,0.2828,7
109,0.1595,0.55,0.2905,7
110,0.1684,0.5378,0.2938,7
111,0.1668,0.539,0.2942,7
112,0.1686,0.5377,0.2937,7
113,0.1638,0.5419,0.2943,7
114,0.1617,0.5389,0.2994,7
115,0.1606,0.5364,0.303,7
116,0.1462,0.5491,0.3047,7
117,0.1574,0.5347,0.3079,7
118,0.1698,0.5232,0.307,7
119,0.1795,0.5203,0.3002,7
120,0.1811,0.5273,0.2916,7
121,0.1643,0.5454,0.2903,7
122,0.1663,0.5487,0.285,7
123,0.1715,0.5479,0.2806,7
124,0.1758,0.5481,0.2761,7
125,0.1817,0.5446,0.2737,7
126,0.1812,0.5486,0.2702,7
127,0.178,0.5487,0.2733,7
128,0.1717,0.5474,0.2809,7
129,0.1626,0.547,0.2904,7
130,0.1643,0.538,0.2977,7
131,0.1699,0.5231,0.307,7
132,0.1761,0.5084,0.3155,7
133,0.1847,0.4921,0.3232,7
134,0.1884,0.4818,0.3298,7
135,0.18,0.4842,0.3358,7
136,0.1834,0.4795,0.3371,7
137,0.1893,0.4761,0.3346,7
138,0.1847,0.4837,0.3316,7
139,0.182,0.4886,0.3294,7
140,0.1824,0.4871,0.3305,7
141,0.1711,0.4982,0.3307,7
142,0.1701,0.4913,0.3386,7
143,0.1731,0.4802,0.3467,7
144,0.1737,0.4711,0.3552,7
145,0.1777,0.4638,0.3585,7
146,0.1881,0.4547,0.3572,7
147,0.193,0.455,0.352,7
148,0.1916,0.4653,0.3431,7
149,0.1988,0.4717,0.3295,7
150,0.2046,0.4857,0.3097,7
151,0.2062,0.5077,0.2861,7
152,0.206,0.5297,0.2643,7
153,0.1903,0.5632,0.2465,7
154,0.1857,0.5796,0.2347,7
155,0.1747,0.5988,0.2265,7
156,0.1603,0.6146,0.2251,7
157,0.1678,0.6058,0.2264,7
158,0.1582,0.6099,0.2319,7
159,0.1572,0.6028,0.24,7
160,0.1624,0.5869,0.2507,7
161,0.1545,0.5863,0.2592,7
162,0.1498,0.5779,0.2723,7
163,0.1606,0.552,0.2874,7
164,0.1633,0.5404,0.2963,7
165,0.1745,0.5244,0.3011,7
166,0.192,0.5078,0.3002,7
167,0.2024,0.5025,0.2951,7
168,0.2112,0.4986,0.2902,7
169,0.2106,0.5047,0.2847,7
170,0.209,0.514,0.277,7
171,0.2259,0.5109,0.2632,7
172,0.2218,0.532,0.2462,7
173,0.2123,0.5534,0.2343,7
174,0.2006,0.5719,0.2275,7
175,0.1971,0.5742,0.2287,7
176,0.1857,0.5819,0.2324,7
177,0.1861,0.573,0.2409,7
178,0.1965,0.5605,0.243,7
179,0.1997,0.559,0.2413,7
180,0.2038,0.5553,0.2409,7
181,0.2154,0.5463,0.2383,7
182,0.2199,0.5462,0.2339,7
183,0.2219,0.5586,0.2195,7
184,0.2107,0.584,0.2053,7
185,0.1925,0.6034,0.2041,7
186,0.1881,0.6057,0.2062,7
187,0.1916,0.6013,0.2071,7
188,0.1844,0.6046,0.211,7
189,0.1731,0.6097,0.2172,7
190,0.1565,0.6143,0.2292,7
191,0.1535,0.6013,0.2452,7
192,0.1508,0.584,0.2652,7
193,0.1525,0.5681,0.2794,7
194,0.1578,0.5526,0.2896,7
195,0.1671,0.5322,0.3007,7
196,0.1751,0.5214,0.3035,7
197,0.1815,0.519,0.2995,7
198,0.1858,0.5177,0.2965,7
199,0.1857,0.5237,0.2906,7
200,0.1803,0.5389,0.2808,7
0,0.3405,0.3206,0.3389,8
1,0.7357,0.227,0.0373,8
2,0.2127,0.7869,0.0004,8
3,0.0155,0.9845,0.0,8
4,0.0002,0.9998,0.0,8
5,0.0,1.0,0.0,8
6,0.0,1.0,0.0,8
7,0.0,1.0,0.0,8
8,0.0,1.0,0.0,8
9,0.0,1.0,0.0,8
10,0.0,1.0,0.0,8
11,0.0,1.0,0.0,8
12,0.0,1.0,0.0,8
13,0.0,1.0,0.0,8
14,0.0,1.0,0.0,8
15,0.0,1.0,0.0,8
16,0.0,1.0,0.0,8
17,0.0,1.0,0.0,8
18,0.0,1.0,0.0,8
19,0.0,1.0,0.0,8
20,0.0,1.0,0.0,8
21,0.0,1.0,0.0,8
22,0.0,1.0,0.0,8
23,0.0,1.0,0.0,8
24,0.0,1.0,0.0,8
25,0.0,1.0,0.0,8
26,0.0,1.0,0.0,8
27,0.0,1.0,0.0,8
28,0.0,1.0,0.0,8
29,0.0,1.0,0.0,8
30,0.0,1.0,0.0,8
31,0.0,1.0,0.0,8
32,0.0,1.0,0.0,8
33,0.0,1.0,0.0,8
34,0.0,1.0,0.0,8
35,0.0,1.0,0.0,8
36,0.0,1.0,0.0,8
37,0.0,1.0,0.0,8
38,0.0,1.0,0.0,8
39,0.0,1.0,0.0,8
40,0.0,1.0,0.0,8
41,0.0,1.0,0.0,8
42,0.0,1.0,0.0,8
43,0.0,1.0,0.0,8
44,0.0,1.0,0.0,8
45,0.0,1.0,0.0,8
46,0.0,1.0,0.0,8
47,0.0,1.0,0.0,8
48,0.0,1.0,0.0,8
49,0.0,1.0,0.0,8
50,0.0,1.0,0.0,8
51,0.0,1.0,0.0,8
52,0.0,1.0,0.0,8
53,0.0,1.0,0.0,8
54,0.0,1.0,0.0,8
55,0.0,1.0,0.0,8
56,0.0,1.0,0.0,8
57,0.0,1.0,0.0,8
58,0.0,1.0,0.0,8
59,0.0,1.0,0.0,8
60,0.0,1.0,0.0,8
61,0.0,1.0,0.0,8
62,0.0,1.0,0.0,8
63,0.0,1.0,0.0,8
64,0.0,1.0,0.0,8
65,0.0,1.0,0.0,8
66,0.0,1.0,0.0,8
67,0.0,1.0,0.0,8
68,0.0,1.0,0.0,8
69,0.0,1.0,0.0,8
70,0.0,1.0,0.0,8
71,0.0,1.0,0.0,8
72,0.0,1.0,0.0,8
73,0.0,1.0,0.0,8
74,0.0,1.0,0.0,8
75,0.0,1.0,0.0,8
76,0.0,1.0,0.0,8
77,0.0,1.0,0.0,8
78,0.0,1.0,0.0,8
79,0.0,1.0,0.0,8
80,0.0,1.0,0.0,8
81,0.0,1.0,0.0,8
82,0.0,1.0,0.0,8
83,0.0,1.0,0.0,8
84,0.0,1.0,0.0,8
85,0.0,1.0,0.0,8
86,0.0,1.0,0.0,8
87,0.0,1.0,0.0,8
88,0.0,1.0,0.0,8
89,0.0,1.0,0.0,8
90,0.0,1.0,0.0,8
91,0.0,1.0,0.0,8
92,0.0,1.0,0.0,8
93,0.0,1.0,0.0,8
94,0.0,1.0,0.0,8
95,0.0,1.0,0.0,8
96,0.0,1.0,0.0,8
97,0.0,1.0,0.0,8
98,0.0,1.0,0.0,8
99,0.0,1.0,0.0,8
100,0.0,1.0,0.0,8
101,0.0,1.0,0.0,8
102,0.0,1.0,0.0,8
103,0.0,1.0,0.0,8
104,0.0,1.0,0.0,8
105,0.0,1.0,0.0,8
106,0.0,1.0,0.0,8
107,0.0,1.0,0.0,8
108,0.0,1.0,0.0,8
109,0.0,1.0,0.0,8
110,0.0,1.0,0.0,8
111,0.0,1.0,0.0,8
112,0.0,1.0,0.0,8
113,0.0,1.0,0.0,8
114,0.0,1.0,0.0,8
115,0.0,1.0,0.0,8
116,0.0,1.0,0.0,8
117,0.0,1.0,0.0,8
118,0.0,1.0,0.0,8
119,0.0,1.0,0.0,8
120,0.0,1.0,0.0,8
121,0.0,1.0,0.0,8
122,0.0,1.0,0.0,8
123,0.0,1.0,0.0,8
124,0.0,1.0,0.0,8
125,0.0,1.0,0.0,8
126,0.0,1.0,0.0,8
127,0.0,1.0,0.0,8
128,0.0,1.0,0.0,8
129,0.0,1.0,0.0,8
130,0.0,1.0,0.0,8
131,0.0,1.0,0.0,8
132,0.0,1.0,0.0,8
133,0.0,1.0,0.0,8
134,0.0,1.0,0.0,8
135,0.0,1.0,0.0,8
136,0.0,1.0,0.0,8
137,0.0,1.0,0.0,8
138,0.0,1.0,0.0,8
139,0.0,1.0,0.0,8
140,0.0,1.0,0.0,8
141,0.0,1.0,0.0,8
142,0.0,1.0,0.0,8
143,0.0,1.0,0.0,8
144,0.0,1.0,0.0,8
145,0.0,1.0,0.0,8
146,0.0,1.0,0.0,8
147,0.0,1.0,0.0,8
148,0.0,1.0,0.0,8
149,0.0,1.0,0.0,8
150,0.0,1.0,0.0,8
151,0.0,1.0,0.0,8
152,0.0,1.0,0.0,8
153,0.0,1.0,0.0,8
154,0.0,1.0,0.0,8
155,0.0,1.0,0.0,8
156,0.0,1.0,0.0,8
157,0.0,1.0,0.0,8
158,0.0,1.0,0.0,8
159,0.0,1.0,0.0,8
160,0.0,1.0,0.0,8
161,0.0,1.0,0.0,8
162,0.0,1.0,0.0,8
163,0.0,1.0,0.0,8
164,0.0,1.0,0.0,8
165,0.0,1.0,0.0,8
166,0.0,1.0,0.0,8
167,0.0,1.0,0.0,8
168,0.0,1.0,0.0,8
169,0.0,1.0,0.0,8
170,0.0,1.0,0.0,8
171,0.0,1.0,0.0,8
172,0.0,1.0,0.0,8
173,0.0,1.0,0.0,8
174,0.0,1.0,0.0,8
175,0.0,1.0,0.0,8
176,0.0,1.0,0.0,8
177,0.0,1.0,0.0,8
178,0.0,1.0,0.0,8
179,0.0,1.0,0.0,8
180,0.0,1.0,0.0,8
181,0.0,1.0,0.0,8
182,0.0,1.0,0.0,8
183,0.0,1.0,0.0,8
184,0.0,1.0,0.0,8
185,0.0,1.0,0.0,8
186,0.0,1.0,0.0,8
187,0.0,1.0,0.0,8
188,0.0,1.0,0.0,8
189,0.0,1.0,0.0,8
190,0.0,1.0,0.0,8
191,0.0,1.0,0.0,8
192,0.0,1.0,0.0,8
193,0.0,1.0,0.0,8
194,0.0,1.0,0.0,8
195,0.0,1.0,0.0,8
196,0.0,1.0,0.0,8
197,0.0,1.0,0.0,8
198,0.0,1.0,0.0,8
199,0.0,1.0,0.0,8
200,0.0,1.0,0.0,8
0,0.3349,0.3378,0.3273,9
1,0.7037,0.2535,0.0428,9
2,0.1884,0.8094,0.0022,9
3,0.0171,0.9798,0.0031,9
4,0.0039,0.9889,0.0072,9
5,0.004,0.9828,0.0132,9
6,0.0054,0.974,0.0206,9
7,0.0075,0.9634,0.0291,9
8,0.0095,0.9511,0.0394,9
9,0.0121,0.936,0.0519,9
10,0.014,0.9203,0.0657,9
11,0.0189,0.8989,0.0822,9
12,0.0214,0.8778,0.1008,9
13,0.0259,0.8526,0.1215,9
14,0.0336,0.822,0.1444,9
15,0.0388,0.7922,0.169,9
16,0.0442,0.7628,0.193,9
17,0.0498,0.7342,0.216,9
18,0.0543,0.7054,0.2403,9
19,0.0574,0.6764,0.2662,9
20,0.0619,0.6452,0.2929,9
21,0.069,0.6105,0.3205,9
22,0.0625,0.5863,0.3512,9
23,0.0709,0.5522,0.3769,9
24,0.0708,0.5258,0.4034,9
25,0.0762,0.4993,0.4245,9
26,0.0823,0.4814,0.4363,9
27,0.0864,0.4719,0.4417,9
28,0.0888,0.4674,0.4438,9
29,0.0867,0.4688,0.4445,9
30,0.095,0.461,0.444,9
31,0.1026,0.4617,0.4357,9
32,0.1006,0.4809,0.4185,9
33,0.1027,0.4996,0.3977,9
34,0.1103,0.5145,0.3752,9
35,0.1141,0.5359,0.35,9
36,0.1108,0.5644,0.3248,9
37,0.1094,0.59,0.3006,9
38,0.1104,0.6102,0.2794,9
39,0.1063,0.6342,0.2595,9
40,0.1109,0.6473,0.2418,9
41,0.1134,0.6611,0.2255,9
42,0.1079,0.6822,0.2099,9
43,0.1079,0.6936,0.1985,9
44,0.101,0.7088,0.1902,9
45,0.0996,0.719,0.1814,9
46,0.0958,0.7299,0.1743,9
47,0.0898,0.7393,0.1709,9
48,0.0635,0.7591,0.1774,9
49,0.0548,0.7568,0.1884,9
50,0.0485,0.7484,0.2031,9
51,0.0432,0.736,0.2208,9
52,0.0446,0.7135,0.2419,9
53,0.0488,0.6869,0.2643,9
54,0.0477,0.6645,0.2878,9
55,0.0514,0.6347,0.3139,9
56,0.0578,0.6039,0.3383,9
57,0.065,0.5749,0.3601,9
58,0.0682,0.5502,0.3816,9
59,0.0778,0.5203,0.4019,9
60,0.0813,0.4985,0.4202,9
61,0.0884,0.4779,0.4337,9
62,0.0984,0.4602,0.4414,9
63,0.1062,0.4526,0.4412,9
64,0.1155,0.4468,0.4377,9
65,0.1234,0.4506,0.426,9
66,0.1274,0.4626,0.41,9
67,0.1312,0.475,0.3938,9
68,0.1398,0.4824,0.3778,9
69,0.1361,0.5016,0.3623,9
70,0.1148,0.5338,0.3514,9
71,0.1172,0.5389,0.3439,9
72,0.1189,0.5456,0.3355,9
73,0.1209,0.5541,0.325,9
74,0.1289,0.5565,0.3146,9
75,0.122,0.5713,0.3067,9
76,0.124,0.5763,0.2997,9
77,0.1294,0.5777,0.2929,9
78,0.1268,0.5888,0.2844,9
79,0.13,0.5898,0.2802,9
80,0.13,0.5912,0.2788,9
81,0.1361,0.585,0.2789,9
82,0.1366,0.583,0.2804,9
83,0.1304,0.5843,0.2853,9
84,0.1346,0.5719,0.2935,9
85,0.138,0.5635,0.2985,9
86,0.1429,0.5571,0.3,9
87,0.1402,0.5614,0.2984,9
88,0.1388,0.5661,0.2951,9
89,0.1431,0.5656,0.2913,9
90,0.1505,0.5638,0.2857,9
91,0.1493,0.5696,0.2811,9
92,0.1468,0.5781,0.2751,9
93,0.1437,0.5878,0.2685,9
94,0.1342,0.6022,0.2636,9
95,0.1303,0.6056,0.2641,9
96,0.1224,0.61,0.2676,9
97,0.1224,0.6064,0.2712,9
98,0.1107,0.6141,0.2752,9
99,0.1056,0.612,0.2824,9
100,0.1112,0.5967,0.2921,9
101,0.117,0.5824,0.3006,9
102,0.1149,0.5767,0.3084,9
103,0.1141,0.5667,0.3192,9
104,0.121,0.5474,0.3316,9
105,0.1289,0.5314,0.3397,9
106,0.1418,0.5116,0.3466,9
107,0.1409,0.5052,0.3539,9
108,0.1461,0.4937,0.3602,9
109,0.1487,0.4874,0.3639,9
110,0.1533,0.4744,0.3723,9
111,0.1538,0.4654,0.3808,9
112,0.1611,0.4506,0.3883,9
113,0.1666,0.4347,0.3987,9
114,0.1772,0.4249,0.3979,9
115,0.1778,0.4282,0.394,9
116,0.1702,0.4375,0.3923,9
117,0.1675,0.4492,0.3833,9
118,0.1659,0.4621,0.372,9
119,0.16,0.4804,0.3596,9
120,0.1663,0.4881,0.3456,9
121,0.1734,0.495,0.3316,9
122,0.161,0.5202,0.3188,9
123,0.154,0.5263,0.3197,9
124,0.1516,0.5256,0.3228,9
125,0.1498,0.5219,0.3283,9
126,0.1546,0.51,0.3354,9
127,0.159,0.504,0.337,9
128,0.1633,0.4963,0.3404,9
129,0.159,0.4975,0.3435,9
130,0.1713,0.485,0.3437,9
131,0.1717,0.4945,0.3338,9
132,0.1664,0.5081,0.3255,9
133,0.1649,0.5112,0.3239,9
134,0.1594,0.5142,0.3264,9
135,0.1619,0.5107,0.3274,9
136,0.174,0.5033,0.3227,9
137,0.1786,0.5062,0.3152,9
138,0.172,0.5222,0.3058,9
139,0.1846,0.522,0.2934,9
140,0.1837,0.5392,0.2771,9
141,0.177,0.5587,0.2643,9
142,0.1816,0.5603,0.2581,9
143,0.1748,0.5779,0.2473,9
144,0.1648,0.5905,0.2447,9
145,0.1607,0.5981,0.2412,9
146,0.1624,0.6003,0.2373,9
147,0.1678,0.606,0.2262,9
148,0.165,0.6209,0.2141,9
149,0.1709,0.6237,0.2054,9
150,0.1584,0.6402,0.2014,9
151,0.1717,0.6278,0.2005,9
152,0.1636,0.6347,0.2017,9
153,0.1643,0.6299,0.2058,9
154,0.1609,0.6281,0.211,9
155,0.1629,0.6182,0.2189,9
156,0.1666,0.6038,0.2296,9
157,0.1761,0.5832,0.2407,9
158,0.1839,0.564,0.2521,9
159,0.1919,0.5468,0.2613,9
160,0.1931,0.5405,0.2664,9
161,0.1855,0.5414,0.2731,9
162,0.1889,0.5292,0.2819,9
163,0.1897,0.5163,0.294,9
164,0.1867,0.5084,0.3049,9
165,0.1878,0.5096,0.3026,9
166,0.1903,0.514,0.2957,9
167,0.1953,0.5151,0.2896,9
168,0.1839,0.5341,0.282,9
169,0.1962,0.5351,0.2687,9
170,0.1964,0.5468,0.2568,9
171,0.1814,0.569,0.2496,9
172,0.1691,0.5838,0.2471,9
173,0.1648,0.5881,0.2471,9
174,0.1646,0.5832,0.2522,9
175,0.1591,0.5839,0.257,9
176,0.1671,0.5731,0.2598,9
177,0.1744,0.5664,0.2592,9
178,0.1674,0.572,0.2606,9
179,0.1579,0.5769,0.2652,9
180,0.1554,0.5748,0.2698,9
181,0.1465,0.5755,0.278,9
182,0.1524,0.5589,0.2887,9
183,0.1563,0.5451,0.2986,9
184,0.157,0.5404,0.3026,9
185,0.1624,0.5339,0.3037,9
186,0.1741,0.5205,0.3054,9
187,0.1677,0.5247,0.3076,9
188,0.1735,0.5165,0.31,9
189,0.1699,0.5206,0.3095,9
190,0.166,0.5229,0.3111,9
191,0.1682,0.5175,0.3143,9
192,0.1705,0.5118,0.3177,9
193,0.1702,0.5091,0.3207,9
194,0.1649,0.5138,0.3213,9
195,0.1608,0.5172,0.322,9
196,0.1539,0.525,0.3211,9
197,0.1526,0.526,0.3214,9
198,0.1472,0.5337,0.3191,9
199,0.1566,0.5279,0.3155,9
200,0.1561,0.5312,0.3127,9
0,0.3419,0.322,0.3361,10
1,0.7301,0.2337,0.0362,10
2,0.199,0.8007,0.0003,10
3,0.0165,0.9835,0.0,10
4,0.0004,0.9996,0.0,10
5,0.0,1.0,0.0,10
6,0.0,1.0,0.0,10
7,0.0,1.0,0.0,10
8,0.0,1.0,0.0,10
9,0.0,1.0,0.0,10
10,0.0,1.0,0.0,10
11,0.0,1.0,0.0,10
12,0.0,1.0,0.0,10
13,0.0,1.0,0.0,10
14,0.0,1.0,0.0,10
15,0.0,1.0,0.0,10
16,0.0,1.0,0.0,10
17,0.0,1.0,0.0,10
18,0.0,1.0,0.0,10
19,0.0,1.0,0.0,10
20,0.0,1.0,0.0,10
21,0.0,1.0,0.0,10
22,0.0,1.0,0.0,10
23,0.0,1.0,0.0,10
24,0.0,1.0,0.0,10
25,0.0,1.0,0.0,10
26,0.0,1.0,0.0,10
27,0.0,1.0,0.0,10
28,0.0,1.0,0.0,10
29,0.0,1.0,0.0,10
30,0.0,1.0,0.0,10
31,0.0,1.0,0.0,10
32,0.0,1.0,0.0,10
33,0.0,1.0,0.0,10
34,0.0,1.0,0.0,10
35,0.0,1.0,0.0,10
36,0.0,1.0,0.0,10
37,0.0,1.0,0.0,10
