Generation,O,Y,B,sim
0,0.3348,0.3358,0.3294,1
1,0.3543,0.3925,0.2532,1
2,0.2604,0.4853,0.2543,1
3,0.1971,0.4972,0.3057,1
4,0.1768,0.4576,0.3656,1
5,0.1761,0.3986,0.4253,1
6,0.1905,0.3341,0.4754,1
7,0.2106,0.297,0.4924,1
8,0.2255,0.2958,0.4787,1
9,0.2353,0.3161,0.4486,1
10,0.2505,0.3358,0.4137,1
11,0.2347,0.3759,0.3894,1
12,0.2133,0.404,0.3827,1
13,0.1961,0.4124,0.3915,1
14,0.1844,0.4048,0.4108,1
15,0.1774,0.3866,0.436,1
16,0.1828,0.3588,0.4584,1
17,0.1886,0.3421,0.4693,1
18,0.1997,0.3282,0.4721,1
19,0.2052,0.3377,0.4571,1
20,0.2098,0.3538,0.4364,1
21,0.2116,0.3728,0.4156,1
22,0.2071,0.3933,0.3996,1
23,0.2147,0.4008,0.3845,1
24,0.2141,0.4068,0.3791,1
25,0.2018,0.4049,0.3933,1
26,0.1933,0.3963,0.4104,1
27,0.1908,0.3787,0.4305,1
28,0.1926,0.3652,0.4422,1
29,0.198,0.3564,0.4456,1
30,0.2035,0.3508,0.4457,1
31,0.2117,0.3469,0.4414,1
32,0.2199,0.3495,0.4306,1
33,0.2234,0.3593,0.4173,1
34,0.2218,0.3653,0.4129,1
35,0.2191,0.3631,0.4178,1
36,0.2068,0.3664,0.4268,1
37,0.2135,0.3483,0.4382,1
38,0.2165,0.3379,0.4456,1
39,0.2119,0.341,0.4471,1
40,0.2074,0.3507,0.4419,1
41,0.205,0.3595,0.4355,1
42,0.2092,0.3633,0.4275,1
43,0.22,0.3667,0.4133,1
44,0.2158,0.3778,0.4064,1
45,0.203,0.3854,0.4116,1
46,0.2007,0.3731,0.4262,1
47,0.2095,0.3519,0.4386,1
48,0.2148,0.3403,0.4449,1
49,0.2159,0.3402,0.4439,1
50,0.2138,0.3495,0.4367,1
51,0.216,0.3546,0.4294,1
52,0.2159,0.3607,0.4234,1
53,0.2226,0.3608,0.4166,1
54,0.2269,0.3676,0.4055,1
55,0.2165,0.3836,0.3999,1
56,0.2111,0.3814,0.4075,1
57,0.2104,0.3666,0.423,1
58,0.2121,0.354,0.4339,1
59,0.2146,0.3494,0.436,1
60,0.2196,0.351,0.4294,1
61,0.233,0.3473,0.4197,1
62,0.2435,0.3484,0.4081,1
63,0.2448,0.3524,0.4028,1
64,0.2281,0.3732,0.3987,1
65,0.2123,0.3789,0.4088,1
66,0.2051,0.3706,0.4243,1
67,0.2028,0.3603,0.4369,1
68,0.1987,0.3552,0.4461,1
69,0.1959,0.3474,0.4567,1
70,0.2047,0.3398,0.4555,1
71,0.21,0.3434,0.4466,1
72,0.2152,0.3479,0.4369,1
73,0.2125,0.3616,0.4259,1
74,0.2058,0.374,0.4202,1
75,0.1976,0.3814,0.421,1
76,0.1879,0.3856,0.4265,1
77,0.1861,0.3798,0.4341,1
78,0.1918,0.3662,0.442,1
79,0.1931,0.3608,0.4461,1
80,0.2017,0.3502,0.4481,1
81,0.2066,0.3447,0.4487,1
82,0.2035,0.3523,0.4442,1
83,0.2131,0.3445,0.4424,1
84,0.2129,0.3451,0.442,1
85,0.212,0.3494,0.4386,1
86,0.2077,0.357,0.4353,1
87,0.2068,0.3607,0.4325,1
88,0.2055,0.3588,0.4357,1
89,0.2037,0.3615,0.4348,1
90,0.2125,0.3542,0.4333,1
91,0.2113,0.3622,0.4265,1
92,0.2132,0.369,0.4178,1
93,0.2051,0.3788,0.4161,1
94,0.1991,0.3847,0.4162,1
95,0.1896,0.3937,0.4167,1
96,0.1894,0.3863,0.4243,1
97,0.187,0.3738,0.4392,1
98,0.1811,0.3682,0.4507,1
99,0.185,0.3581,0.4569,1
100,0.1883,0.3398,0.4719,1
101,0.1987,0.3138,0.4875,1
102,0.2133,0.3014,0.4853,1
103,0.2229,0.3065,0.4706,1
104,0.225,0.3222,0.4528,1
105,0.2307,0.3369,0.4324,1
106,0.2269,0.3568,0.4163,1
107,0.2237,0.3692,0.4071,1
108,0.2133,0.3792,0.4075,1
109,0.204,0.3792,0.4168,1
110,0.2001,0.3696,0.4303,1
111,0.197,0.3618,0.4412,1
112,0.2021,0.3514,0.4465,1
113,0.2027,0.3499,0.4474,1
114,0.2028,0.351,0.4462,1
115,0.2073,0.3512,0.4415,1
116,0.2118,0.3517,0.4365,1
117,0.2181,0.3557,0.4262,1
118,0.2092,0.3746,0.4162,1
119,0.207,0.3785,0.4145,1
120,0.2132,0.3651,0.4217,1
121,0.2105,0.3618,0.4277,1
122,0.2088,0.3582,0.433,1
123,0.2087,0.359,0.4323,1
124,0.2069,0.3564,0.4367,1
125,0.2032,0.3606,0.4362,1
126,0.2053,0.3597,0.435,1
127,0.2098,0.359,0.4312,1
128,0.2051,0.3651,0.4298,1
129,0.2029,0.3668,0.4303,1
130,0.2026,0.3651,0.4323,1
131,0.2014,0.362,0.4366,1
132,0.1937,0.3719,0.4344,1
133,0.1964,0.366,0.4376,1
134,0.2095,0.3539,0.4366,1
135,0.2209,0.3501,0.429,1
136,0.2245,0.3542,0.4213,1
137,0.215,0.3638,0.4212,1
138,0.206,0.3654,0.4286,1
139,0.2052,0.3587,0.4361,1
140,0.203,0.3584,0.4386,1
141,0.2075,0.3553,0.4372,1
142,0.2173,0.36,0.4227,1
143,0.2219,0.378,0.4001,1
144,0.2169,0.3991,0.384,1
145,0.2138,0.4128,0.3734,1
146,0.2072,0.4283,0.3645,1
147,0.2048,0.4226,0.3726,1
148,0.1981,0.4068,0.3951,1
149,0.198,0.379,0.423,1
150,0.2071,0.3507,0.4422,1
151,0.2073,0.3433,0.4494,1
152,0.2109,0.3459,0.4432,1
153,0.2093,0.3509,0.4398,1
154,0.2088,0.3544,0.4368,1
155,0.2084,0.3671,0.4245,1
156,0.2051,0.3814,0.4135,1
157,0.2006,0.3939,0.4055,1
158,0.1964,0.3923,0.4113,1
159,0.2058,0.3743,0.4199,1
160,0.1997,0.3768,0.4235,1
161,0.1963,0.3722,0.4315,1
162,0.2007,0.363,0.4363,1
163,0.207,0.3496,0.4434,1
164,0.2078,0.3458,0.4464,1
165,0.2124,0.3502,0.4374,1
166,0.2154,0.3553,0.4293,1
167,0.224,0.3551,0.4209,1
168,0.2294,0.357,0.4136,1
169,0.2247,0.3612,0.4141,1
170,0.217,0.363,0.42,1
171,0.2164,0.3551,0.4285,1
172,0.2241,0.3482,0.4277,1
173,0.2221,0.3467,0.4312,1
174,0.2124,0.3535,0.4341,1
175,0.2099,0.3491,0.441,1
176,0.2102,0.346,0.4438,1
177,0.2085,0.349,0.4425,1
178,0.2058,0.3539,0.4403,1
179,0.2074,0.3435,0.4491,1
180,0.2096,0.3362,0.4542,1
181,0.2125,0.3305,0.457,1
182,0.2204,0.3314,0.4482,1
183,0.2206,0.3447,0.4347,1
184,0.2147,0.3621,0.4232,1
185,0.2159,0.3749,0.4092,1
186,0.2218,0.3732,0.405,1
187,0.2219,0.3718,0.4063,1
188,0.2169,0.3753,0.4078,1
189,0.2041,0.3869,0.409,1
190,0.2066,0.3877,0.4057,1
191,0.2102,0.3888,0.401,1
192,0.2001,0.3949,0.405,1
193,0.1944,0.3938,0.4118,1
194,0.1965,0.3855,0.418,1
195,0.2033,0.3731,0.4236,1
196,0.203,0.3632,0.4338,1
197,0.2029,0.3676,0.4295,1
198,0.2086,0.3709,0.4205,1
199,0.2177,0.3761,0.4062,1
200,0.2253,0.3774,0.3973,1
0,0.3368,0.3332,0.33,2
1,0.3553,0.3863,0.2584,2
2,0.2664,0.488,0.2456,2
3,0.1988,0.5098,0.2914,2
4,0.1678,0.4743,0.3579,2
5,0.1602,0.4159,0.4239,2
6,0.1729,0.3516,0.4755,2
7,0.2001,0.3051,0.4948,2
8,0.2178,0.2889,0.4933,2
9,0.2365,0.3033,0.4602,2
10,0.2452,0.3385,0.4163,2
11,0.2389,0.3774,0.3837,2
12,0.2311,0.4063,0.3626,2
13,0.2121,0.4251,0.3628,2
14,0.1991,0.4256,0.3753,2
15,0.1812,0.4167,0.4021,2
16,0.1851,0.3777,0.4372,2
17,0.1978,0.3397,0.4625,2
18,0.2052,0.3247,0.4701,2
19,0.2112,0.3336,0.4552,2
20,0.2086,0.3568,0.4346,2
21,0.2139,0.3642,0.4219,2
22,0.2129,0.3766,0.4105,2
23,0.2073,0.3845,0.4082,2
24,0.1976,0.3919,0.4105,2
25,0.192,0.3845,0.4235,2
26,0.2007,0.3536,0.4457,2
27,0.2097,0.3277,0.4626,2
28,0.2201,0.3127,0.4672,2
29,0.2292,0.3197,0.4511,2
30,0.243,0.339,0.418,2
31,0.2443,0.3655,0.3902,2
32,0.2371,0.3909,0.372,2
33,0.2246,0.4108,0.3646,2
34,0.21,0.4151,0.3749,2
35,0.1998,0.3964,0.4038,2
36,0.1931,0.3747,0.4322,2
37,0.1914,0.3518,0.4568,2
38,0.1989,0.3318,0.4693,2
39,0.208,0.3364,0.4556,2
40,0.2156,0.3468,0.4376,2
41,0.2164,0.3538,0.4298,2
42,0.2121,0.3638,0.4241,2
43,0.205,0.3697,0.4253,2
44,0.205,0.3596,0.4354,2
45,0.2006,0.36,0.4394,2
46,0.1996,0.358,0.4424,2
47,0.2,0.3604,0.4396,2
48,0.2039,0.3629,0.4332,2
49,0.2049,0.3697,0.4254,2
50,0.207,0.3782,0.4148,2
51,0.2012,0.3902,0.4086,2
52,0.1877,0.3974,0.4149,2
53,0.1873,0.3851,0.4276,2
54,0.1989,0.3664,0.4347,2
55,0.2008,0.3648,0.4344,2
56,0.1993,0.3631,0.4376,2
57,0.2047,0.3532,0.4421,2
58,0.2127,0.3488,0.4385,2
59,0.2052,0.3653,0.4295,2
60,0.2007,0.3699,0.4294,2
61,0.1996,0.37,0.4304,2
62,0.2026,0.3644,0.433,2
63,0.1992,0.3634,0.4374,2
64,0.1939,0.3671,0.439,2
65,0.1905,0.365,0.4445,2
66,0.1982,0.3466,0.4552,2
67,0.2055,0.3337,0.4608,2
68,0.2144,0.3349,0.4507,2
69,0.2152,0.3524,0.4324,2
70,0.2264,0.3628,0.4108,2
71,0.2126,0.38,0.4074,2
72,0.2094,0.3854,0.4052,2
73,0.2056,0.3826,0.4118,2
74,0.1953,0.384,0.4207,2
75,0.1955,0.3742,0.4303,2
76,0.1966,0.363,0.4404,2
77,0.1978,0.3605,0.4417,2
78,0.1937,0.3719,0.4344,2
79,0.1965,0.3745,0.429,2
80,0.201,0.3792,0.4198,2
81,0.1963,0.3827,0.421,2
82,0.1887,0.3837,0.4276,2
83,0.1948,0.374,0.4312,2
84,0.1992,0.3692,0.4316,2
85,0.196,0.3626,0.4414,2
86,0.1988,0.3511,0.4501,2
87,0.2,0.3466,0.4534,2
88,0.1977,0.3417,0.4606,2
89,0.1966,0.3399,0.4635,2
90,0.1972,0.3451,0.4577,2
91,0.1991,0.3486,0.4523,2
92,0.2074,0.3519,0.4407,2
93,0.2104,0.3645,0.4251,2
94,0.2,0.3803,0.4197,2
95,0.1856,0.3881,0.4263,2
96,0.1918,0.3756,0.4326,2
97,0.1984,0.3647,0.4369,2
98,0.2012,0.3573,0.4415,2
99,0.2042,0.3524,0.4434,2
100,0.2068,0.3544,0.4388,2
101,0.2052,0.3636,0.4312,2
102,0.2094,0.3706,0.42,2
103,0.2107,0.3757,0.4136,2
104,0.1962,0.3861,0.4177,2
105,0.194,0.3745,0.4315,2
106,0.1953,0.3571,0.4476,2
107,0.2033,0.3362,0.4605,2
108,0.207,0.3289,0.4641,2
109,0.2143,0.3282,0.4575,2
110,0.2225,0.3322,0.4453,2
111,0.2247,0.3462,0.4291,2
112,0.2323,0.3543,0.4134,2
113,0.2275,0.3689,0.4036,2
114,0.2275,0.3634,0.4091,2
115,0.2262,0.3586,0.4152,2
116,0.2195,0.3531,0.4274,2
117,0.2167,0.3484,0.4349,2
118,0.2137,0.3427,0.4436,2
119,0.2175,0.3424,0.4401,2
120,0.2264,0.3464,0.4272,2
121,0.2257,0.3651,0.4092,2
122,0.2213,0.3818,0.3969,2
123,0.2059,0.4013,0.3928,2
124,0.1943,0.4033,0.4024,2
125,0.1848,0.394,0.4212,2
126,0.1838,0.3726,0.4436,2
127,0.1874,0.3493,0.4633,2
128,0.1978,0.33,0.4722,2
129,0.214,0.3237,0.4623,2
130,0.2226,0.3414,0.436,2
131,0.2223,0.3654,0.4123,2
132,0.2181,0.3863,0.3956,2
133,0.2064,0.3943,0.3993,2
134,0.1913,0.3877,0.421,2
135,0.1845,0.3645,0.451,2
136,0.1859,0.3392,0.4749,2
137,0.1957,0.3169,0.4874,2
138,0.2098,0.3096,0.4806,2
139,0.215,0.3269,0.4581,2
140,0.2225,0.3444,0.4331,2
141,0.2249,0.3595,0.4156,2
142,0.2158,0.3769,0.4073,2
143,0.2118,0.3835,0.4047,2
144,0.2041,0.3853,0.4106,2
145,0.208,0.3635,0.4285,2
146,0.2092,0.3534,0.4374,2
147,0.208,0.353,0.439,2
148,0.2116,0.3534,0.435,2
149,0.2167,0.3551,0.4282,2
150,0.2221,0.3613,0.4166,2
151,0.2352,0.3689,0.3959,2
152,0.2264,0.3855,0.3881,2
153,0.2114,0.3942,0.3944,2
154,0.2089,0.3814,0.4097,2
155,0.2126,0.3626,0.4248,2
156,0.2041,0.3594,0.4365,2
157,0.2011,0.3561,0.4428,2
158,0.2067,0.3442,0.4491,2
159,0.211,0.3488,0.4402,2
160,0.2111,0.3592,0.4297,2
161,0.2035,0.3769,0.4196,2
162,0.1971,0.3839,0.419,2
163,0.2036,0.3773,0.4191,2
164,0.2006,0.3764,0.423,2
165,0.1963,0.3826,0.4211,2
166,0.1866,0.3904,0.423,2
167,0.1883,0.3808,0.4309,2
168,0.1938,0.3729,0.4333,2
169,0.1977,0.3711,0.4312,2
170,0.1966,0.3689,0.4345,2
171,0.197,0.3646,0.4384,2
172,0.1961,0.3513,0.4526,2
173,0.2,0.3418,0.4582,2
174,0.1963,0.3468,0.4569,2
175,0.2021,0.3475,0.4504,2
176,0.2056,0.3514,0.443,2
177,0.2017,0.3552,0.4431,2
178,0.1995,0.3603,0.4402,2
179,0.1982,0.36,0.4418,2
180,0.1963,0.3586,0.4451,2
181,0.1994,0.3542,0.4464,2
182,0.2016,0.3581,0.4403,2
183,0.2024,0.3651,0.4325,2
184,0.2068,0.3667,0.4265,2
185,0.2052,0.3703,0.4245,2
186,0.2042,0.3734,0.4224,2
187,0.2064,0.3636,0.43,2
188,0.2102,0.3555,0.4343,2
189,0.2112,0.3567,0.4321,2
190,0.2096,0.3548,0.4356,2
191,0.2109,0.3406,0.4485,2
192,0.2182,0.3342,0.4476,2
193,0.2256,0.3399,0.4345,2
194,0.2252,0.36,0.4148,2
195,0.2215,0.3814,0.3971,2
196,0.2179,0.3924,0.3897,2
197,0.2067,0.3997,0.3936,2
198,0.1906,0.3993,0.4101,2
199,0.1921,0.3738,0.4341,2
200,0.1935,0.3521,0.4544,2
0,0.3402,0.3357,0.3241,3
1,0.3389,0.3993,0.2618,3
2,0.2546,0.4823,0.2631,3
3,0.1924,0.4937,0.3139,3
4,0.1738,0.4431,0.3831,3
5,0.1873,0.375,0.4377,3
6,0.211,0.3249,0.4641,3
7,0.2405,0.3012,0.4583,3
8,0.2711,0.3021,0.4268,3
9,0.2811,0.3312,0.3877,3
10,0.2694,0.3678,0.3628,3
11,0.2441,0.4017,0.3542,3
12,0.2151,0.4285,0.3564,3
13,0.1936,0.4293,0.3771,3
14,0.1868,0.3969,0.4163,3
15,0.1856,0.3587,0.4557,3
16,0.1909,0.3294,0.4797,3
17,0.2021,0.3143,0.4836,3
18,0.22,0.3093,0.4707,3
19,0.2324,0.3189,0.4487,3
20,0.2346,0.3462,0.4192,3
21,0.2248,0.3796,0.3956,3
22,0.2166,0.3998,0.3836,3
23,0.2071,0.406,0.3869,3
24,0.2031,0.3969,0.4,3
25,0.2066,0.3809,0.4125,3
26,0.2092,0.3709,0.4199,3
27,0.2091,0.3642,0.4267,3
28,0.2155,0.3571,0.4274,3
29,0.2155,0.3567,0.4278,3
30,0.2181,0.3582,0.4237,3
31,0.2093,0.3708,0.4199,3
32,0.2099,0.3684,0.4217,3
33,0.2117,0.3631,0.4252,3
34,0.2158,0.356,0.4282,3
35,0.211,0.3628,0.4262,3
36,0.2052,0.3691,0.4257,3
37,0.203,0.3746,0.4224,3
38,0.2048,0.3807,0.4145,3
39,0.2057,0.3891,0.4052,3
40,0.2027,0.3954,0.4019,3
41,0.2005,0.3922,0.4073,3
42,0.1979,0.3852,0.4169,3
43,0.1956,0.384,0.4204,3
44,0.197,0.3833,0.4197,3
45,0.2054,0.3829,0.4117,3
46,0.2095,0.3868,0.4037,3
47,0.1993,0.3978,0.4029,3
48,0.1983,0.3906,0.4111,3
49,0.1949,0.3784,0.4267,3
50,0.195,0.3655,0.4395,3
51,0.1961,0.357,0.4469,3
52,0.1989,0.347,0.4541,3
53,0.2091,0.3331,0.4578,3
54,0.2097,0.3428,0.4475,3
55,0.2161,0.3542,0.4297,3
56,0.2127,0.3783,0.409,3
57,0.2048,0.3903,0.4049,3
58,0.1993,0.3914,0.4093,3
59,0.1928,0.3886,0.4186,3
60,0.1979,0.3693,0.4328,3
61,0.2082,0.3596,0.4322,3
62,0.2067,0.3655,0.4278,3
63,0.208,0.3676,0.4244,3
64,0.2014,0.3729,0.4257,3
65,0.1989,0.3662,0.4349,3
66,0.2058,0.3526,0.4416,3
67,0.2077,0.3509,0.4414,3
68,0.2102,0.3527,0.4371,3
69,0.2178,0.3462,0.436,3
70,0.2203,0.3523,0.4274,3
71,0.2203,0.3569,0.4228,3
72,0.2117,0.3672,0.4211,3
73,0.2001,0.377,0.4229,3
74,0.1982,0.3685,0.4333,3
75,0.1962,0.3643,0.4395,3
76,0.2013,0.3605,0.4382,3
77,0.2026,0.3651,0.4323,3
78,0.2016,0.3695,0.4289,3
79,0.1955,0.372,0.4325,3
80,0.1934,0.369,0.4376,3
81,0.1955,0.3635,0.441,3
82,0.1973,0.3568,0.4459,3
83,0.1989,0.3547,0.4464,3
84,0.1951,0.3516,0.4533,3
85,0.1966,0.3425,0.4609,3
86,0.1991,0.3424,0.4585,3
87,0.2133,0.338,0.4487,3
88,0.2121,0.3535,0.4344,3
89,0.2142,0.3609,0.4249,3
90,0.2141,0.3704,0.4155,3
91,0.2068,0.3789,0.4143,3
92,0.1959,0.3861,0.418,3
93,0.202,0.3803,0.4177,3
94,0.199,0.381,0.42,3
95,0.2035,0.3729,0.4236,3
96,0.2046,0.3649,0.4305,3
97,0.2024,0.3529,0.4447,3
98,0.2052,0.3458,0.449,3
99,0.2022,0.3488,0.449,3
100,0.2004,0.3489,0.4507,3
101,0.2038,0.3455,0.4507,3
102,0.2088,0.3475,0.4437,3
103,0.2179,0.3569,0.4252,3
104,0.22,0.3717,0.4083,3
105,0.2189,0.3806,0.4005,3
106,0.2111,0.3896,0.3993,3
107,0.2103,0.3811,0.4086,3
108,0.2023,0.3767,0.421,3
109,0.2079,0.3631,0.429,3
110,0.2093,0.3597,0.431,3
111,0.2113,0.3627,0.426,3
112,0.2115,0.3684,0.4201,3
113,0.2157,0.3695,0.4148,3
114,0.2153,0.3778,0.4069,3
115,0.2067,0.3887,0.4046,3
116,0.2012,0.3929,0.4059,3
117,0.198,0.3848,0.4172,3
118,0.1986,0.3672,0.4342,3
119,0.1996,0.3546,0.4458,3
120,0.197,0.3541,0.4489,3
121,0.1994,0.3515,0.4491,3
122,0.2053,0.3477,0.447,3
123,0.2145,0.3513,0.4342,3
124,0.2158,0.3595,0.4247,3
125,0.214,0.3715,0.4145,3
126,0.2206,0.3686,0.4108,3
127,0.2217,0.3701,0.4082,3
128,0.2133,0.3714,0.4153,3
129,0.2067,0.3722,0.4211,3
130,0.1944,0.3796,0.426,3
131,0.1901,0.3751,0.4348,3
132,0.1938,0.3605,0.4457,3
133,0.2028,0.3508,0.4464,3
134,0.2023,0.3615,0.4362,3
135,0.2033,0.3732,0.4235,3
136,0.2152,0.3686,0.4162,3
137,0.2167,0.359,0.4243,3
138,0.214,0.3551,0.4309,3
139,0.2115,0.3551,0.4334,3
140,0.2083,0.3626,0.4291,3
141,0.2044,0.364,0.4316,3
142,0.2021,0.3663,0.4316,3
143,0.2036,0.3696,0.4268,3
144,0.2017,0.3773,0.421,3
145,0.1956,0.3874,0.417,3
146,0.1907,0.3872,0.4221,3
147,0.1796,0.3879,0.4325,3
148,0.177,0.3744,0.4486,3
149,0.1866,0.3464,0.467,3
150,0.1917,0.3325,0.4758,3
151,0.1995,0.3206,0.4799,3
152,0.2079,0.326,0.4661,3
153,0.2135,0.3373,0.4492,3
154,0.219,0.3436,0.4374,3
155,0.2213,0.3582,0.4205,3
156,0.2204,0.372,0.4076,3
157,0.2144,0.3839,0.4017,3
158,0.2049,0.3812,0.4139,3
159,0.198,0.3725,0.4295,3
160,0.1966,0.365,0.4384,3
161,0.2033,0.3546,0.4421,3
162,0.2074,0.3492,0.4434,3
163,0.2105,0.3479,0.4416,3
164,0.2286,0.3451,0.4263,3
165,0.2306,0.3606,0.4088,3
166,0.2236,0.3767,0.3997,3
167,0.2104,0.392,0.3976,3
168,0.2048,0.3842,0.411,3
169,0.198,0.3743,0.4277,3
170,0.1942,0.3656,0.4402,3
171,0.1965,0.357,0.4465,3
172,0.2012,0.3589,0.4399,3
173,0.2039,0.3721,0.424,3
174,0.2069,0.3823,0.4108,3
175,0.2007,0.3977,0.4016,3
176,0.1945,0.3938,0.4117,3
177,0.1859,0.3873,0.4268,3
178,0.1933,0.3691,0.4376,3
179,0.2037,0.3572,0.4391,3
180,0.2078,0.3531,0.4391,3
181,0.2048,0.3631,0.4321,3
182,0.2012,0.3684,0.4304,3
183,0.202,0.37,0.428,3
184,0.2113,0.3682,0.4205,3
185,0.2135,0.3764,0.4101,3
186,0.2103,0.3861,0.4036,3
187,0.2031,0.3898,0.4071,3
188,0.2017,0.3763,0.422,3
189,0.1996,0.3691,0.4313,3
190,0.2043,0.3682,0.4275,3
191,0.2043,0.37,0.4257,3
192,0.202,0.3732,0.4248,3
193,0.2011,0.3777,0.4212,3
194,0.2001,0.3796,0.4203,3
195,0.1973,0.3786,0.4241,3
196,0.1992,0.3761,0.4247,3
197,0.1985,0.3776,0.4239,3
198,0.1981,0.3761,0.4258,3
199,0.1908,0.3772,0.432,3
200,0.2005,0.3665,0.433,3
0,0.3358,0.3338,0.3304,4
1,0.3631,0.383,0.2539,4
2,0.2635,0.4908,0.2457,4
3,0.1924,0.5024,0.3052,4
4,0.1577,0.4509,0.3914,4
5,0.1593,0.3862,0.4545,4
6,0.178,0.3316,0.4904,4
7,0.2072,0.2989,0.4939,4
8,0.2337,0.2953,0.471,4
9,0.2435,0.3142,0.4423,4
10,0.2416,0.359,0.3994,4
11,0.2353,0.3985,0.3662,4
12,0.2235,0.4227,0.3538,4
13,0.1999,0.4373,0.3628,4
14,0.187,0.4288,0.3842,4
15,0.1886,0.4025,0.4089,4
16,0.1899,0.3738,0.4363,4
17,0.1981,0.3402,0.4617,4
18,0.2137,0.3198,0.4665,4
19,0.2285,0.3201,0.4514,4
20,0.2375,0.344,0.4185,4
21,0.2297,0.3766,0.3937,4
22,0.2247,0.3907,0.3846,4
23,0.2196,0.3961,0.3843,4
24,0.2074,0.4023,0.3903,4
25,0.1958,0.3965,0.4077,4
26,0.1874,0.3774,0.4352,4
27,0.1968,0.3471,0.4561,4
28,0.2126,0.3224,0.465,4
29,0.2244,0.3118,0.4638,4
30,0.2352,0.314,0.4508,4
31,0.2391,0.3269,0.434,4
32,0.2426,0.3365,0.4209,4
33,0.2374,0.3437,0.4189,4
34,0.2347,0.3486,0.4167,4
35,0.2178,0.3674,0.4148,4
36,0.2208,0.3585,0.4207,4
37,0.2202,0.357,0.4228,4
38,0.2206,0.3597,0.4197,4
39,0.218,0.3664,0.4156,4
40,0.2157,0.3739,0.4104,4
41,0.2155,0.3742,0.4103,4
42,0.2127,0.3788,0.4085,4
43,0.2108,0.3834,0.4058,4
44,0.2141,0.3794,0.4065,4
45,0.2202,0.3748,0.405,4
46,0.2297,0.369,0.4013,4
47,0.2243,0.3786,0.3971,4
48,0.2227,0.3741,0.4032,4
49,0.2158,0.3759,0.4083,4
50,0.209,0.3769,0.4141,4
51,0.1952,0.3805,0.4243,4
52,0.1866,0.3765,0.4369,4
53,0.185,0.3652,0.4498,4
54,0.1938,0.3522,0.454,4
55,0.1995,0.3471,0.4534,4
56,0.2099,0.3417,0.4484,4
57,0.2118,0.3526,0.4356,4
58,0.2156,0.3548,0.4296,4
59,0.212,0.357,0.431,4
60,0.2085,0.3594,0.4321,4
61,0.2089,0.3604,0.4307,4
62,0.2121,0.3536,0.4343,4
63,0.2065,0.355,0.4385,4
64,0.2009,0.3657,0.4334,4
65,0.1986,0.3701,0.4313,4
66,0.1948,0.3628,0.4424,4
67,0.1988,0.3396,0.4616,4
68,0.2032,0.3274,0.4694,4
69,0.2077,0.3312,0.4611,4
70,0.2096,0.3462,0.4442,4
71,0.2049,0.3626,0.4325,4
72,0.2062,0.365,0.4288,4
73,0.217,0.3523,0.4307,4
74,0.2249,0.3548,0.4203,4
75,0.2167,0.3764,0.4069,4
76,0.2007,0.3983,0.401,4
77,0.1951,0.3884,0.4165,4
78,0.2008,0.3646,0.4346,4
79,0.2067,0.3507,0.4426,4
80,0.212,0.3463,0.4417,4
81,0.2213,0.3478,0.4309,4
82,0.2239,0.3635,0.4126,4
83,0.2156,0.3878,0.3966,4
84,0.2043,0.4067,0.389,4
85,0.1919,0.4172,0.3909,4
86,0.189,0.4046,0.4064,4
87,0.1883,0.3918,0.4199,4
88,0.1892,0.3815,0.4293,4
89,0.1931,0.3752,0.4317,4
90,0.1972,0.3616,0.4412,4
91,0.1966,0.3553,0.4481,4
92,0.1966,0.359,0.4444,4
93,0.1971,0.3645,0.4384,4
94,0.1968,0.373,0.4302,4
95,0.1934,0.3796,0.427,4
96,0.1787,0.3805,0.4408,4
97,0.166,0.372,0.462,4
98,0.1717,0.3477,0.4806,4
99,0.1834,0.3246,0.492,4
100,0.1949,0.319,0.4861,4
101,0.2063,0.3181,0.4756,4
102,0.208,0.3368,0.4552,4
103,0.2127,0.3538,0.4335,4
104,0.2164,0.3677,0.4159,4
105,0.2087,0.3889,0.4024,4
106,0.201,0.4011,0.3979,4
107,0.1935,0.4028,0.4037,4
108,0.1787,0.3998,0.4215,4
109,0.1786,0.3664,0.455,4
110,0.1913,0.3316,0.4771,4
111,0.2062,0.3135,0.4803,4
112,0.2163,0.3203,0.4634,4
113,0.2273,0.3381,0.4346,4
114,0.2327,0.3634,0.4039,4
115,0.2323,0.3879,0.3798,4
116,0.2179,0.4025,0.3796,4
117,0.2031,0.398,0.3989,4
118,0.1928,0.3868,0.4204,4
119,0.1929,0.37,0.4371,4
120,0.2,0.3528,0.4472,4
121,0.2071,0.3442,0.4487,4
122,0.2125,0.3403,0.4472,4
123,0.2224,0.3452,0.4324,4
124,0.2245,0.358,0.4175,4
125,0.2209,0.3791,0.4,4
126,0.2183,0.3866,0.3951,4
127,0.2127,0.397,0.3903,4
128,0.1989,0.4068,0.3943,4
129,0.1915,0.3978,0.4107,4
130,0.1887,0.3873,0.424,4
131,0.1952,0.3737,0.4311,4
132,0.2021,0.37,0.4279,4
133,0.206,0.3676,0.4264,4
134,0.2124,0.3636,0.424,4
135,0.1999,0.3706,0.4295,4
136,0.2023,0.3584,0.4393,4
137,0.209,0.3464,0.4446,4
138,0.2035,0.3445,0.452,4
139,0.2065,0.3349,0.4586,4
140,0.2113,0.3281,0.4606,4
141,0.2226,0.3297,0.4477,4
142,0.2313,0.3361,0.4326,4
143,0.2396,0.3496,0.4108,4
144,0.2341,0.3681,0.3978,4
145,0.2248,0.3763,0.3989,4
146,0.2161,0.3713,0.4126,4
147,0.2099,0.3634,0.4267,4
148,0.2066,0.3568,0.4366,4
149,0.2046,0.3502,0.4452,4
150,0.211,0.3398,0.4492,4
151,0.2145,0.3425,0.443,4
152,0.2241,0.3534,0.4225,4
153,0.2247,0.3766,0.3987,4
154,0.2094,0.4086,0.382,4
155,0.1975,0.4254,0.3771,4
156,0.194,0.4237,0.3823,4
157,0.1899,0.4113,0.3988,4
158,0.1905,0.3989,0.4106,4
159,0.1971,0.387,0.4159,4
160,0.1994,0.3825,0.4181,4
161,0.2034,0.3702,0.4264,4
162,0.2064,0.3638,0.4298,4
163,0.2007,0.3691,0.4302,4
164,0.1943,0.3688,0.4369,4
165,0.193,0.3656,0.4414,4
166,0.1982,0.3525,0.4493,4
167,0.2031,0.3423,0.4546,4
168,0.2079,0.3376,0.4545,4
169,0.2084,0.3354,0.4562,4
170,0.2163,0.339,0.4447,4
171,0.2175,0.3551,0.4274,4
172,0.2205,0.3626,0.4169,4
173,0.2076,0.3747,0.4177,4
174,0.1982,0.3747,0.4271,4
175,0.1904,0.3725,0.4371,4
176,0.1905,0.36,0.4495,4
177,0.2013,0.342,0.4567,4
178,0.2049,0.3425,0.4526,4
179,0.2147,0.3434,0.4419,4
180,0.221,0.3527,0.4263,4
181,0.2234,0.3639,0.4127,4
182,0.2103,0.3835,0.4062,4
183,0.1994,0.3892,0.4114,4
184,0.1967,0.3697,0.4336,4
185,0.1949,0.3532,0.4519,4
186,0.1985,0.3424,0.4591,4
187,0.2061,0.3385,0.4554,4
188,0.212,0.341,0.447,4
189,0.2202,0.3504,0.4294,4
190,0.2159,0.3789,0.4052,4
191,0.2067,0.3988,0.3945,4
192,0.1984,0.404,0.3976,4
193,0.1863,0.4013,0.4124,4
194,0.1804,0.3759,0.4437,4
195,0.1926,0.3492,0.4582,4
196,0.2021,0.3372,0.4607,4
197,0.2033,0.3402,0.4565,4
198,0.2166,0.3352,0.4482,4
199,0.2238,0.3408,0.4354,4
200,0.2182,0.3535,0.4283,4
0,0.3351,0.3317,0.3332,5
1,0.3556,0.396,0.2484,5
2,0.2578,0.4973,0.2449,5
3,0.1914,0.5108,0.2978,5
4,0.1621,0.4694,0.3685,5
5,0.1599,0.399,0.4411,5
6,0.1816,0.3292,0.4892,5
7,0.2015,0.2904,0.5081,5
8,0.2246,0.2748,0.5006,5
9,0.2453,0.2863,0.4684,5
10,0.2588,0.3217,0.4195,5
11,0.2422,0.3758,0.382,5
12,0.2218,0.4183,0.3599,5
13,0.1967,0.4405,0.3628,5
14,0.185,0.4294,0.3856,5
15,0.1868,0.3993,0.4139,5
16,0.1889,0.3693,0.4418,5
17,0.1928,0.3443,0.4629,5
18,0.2034,0.328,0.4686,5
19,0.2176,0.3226,0.4598,5
20,0.2244,0.3361,0.4395,5
21,0.2106,0.3647,0.4247,5
22,0.2056,0.3755,0.4189,5
23,0.2118,0.3707,0.4175,5
24,0.2112,0.3682,0.4206,5
25,0.2091,0.3686,0.4223,5
26,0.2058,0.3688,0.4254,5
27,0.2032,0.3686,0.4282,5
28,0.1968,0.3698,0.4334,5
29,0.1923,0.3727,0.435,5
30,0.1984,0.3629,0.4387,5
31,0.2037,0.3622,0.4341,5
32,0.2099,0.3663,0.4238,5
33,0.2115,0.3788,0.4097,5
34,0.2126,0.3847,0.4027,5
35,0.2095,0.3905,0.4,5
36,0.199,0.3959,0.4051,5
37,0.1879,0.3874,0.4247,5
38,0.1915,0.3629,0.4456,5
39,0.1993,0.3392,0.4615,5
40,0.2025,0.3322,0.4653,5
41,0.2143,0.3323,0.4534,5
42,0.2227,0.3442,0.4331,5
43,0.2231,0.3639,0.413,5
44,0.2193,0.3806,0.4001,5
45,0.2142,0.3851,0.4007,5
46,0.2088,0.3829,0.4083,5
47,0.2051,0.3705,0.4244,5
48,0.2015,0.3576,0.4409,5
49,0.2067,0.3497,0.4436,5
50,0.2111,0.3486,0.4403,5
51,0.2059,0.3551,0.439,5
52,0.21,0.3601,0.4299,5
53,0.2119,0.369,0.4191,5
54,0.2113,0.3729,0.4158,5
55,0.2111,0.3766,0.4123,5
56,0.2141,0.3785,0.4074,5
57,0.2101,0.3766,0.4133,5
58,0.21,0.3714,0.4186,5
59,0.2073,0.3698,0.4229,5
60,0.2043,0.3702,0.4255,5
61,0.2056,0.3657,0.4287,5
62,0.2035,0.3696,0.4269,5
63,0.2057,0.3728,0.4215,5
64,0.2071,0.3754,0.4175,5
65,0.2056,0.3816,0.4128,5
66,0.1962,0.3819,0.4219,5
67,0.1955,0.3774,0.4271,5
68,0.1944,0.3675,0.4381,5
69,0.192,0.3607,0.4473,5
70,0.1911,0.3636,0.4453,5
71,0.184,0.3756,0.4404,5
72,0.1812,0.3801,0.4387,5
73,0.184,0.3762,0.4398,5
74,0.1903,0.3654,0.4443,5
75,0.2006,0.3509,0.4485,5
76,0.2025,0.3483,0.4492,5
77,0.2036,0.3511,0.4453,5
78,0.2174,0.3419,0.4407,5
79,0.2198,0.3428,0.4374,5
80,0.2185,0.3498,0.4317,5
81,0.2118,0.3602,0.428,5
82,0.2049,0.3675,0.4276,5
83,0.2078,0.3602,0.432,5
84,0.2071,0.3621,0.4308,5
85,0.2105,0.3633,0.4262,5
86,0.2098,0.3641,0.4261,5
87,0.2166,0.3635,0.4199,5
88,0.2129,0.3685,0.4186,5
89,0.2116,0.3661,0.4223,5
90,0.2172,0.3593,0.4235,5
91,0.2224,0.3526,0.425,5
92,0.2219,0.3582,0.4199,5
93,0.2128,0.3665,0.4207,5
94,0.2119,0.3599,0.4282,5
95,0.2048,0.3574,0.4378,5
96,0.2012,0.3581,0.4407,5
97,0.1962,0.3589,0.4449,5
98,0.2032,0.3507,0.4461,5
99,0.2069,0.3502,0.4429,5
100,0.2093,0.3483,0.4424,5
101,0.2058,0.3608,0.4334,5
102,0.2075,0.3685,0.424,5
103,0.2041,0.3786,0.4173,5
104,0.2016,0.3762,0.4222,5
105,0.1983,0.3694,0.4323,5
106,0.2057,0.3573,0.437,5
107,0.2089,0.353,0.4381,5
108,0.2072,0.3588,0.434,5
109,0.1988,0.3602,0.441,5
110,0.1978,0.3542,0.448,5
111,0.2008,0.3471,0.4521,5
112,0.2152,0.3374,0.4474,5
113,0.2231,0.3451,0.4318,5
114,0.22,0.3612,0.4188,5
115,0.2165,0.3672,0.4163,5
116,0.2128,0.3693,0.4179,5
117,0.2111,0.3734,0.4155,5
118,0.2134,0.3723,0.4143,5
119,0.1998,0.3844,0.4158,5
120,0.1913,0.382,0.4267,5
121,0.1902,0.3693,0.4405,5
122,0.1946,0.3546,0.4508,5
123,0.2044,0.3385,0.4571,5
124,0.2099,0.3312,0.4589,5
125,0.2126,0.3348,0.4526,5
126,0.2088,0.3454,0.4458,5
127,0.2142,0.3475,0.4383,5
128,0.2081,0.3504,0.4415,5
129,0.2022,0.3493,0.4485,5
130,0.2015,0.3421,0.4564,5
131,0.2097,0.339,0.4513,5
132,0.218,0.3408,0.4412,5
133,0.2209,0.3428,0.4363,5
134,0.2191,0.3514,0.4295,5
135,0.2099,0.364,0.4261,5
136,0.2174,0.366,0.4166,5
137,0.2139,0.3682,0.4179,5
138,0.2112,0.3661,0.4227,5
139,0.2043,0.3696,0.4261,5
140,0.2036,0.3711,0.4253,5
141,0.2046,0.3679,0.4275,5
142,0.202,0.3734,0.4246,5
143,0.1899,0.3856,0.4245,5
144,0.1921,0.38,0.4279,5
145,0.1964,0.3756,0.428,5
146,0.2056,0.3705,0.4239,5
147,0.2103,0.3629,0.4268,5
148,0.2164,0.3545,0.4291,5
149,0.219,0.3554,0.4256,5
150,0.2128,0.3583,0.4289,5
151,0.2104,0.3587,0.4309,5
152,0.2173,0.3528,0.4299,5
153,0.2179,0.3532,0.4289,5
154,0.2206,0.3587,0.4207,5
155,0.2202,0.3733,0.4065,5
156,0.2128,0.3891,0.3981,5
157,0.2051,0.3998,0.3951,5
158,0.1967,0.4042,0.3991,5
159,0.1818,0.4084,0.4098,5
160,0.1884,0.3863,0.4253,5
161,0.194,0.3658,0.4402,5
162,0.1967,0.3569,0.4464,5
163,0.1926,0.3538,0.4536,5
164,0.1946,0.3505,0.4549,5
165,0.2072,0.3399,0.4529,5
166,0.2182,0.3378,0.444,5
167,0.2217,0.3532,0.4251,5
168,0.2217,0.3651,0.4132,5
169,0.2042,0.3811,0.4147,5
170,0.1917,0.3791,0.4292,5
171,0.188,0.3641,0.4479,5
172,0.1898,0.3469,0.4633,5
173,0.2033,0.3282,0.4685,5
174,0.2168,0.3256,0.4576,5
175,0.2316,0.3374,0.431,5
176,0.2322,0.3661,0.4017,5
177,0.2229,0.3911,0.386,5
178,0.2085,0.4042,0.3873,5
179,0.1845,0.4067,0.4088,5
180,0.1823,0.3821,0.4356,5
181,0.1904,0.3535,0.4561,5
182,0.205,0.3384,0.4566,5
183,0.2155,0.3377,0.4468,5
184,0.2206,0.3602,0.4192,5
185,0.2102,0.3858,0.404,5
186,0.2007,0.3962,0.4031,5
187,0.2001,0.386,0.4139,5
188,0.1993,0.3734,0.4273,5
189,0.1896,0.3686,0.4418,5
190,0.193,0.3545,0.4525,5
191,0.1967,0.3457,0.4576,5
192,0.2063,0.3344,0.4593,5
193,0.2083,0.3407,0.451,5
194,0.2145,0.3502,0.4353,5
195,0.2133,0.3641,0.4226,5
196,0.2151,0.3709,0.414,5
197,0.2102,0.3774,0.4124,5
198,0.2063,0.3805,0.4132,5
199,0.2062,0.3735,0.4203,5
200,0.2033,0.3693,0.4274,5
0,0.3364,0.3342,0.3294,6
1,0.3536,0.3929,0.2535,6
2,0.2572,0.4889,0.2539,6
3,0.1877,0.5031,0.3092,6
4,0.1678,0.4512,0.381,6
5,0.1668,0.3808,0.4524,6
6,0.182,0.3162,0.5018,6
7,0.2006,0.2839,0.5155,6
8,0.2229,0.2796,0.4975,6
9,0.2481,0.2976,0.4543,6
10,0.2615,0.3289,0.4096,6
11,0.25,0.3758,0.3742,6
12,0.2261,0.4167,0.3572,6
13,0.2063,0.4361,0.3576,6
14,0.1931,0.425,0.3819,6
15,0.182,0.401,0.417,6
16,0.1776,0.3731,0.4493,6
17,0.1812,0.3477,0.4711,6
18,0.1915,0.3244,0.4841,6
19,0.2061,0.3141,0.4798,6
20,0.2204,0.3204,0.4592,6
21,0.2301,0.3411,0.4288,6
22,0.2303,0.3634,0.4063,6
23,0.2254,0.3776,0.397,6
24,0.217,0.3852,0.3978,6
25,0.2062,0.3858,0.408,6
26,0.2004,0.3758,0.4238,6
27,0.1995,0.3664,0.4341,6
28,0.2011,0.3498,0.4491,6
29,0.2085,0.3425,0.449,6
30,0.2178,0.3498,0.4324,6
31,0.2232,0.3617,0.4151,6
32,0.2205,0.3813,0.3982,6
33,0.2141,0.3941,0.3918,6
34,0.2094,0.398,0.3926,6
35,0.207,0.3859,0.4071,6
36,0.1992,0.3745,0.4263,6
37,0.1935,0.3611,0.4454,6
38,0.206,0.3392,0.4548,6
39,0.2203,0.3335,0.4462,6
40,0.2204,0.3461,0.4335,6
41,0.2172,0.3626,0.4202,6
42,0.207,0.3824,0.4106,6
43,0.1991,0.3972,0.4037,6
44,0.1897,0.3977,0.4126,6
45,0.1818,0.3866,0.4316,6
46,0.1851,0.3666,0.4483,6
47,0.1954,0.3481,0.4565,6
48,0.2027,0.3401,0.4572,6
49,0.2035,0.3481,0.4484,6
50,0.2074,0.3526,0.44,6
51,0.2144,0.3593,0.4263,6
52,0.2127,0.3708,0.4165,6
53,0.2073,0.3759,0.4168,6
54,0.1964,0.3819,0.4217,6
55,0.1877,0.3812,0.4311,6
56,0.1907,0.3705,0.4388,6
57,0.1925,0.3687,0.4388,6
58,0.2036,0.3584,0.438,6
59,0.2056,0.3632,0.4312,6
60,0.2102,0.3668,0.423,6
61,0.209,0.3708,0.4202,6
62,0.206,0.373,0.421,6
63,0.2078,0.3731,0.4191,6
64,0.2058,0.3749,0.4193,6
65,0.2046,0.3686,0.4268,6
66,0.209,0.3599,0.4311,6
67,0.2147,0.3597,0.4256,6
68,0.2138,0.3638,0.4224,6
69,0.2145,0.3772,0.4083,6
70,0.2201,0.3827,0.3972,6
71,0.2121,0.3914,0.3965,6
72,0.2073,0.3919,0.4008,6
73,0.2057,0.3871,0.4072,6
74,0.1996,0.3806,0.4198,6
75,0.1915,0.376,0.4325,6
76,0.1866,0.369,0.4444,6
77,0.1917,0.3556,0.4527,6
78,0.2,0.3495,0.4505,6
79,0.2087,0.3503,0.441,6
80,0.2083,0.3614,0.4303,6
81,0.2082,0.3698,0.422,6
82,0.2023,0.3784,0.4193,6
83,0.2098,0.3672,0.423,6
84,0.2097,0.3574,0.4329,6
85,0.2034,0.3543,0.4423,6
86,0.201,0.3532,0.4458,6
87,0.2014,0.3463,0.4523,6
88,0.2061,0.3379,0.456,6
89,0.2132,0.3403,0.4465,6
90,0.2089,0.3572,0.4339,6
91,0.2028,0.3726,0.4246,6
92,0.1959,0.3763,0.4278,6
93,0.1943,0.367,0.4387,6
94,0.1957,0.359,0.4453,6
95,0.2047,0.3473,0.448,6
96,0.2066,0.3443,0.4491,6
97,0.2112,0.349,0.4398,6
98,0.2197,0.3553,0.425,6
99,0.2157,0.3717,0.4126,6
100,0.2112,0.3816,0.4072,6
101,0.2009,0.3975,0.4016,6
102,0.193,0.3994,0.4076,6
103,0.1811,0.3984,0.4205,6
104,0.179,0.3868,0.4342,6
105,0.1763,0.3788,0.4449,6
106,0.1843,0.3671,0.4486,6
107,0.1952,0.3613,0.4435,6
108,0.2026,0.3621,0.4353,6
109,0.2034,0.3677,0.4289,6
110,0.1992,0.3801,0.4207,6
111,0.1943,0.3859,0.4198,6
112,0.1913,0.378,0.4307,6
113,0.189,0.3618,0.4492,6
114,0.1912,0.3517,0.4571,6
115,0.1967,0.337,0.4663,6
116,0.2059,0.3347,0.4594,6
117,0.2104,0.3413,0.4483,6
118,0.2139,0.3502,0.4359,6
119,0.2122,0.3582,0.4296,6
120,0.2011,0.3655,0.4334,6
121,0.184,0.3702,0.4458,6
122,0.1859,0.3616,0.4525,6
123,0.2018,0.3474,0.4508,6
124,0.2064,0.3568,0.4368,6
125,0.2022,0.369,0.4288,6
126,0.1937,0.3815,0.4248,6
127,0.1899,0.3844,0.4257,6
128,0.184,0.3825,0.4335,6
129,0.1875,0.3759,0.4366,6
130,0.1815,0.3703,0.4482,6
131,0.1849,0.3566,0.4585,6
132,0.1848,0.3474,0.4678,6
133,0.189,0.341,0.47,6
134,0.1902,0.3368,0.473,6
135,0.1877,0.3383,0.474,6
136,0.1986,0.3363,0.4651,6
137,0.2041,0.3393,0.4566,6
138,0.2104,0.3363,0.4533,6
139,0.2118,0.349,0.4392,6
140,0.2147,0.3554,0.4299,6
141,0.2141,0.3638,0.4221,6
142,0.2094,0.3692,0.4214,6
143,0.2072,0.3615,0.4313,6
144,0.205,0.3611,0.4339,6
145,0.2026,0.372,0.4254,6
146,0.2002,0.3819,0.4179,6
147,0.2034,0.3846,0.412,6
148,0.2061,0.3766,0.4173,6
149,0.2034,0.3756,0.421,6
150,0.1914,0.383,0.4256,6
151,0.1885,0.3721,0.4394,6
152,0.1955,0.36,0.4445,6
153,0.2019,0.358,0.4401,6
154,0.2036,0.362,0.4344,6
155,0.1954,0.3752,0.4294,6
156,0.1849,0.3859,0.4292,6
157,0.1802,0.3808,0.439,6
158,0.1808,0.3643,0.4549,6
159,0.1858,0.3508,0.4634,6
160,0.1981,0.3368,0.4651,6
161,0.2061,0.3361,0.4578,6
162,0.2127,0.338,0.4493,6
163,0.2241,0.3403,0.4356,6
164,0.23,0.3474,0.4226,6
165,0.2237,0.3615,0.4148,6
166,0.2154,0.371,0.4136,6
167,0.2143,0.3662,0.4195,6
168,0.2171,0.3539,0.429,6
169,0.2145,0.3466,0.4389,6
170,0.2185,0.3406,0.4409,6
171,0.2022,0.3494,0.4484,6
172,0.1968,0.352,0.4512,6
173,0.2033,0.3514,0.4453,6
174,0.2074,0.3528,0.4398,6
175,0.1956,0.3691,0.4353,6
176,0.1893,0.3724,0.4383,6
177,0.1876,0.3697,0.4427,6
178,0.1979,0.3527,0.4494,6
179,0.2018,0.3478,0.4504,6
180,0.2031,0.3561,0.4408,6
181,0.1954,0.3696,0.435,6
182,0.1995,0.3698,0.4307,6
183,0.2062,0.3669,0.4269,6
184,0.2048,0.3689,0.4263,6
185,0.1963,0.3734,0.4303,6
186,0.1941,0.3709,0.435,6
187,0.1982,0.3616,0.4402,6
188,0.1976,0.3535,0.4489,6
189,0.1979,0.3522,0.4499,6
190,0.1998,0.3437,0.4565,6
191,0.1956,0.3436,0.4608,6
192,0.1988,0.3367,0.4645,6
193,0.2063,0.3385,0.4552,6
194,0.2083,0.3501,0.4416,6
195,0.2088,0.3579,0.4333,6
196,0.2047,0.3605,0.4348,6
197,0.2002,0.3572,0.4426,6
198,0.1989,0.353,0.4481,6
199,0.1973,0.349,0.4537,6
200,0.2011,0.3424,0.4565,6
0,0.337,0.3335,0.3295,7
1,0.3477,0.3942,0.2581,7
2,0.2697,0.4766,0.2537,7
3,0.196,0.4951,0.3089,7
4,0.169,0.4375,0.3935,7
5,0.1806,0.3538,0.4656,7
6,0.2069,0.2909,0.5022,7
7,0.2372,0.2702,0.4926,7
8,0.2523,0.2942,0.4535,7
9,0.2559,0.3459,0.3982,7
10,0.2449,0.4011,0.354,7
11,0.2152,0.4506,0.3342,7
12,0.1922,0.4639,0.3439,7
13,0.1834,0.4442,0.3724,7
14,0.1811,0.4043,0.4146,7
15,0.184,0.3606,0.4554,7
16,0.1895,0.3306,0.4799,7
17,0.2028,0.3134,0.4838,7
18,0.2194,0.3102,0.4704,7
19,0.2284,0.3173,0.4543,7
20,0.2256,0.3389,0.4355,7
21,0.2184,0.3637,0.4179,7
22,0.2087,0.385,0.4063,7
23,0.2106,0.3893,0.4001,7
24,0.2073,0.391,0.4017,7
25,0.2105,0.3832,0.4063,7
26,0.207,0.3836,0.4094,7
27,0.2036,0.3783,0.4181,7
28,0.206,0.3717,0.4223,7
29,0.2078,0.3659,0.4263,7
30,0.2086,0.3656,0.4258,7
31,0.2046,0.3673,0.4281,7
32,0.2019,0.3688,0.4293,7
33,0.2039,0.3652,0.4309,7
34,0.2074,0.3704,0.4222,7
35,0.2073,0.3801,0.4126,7
36,0.2015,0.3972,0.4013,7
37,0.1911,0.4048,0.4041,7
38,0.183,0.4033,0.4137,7
39,0.1828,0.3916,0.4256,7
40,0.192,0.3606,0.4474,7
41,0.2036,0.3417,0.4547,7
42,0.2119,0.3424,0.4457,7
43,0.2001,0.3575,0.4424,7
44,0.2041,0.3553,0.4406,7
45,0.2105,0.3519,0.4376,7
46,0.2131,0.352,0.4349,7
47,0.2095,0.3645,0.426,7
48,0.2038,0.3726,0.4236,7
49,0.2007,0.3797,0.4196,7
50,0.2034,0.3776,0.419,7
51,0.2058,0.3792,0.415,7
52,0.2127,0.3746,0.4127,7
53,0.2095,0.3751,0.4154,7
54,0.2072,0.3747,0.4181,7
55,0.2065,0.3732,0.4203,7
56,0.198,0.3797,0.4223,7
57,0.194,0.3771,0.4289,7
58,0.1859,0.3752,0.4389,7
59,0.1898,0.3523,0.4579,7
60,0.1983,0.3389,0.4628,7
61,0.2114,0.3372,0.4514,7
62,0.2133,0.3573,0.4294,7
63,0.218,0.3759,0.4061,7
64,0.2103,0.397,0.3927,7
65,0.1985,0.4109,0.3906,7
66,0.1948,0.4069,0.3983,7
67,0.199,0.3864,0.4146,7
68,0.1974,0.3646,0.438,7
69,0.1959,0.3508,0.4533,7
70,0.2009,0.3418,0.4573,7
71,0.2054,0.3362,0.4584,7
72,0.2134,0.3339,0.4527,7
73,0.2248,0.3358,0.4394,7
74,0.2291,0.3518,0.4191,7
75,0.2184,0.3699,0.4117,7
76,0.211,0.3723,0.4167,7
77,0.2102,0.3656,0.4242,7
78,0.2134,0.3572,0.4294,7
79,0.2187,0.356,0.4253,7
80,0.2114,0.3665,0.4221,7
81,0.2101,0.3719,0.418,7
82,0.2119,0.3737,0.4144,7
83,0.2109,0.3702,0.4189,7
84,0.2101,0.3649,0.425,7
85,0.2088,0.3559,0.4353,7
86,0.2057,0.347,0.4473,7
87,0.2071,0.3407,0.4522,7
88,0.2149,0.3381,0.447,7
89,0.2261,0.3336,0.4403,7
90,0.2302,0.3451,0.4247,7
91,0.2217,0.3691,0.4092,7
92,0.217,0.3794,0.4036,7
93,0.2138,0.3815,0.4047,7
94,0.2041,0.3783,0.4176,7
95,0.2028,0.3661,0.4311,7
96,0.2026,0.3556,0.4418,7
97,0.193,0.3565,0.4505,7
98,0.1973,0.3425,0.4602,7
99,0.2021,0.3428,0.4551,7
100,0.2071,0.343,0.4499,7
101,0.2136,0.3401,0.4463,7
102,0.2218,0.3489,0.4293,7
103,0.2221,0.364,0.4139,7
104,0.2202,0.3722,0.4076,7
105,0.211,0.3806,0.4084,7
106,0.2024,0.3878,0.4098,7
107,0.1968,0.3825,0.4207,7
108,0.1849,0.3733,0.4418,7
109,0.1909,0.3506,0.4585,7
110,0.1979,0.3361,0.466,7
111,0.2039,0.3262,0.4699,7
112,0.2139,0.3218,0.4643,7
113,0.2199,0.3268,0.4533,7
114,0.2181,0.3424,0.4395,7
115,0.2217,0.3595,0.4188,7
116,0.2206,0.3686,0.4108,7
117,0.2174,0.3768,0.4058,7
118,0.2092,0.3804,0.4104,7
119,0.2075,0.3738,0.4187,7
120,0.2048,0.3646,0.4306,7
121,0.2015,0.3564,0.4421,7
122,0.2008,0.3494,0.4498,7
123,0.2042,0.3464,0.4494,7
124,0.2055,0.3535,0.441,7
125,0.2071,0.3536,0.4393,7
126,0.197,0.3653,0.4377,7
127,0.1921,0.3649,0.443,7
128,0.1928,0.3637,0.4435,7
129,0.1932,0.3644,0.4424,7
130,0.1946,0.3618,0.4436,7
131,0.1979,0.3625,0.4396,7
132,0.197,0.3713,0.4317,7
133,0.2029,0.3691,0.428,7
134,0.2112,0.365,0.4238,7
135,0.2111,0.3697,0.4192,7
136,0.2124,0.3738,0.4138,7
137,0.2159,0.3709,0.4132,7
138,0.2078,0.371,0.4212,7
139,0.2028,0.3636,0.4336,7
140,0.2071,0.3517,0.4412,7
141,0.2082,0.3551,0.4367,7
142,0.2077,0.3661,0.4262,7
143,0.2074,0.3777,0.4149,7
144,0.209,0.3862,0.4048,7
145,0.2093,0.3903,0.4004,7
146,0.2025,0.3921,0.4054,7
147,0.1899,0.3995,0.4106,7
148,0.1885,0.3983,0.4132,7
149,0.1894,0.3925,0.4181,7
150,0.1963,0.3811,0.4226,7
151,0.1958,0.3783,0.4259,7
152,0.1948,0.3801,0.4251,7
153,0.1905,0.3744,0.4351,7
154,0.1905,0.3633,0.4462,7
155,0.1933,0.3495,0.4572,7
156,0.1946,0.3445,0.4609,7
157,0.1969,0.3466,0.4565,7
158,0.2002,0.3493,0.4505,7
159,0.2033,0.3547,0.442,7
160,0.2056,0.3577,0.4367,7
161,0.2065,0.3665,0.427,7
162,0.2011,0.3799,0.419,7
163,0.1812,0.3909,0.4279,7
164,0.1783,0.3724,0.4493,7
165,0.1838,0.3564,0.4598,7
166,0.1932,0.3414,0.4654,7
167,0.1984,0.3445,0.4571,7
168,0.2059,0.3549,0.4392,7
169,0.21,0.3675,0.4225,7
170,0.2066,0.3788,0.4146,7
171,0.1995,0.3863,0.4142,7
172,0.1908,0.3926,0.4166,7
173,0.1851,0.3812,0.4337,7
174,0.1882,0.3624,0.4494,7
175,0.1996,0.3528,0.4476,7
176,0.2073,0.3439,0.4488,7
177,0.2114,0.3529,0.4357,7
178,0.223,0.3548,0.4222,7
179,0.2111,0.3736,0.4153,7
180,0.2082,0.3712,0.4206,7
181,0.2045,0.3683,0.4272,7
182,0.2003,0.3618,0.4379,7
183,0.2008,0.3536,0.4456,7
184,0.195,0.3503,0.4547,7
185,0.2022,0.3488,0.449,7
186,0.2083,0.3597,0.432,7
187,0.1995,0.3857,0.4148,7
188,0.1913,0.3935,0.4152,7
189,0.1848,0.386,0.4292,7
190,0.1821,0.3733,0.4446,7
191,0.1899,0.3557,0.4544,7
192,0.1961,0.3404,0.4635,7
193,0.2092,0.3311,0.4597,7
194,0.2083,0.349,0.4427,7
195,0.2037,0.3715,0.4248,7
196,0.2058,0.3776,0.4166,7
197,0.2046,0.3853,0.4101,7
198,0.1995,0.3888,0.4117,7
199,0.19,0.3909,0.4191,7
200,0.1843,0.3837,0.432,7
0,0.3405,0.3206,0.3389,8
1,0.3795,0.3834,0.2371,8
2,0.2757,0.5094,0.2149,8
3,0.1791,0.5514,0.2695,8
4,0.1386,0.5165,0.3449,8
5,0.1367,0.4303,0.433,8
6,0.1603,0.3386,0.5011,8
7,0.2014,0.2733,0.5253,8
8,0.2447,0.2445,0.5108,8
9,0.2843,0.2587,0.457,8
10,0.3025,0.3122,0.3853,8
11,0.299,0.3739,0.3271,8
12,0.2744,0.4358,0.2898,8
13,0.2251,0.4814,0.2935,8
14,0.185,0.4869,0.3281,8
15,0.1621,0.4551,0.3828,8
16,0.1556,0.4028,0.4416,8
17,0.1673,0.3442,0.4885,8
18,0.1866,0.3064,0.507,8
19,0.2129,0.2914,0.4957,8
20,0.226,0.3156,0.4584,8
21,0.2284,0.361,0.4106,8
22,0.2185,0.401,0.3805,8
23,0.2109,0.4185,0.3706,8
24,0.1975,0.4192,0.3833,8
25,0.1772,0.4114,0.4114,8
26,0.1764,0.383,0.4406,8
27,0.1867,0.3498,0.4635,8
28,0.2046,0.3285,0.4669,8
29,0.2156,0.3289,0.4555,8
30,0.2201,0.3501,0.4298,8
31,0.2228,0.3766,0.4006,8
32,0.2199,0.4051,0.375,8
33,0.2105,0.4272,0.3623,8
34,0.1996,0.437,0.3634,8
35,0.1796,0.4358,0.3846,8
36,0.1773,0.4162,0.4065,8
37,0.1778,0.395,0.4272,8
38,0.1827,0.3728,0.4445,8
39,0.1888,0.3556,0.4556,8
40,0.1882,0.3553,0.4565,8
41,0.1833,0.363,0.4537,8
42,0.1855,0.3601,0.4544,8
43,0.1932,0.3488,0.458,8
44,0.2021,0.3355,0.4624,8
45,0.2008,0.3401,0.4591,8
46,0.1944,0.3495,0.4561,8
47,0.1976,0.3502,0.4522,8
48,0.2029,0.3481,0.449,8
49,0.2079,0.3483,0.4438,8
50,0.2086,0.3594,0.432,8
51,0.212,0.3623,0.4257,8
52,0.2054,0.3757,0.4189,8
53,0.2079,0.3723,0.4198,8
54,0.2126,0.3696,0.4178,8
55,0.205,0.3675,0.4275,8
56,0.1971,0.3611,0.4418,8
57,0.1952,0.3483,0.4565,8
58,0.2066,0.3291,0.4643,8
59,0.2127,0.3293,0.458,8
60,0.2161,0.3461,0.4378,8
61,0.2157,0.3654,0.4189,8
62,0.2014,0.3846,0.414,8
63,0.1979,0.3836,0.4185,8
64,0.194,0.3782,0.4278,8
65,0.1882,0.3658,0.446,8
66,0.1922,0.3547,0.4531,8
67,0.1989,0.3471,0.454,8
68,0.209,0.3408,0.4502,8
69,0.212,0.3463,0.4417,8
70,0.206,0.3625,0.4315,8
71,0.2065,0.3732,0.4203,8
72,0.2019,0.3829,0.4152,8
73,0.2017,0.3755,0.4228,8
74,0.2011,0.3711,0.4278,8
75,0.2026,0.3732,0.4242,8
76,0.2042,0.3802,0.4156,8
77,0.2084,0.3759,0.4157,8
78,0.2027,0.375,0.4223,8
79,0.1997,0.3726,0.4277,8
80,0.1983,0.3647,0.437,8
81,0.1995,0.355,0.4455,8
82,0.2043,0.3502,0.4455,8
83,0.2018,0.3585,0.4397,8
84,0.2068,0.355,0.4382,8
85,0.2087,0.3556,0.4357,8
86,0.2175,0.3565,0.426,8
87,0.2185,0.3646,0.4169,8
88,0.2134,0.3723,0.4143,8
89,0.2083,0.3821,0.4096,8
90,0.205,0.3777,0.4173,8
91,0.1986,0.3709,0.4305,8
92,0.1929,0.3628,0.4443,8
93,0.1999,0.3478,0.4523,8
94,0.2039,0.3427,0.4534,8
95,0.2099,0.3408,0.4493,8
96,0.217,0.3492,0.4338,8
97,0.2122,0.3715,0.4163,8
98,0.2008,0.3879,0.4113,8
99,0.2034,0.3818,0.4148,8
100,0.2057,0.3629,0.4314,8
101,0.2022,0.357,0.4408,8
102,0.2,0.355,0.445,8
103,0.2052,0.3484,0.4464,8
104,0.2149,0.3391,0.446,8
105,0.2214,0.3405,0.4381,8
106,0.2237,0.3548,0.4215,8
107,0.2254,0.367,0.4076,8
108,0.2202,0.3802,0.3996,8
109,0.2145,0.378,0.4075,8
110,0.2091,0.3734,0.4175,8
111,0.2015,0.3772,0.4213,8
112,0.2012,0.3691,0.4297,8
113,0.2067,0.3608,0.4325,8
114,0.212,0.3577,0.4303,8
115,0.217,0.3591,0.4239,8
116,0.2166,0.3714,0.412,8
117,0.2119,0.3888,0.3993,8
118,0.2015,0.3994,0.3991,8
119,0.1923,0.4028,0.4049,8
120,0.1862,0.3942,0.4196,8
121,0.1818,0.3786,0.4396,8
122,0.1805,0.3631,0.4564,8
123,0.1862,0.3555,0.4583,8
124,0.1961,0.3489,0.455,8
