Generation,O,Y,B,sim
0,0.3348,0.3358,0.3294,1
1,0.1241,0.6627,0.2132,1
2,0.0197,0.4568,0.5235,1
3,0.0227,0.1884,0.7889,1
4,0.0394,0.0731,0.8875,1
5,0.0626,0.052,0.8854,1
6,0.082,0.071,0.847,1
7,0.0963,0.1043,0.7994,1
8,0.1108,0.1344,0.7548,1
9,0.1257,0.1599,0.7144,1
10,0.1364,0.1887,0.6749,1
11,0.1444,0.2158,0.6398,1
12,0.1464,0.2406,0.613,1
13,0.1475,0.2609,0.5916,1
14,0.1488,0.2815,0.5697,1
15,0.1397,0.2959,0.5644,1
16,0.1302,0.3083,0.5615,1
17,0.1228,0.3046,0.5726,1
18,0.1156,0.2987,0.5857,1
19,0.1113,0.2981,0.5906,1
20,0.1123,0.2892,0.5985,1
21,0.1098,0.2839,0.6063,1
22,0.1153,0.2654,0.6193,1
23,0.1239,0.2693,0.6068,1
24,0.1253,0.2805,0.5942,1
25,0.1237,0.2866,0.5897,1
26,0.1247,0.2916,0.5837,1
27,0.128,0.2893,0.5827,1
28,0.1327,0.2888,0.5785,1
29,0.1292,0.2992,0.5716,1
30,0.1222,0.3072,0.5706,1
31,0.116,0.3041,0.5799,1
32,0.1177,0.2931,0.5892,1
33,0.1181,0.3066,0.5753,1
34,0.1148,0.3095,0.5757,1
35,0.1179,0.3037,0.5784,1
36,0.1203,0.3015,0.5782,1
37,0.1135,0.3079,0.5786,1
38,0.108,0.3024,0.5896,1
39,0.1077,0.2929,0.5994,1
40,0.1202,0.2777,0.6021,1
41,0.1332,0.2843,0.5825,1
42,0.1368,0.2964,0.5668,1
43,0.1345,0.3097,0.5558,1
44,0.1268,0.3153,0.5579,1
45,0.1185,0.3176,0.5639,1
46,0.1155,0.3217,0.5628,1
47,0.113,0.3185,0.5685,1
48,0.1055,0.3156,0.5789,1
49,0.1043,0.3098,0.5859,1
50,0.1056,0.2987,0.5957,1
51,0.1116,0.284,0.6044,1
52,0.1188,0.2786,0.6026,1
53,0.1178,0.2841,0.5981,1
54,0.1232,0.2883,0.5885,1
55,0.1212,0.2958,0.583,1
56,0.1137,0.3023,0.584,1
57,0.1104,0.3003,0.5893,1
58,0.1132,0.2851,0.6017,1
59,0.1146,0.2769,0.6085,1
60,0.1188,0.2716,0.6096,1
61,0.1252,0.2616,0.6132,1
62,0.13,0.2646,0.6054,1
63,0.1256,0.2919,0.5825,1
64,0.1275,0.316,0.5565,1
65,0.1281,0.3183,0.5536,1
66,0.1188,0.316,0.5652,1
67,0.1161,0.315,0.5689,1
68,0.1168,0.3128,0.5704,1
69,0.1154,0.308,0.5766,1
70,0.1142,0.3014,0.5844,1
71,0.1144,0.2949,0.5907,1
72,0.119,0.295,0.586,1
73,0.1246,0.2903,0.5851,1
74,0.1337,0.2885,0.5778,1
75,0.141,0.286,0.573,1
76,0.1442,0.2914,0.5644,1
77,0.1498,0.303,0.5472,1
78,0.1437,0.3067,0.5496,1
79,0.1383,0.2961,0.5656,1
80,0.1285,0.2968,0.5747,1
81,0.1196,0.2968,0.5836,1
82,0.1134,0.3038,0.5828,1
83,0.1081,0.302,0.5899,1
84,0.1018,0.2979,0.6003,1
85,0.1004,0.2873,0.6123,1
86,0.0997,0.2903,0.61,1
87,0.1008,0.2817,0.6175,1
88,0.104,0.2829,0.6131,1
89,0.1126,0.2742,0.6132,1
90,0.1164,0.2726,0.611,1
91,0.1155,0.2723,0.6122,1
92,0.1098,0.279,0.6112,1
93,0.107,0.2801,0.6129,1
94,0.1034,0.287,0.6096,1
95,0.1035,0.2877,0.6088,1
96,0.1001,0.2942,0.6057,1
97,0.0991,0.2874,0.6135,1
98,0.1006,0.2741,0.6253,1
99,0.1096,0.2659,0.6245,1
100,0.1145,0.2691,0.6164,1
101,0.116,0.2802,0.6038,1
102,0.1198,0.2814,0.5988,1
103,0.1263,0.2815,0.5922,1
104,0.1335,0.2959,0.5706,1
105,0.1331,0.318,0.5489,1
106,0.1227,0.3433,0.534,1
107,0.1121,0.3567,0.5312,1
108,0.103,0.3571,0.5399,1
109,0.1047,0.3266,0.5687,1
110,0.1087,0.3068,0.5845,1
111,0.1173,0.2957,0.587,1
112,0.1176,0.3066,0.5758,1
113,0.1122,0.3186,0.5692,1
114,0.1123,0.3143,0.5734,1
115,0.1129,0.3141,0.573,1
116,0.1137,0.3203,0.566,1
117,0.1176,0.3135,0.5689,1
118,0.1224,0.2925,0.5851,1
119,0.1243,0.2857,0.59,1
120,0.127,0.3066,0.5664,1
121,0.1214,0.3225,0.5561,1
122,0.1186,0.3329,0.5485,1
123,0.111,0.34,0.549,1
124,0.1085,0.343,0.5485,1
125,0.1054,0.3308,0.5638,1
126,0.1091,0.309,0.5819,1
127,0.1126,0.3047,0.5827,1
128,0.1091,0.3029,0.588,1
129,0.1044,0.3086,0.587,1
130,0.1024,0.3006,0.597,1
131,0.1089,0.288,0.6031,1
132,0.1167,0.2945,0.5888,1
133,0.1172,0.306,0.5768,1
134,0.1151,0.316,0.5689,1
135,0.1116,0.3157,0.5727,1
136,0.1099,0.3161,0.574,1
137,0.102,0.3105,0.5875,1
138,0.1019,0.2956,0.6025,1
139,0.1026,0.2849,0.6125,1
140,0.1073,0.2789,0.6138,1
141,0.1132,0.275,0.6118,1
142,0.1198,0.2749,0.6053,1
143,0.1138,0.2952,0.591,1
144,0.1072,0.3007,0.5921,1
145,0.1075,0.2886,0.6039,1
146,0.1104,0.2815,0.6081,1
147,0.1154,0.2813,0.6033,1
148,0.1156,0.2885,0.5959,1
149,0.1065,0.2968,0.5967,1
150,0.1102,0.2783,0.6115,1
151,0.1198,0.2677,0.6125,1
152,0.1199,0.2739,0.6062,1
153,0.1203,0.281,0.5987,1
154,0.1213,0.2899,0.5888,1
155,0.123,0.2929,0.5841,1
156,0.1268,0.3028,0.5704,1
157,0.1219,0.3169,0.5612,1
158,0.1145,0.3306,0.5549,1
159,0.109,0.3296,0.5614,1
160,0.0968,0.3275,0.5757,1
161,0.085,0.3052,0.6098,1
162,0.0854,0.272,0.6426,1
163,0.0888,0.2537,0.6575,1
164,0.0905,0.2471,0.6624,1
165,0.0968,0.2445,0.6587,1
166,0.1041,0.2512,0.6447,1
167,0.108,0.263,0.629,1
168,0.1161,0.2741,0.6098,1
169,0.1202,0.2892,0.5906,1
170,0.1164,0.3212,0.5624,1
171,0.1083,0.3276,0.5641,1
172,0.1052,0.3072,0.5876,1
173,0.1032,0.2939,0.6029,1
174,0.1053,0.2884,0.6063,1
175,0.1097,0.277,0.6133,1
176,0.1169,0.2813,0.6018,1
177,0.1302,0.2785,0.5913,1
178,0.1341,0.2927,0.5732,1
179,0.1302,0.3051,0.5647,1
180,0.1297,0.3134,0.5569,1
181,0.1299,0.3275,0.5426,1
182,0.1235,0.3451,0.5314,1
183,0.1123,0.3408,0.5469,1
184,0.1021,0.3219,0.576,1
185,0.0998,0.2931,0.6071,1
186,0.1021,0.2685,0.6294,1
187,0.1083,0.2587,0.633,1
188,0.109,0.2713,0.6197,1
189,0.1096,0.2852,0.6052,1
190,0.1138,0.2964,0.5898,1
191,0.115,0.3045,0.5805,1
192,0.1127,0.3147,0.5726,1
193,0.1107,0.3177,0.5716,1
194,0.1031,0.3151,0.5818,1
195,0.1037,0.3015,0.5948,1
196,0.107,0.2847,0.6083,1
197,0.1141,0.2833,0.6026,1
198,0.1203,0.2984,0.5813,1
199,0.1263,0.2958,0.5779,1
200,0.1317,0.2959,0.5724,1
0,0.3368,0.3332,0.33,2
1,0.113,0.6638,0.2232,2
2,0.0225,0.4324,0.5451,2
3,0.0281,0.1731,0.7988,2
4,0.0534,0.0807,0.8659,2
5,0.081,0.0687,0.8503,2
6,0.1048,0.0951,0.8001,2
7,0.1239,0.1303,0.7458,2
8,0.1404,0.1654,0.6942,2
9,0.1503,0.198,0.6517,2
10,0.154,0.227,0.619,2
11,0.1521,0.2459,0.602,2
12,0.1522,0.2508,0.597,2
13,0.1492,0.2559,0.5949,2
14,0.1503,0.2595,0.5902,2
15,0.1462,0.2742,0.5796,2
16,0.1463,0.2817,0.572,2
17,0.1379,0.2877,0.5744,2
18,0.1269,0.2847,0.5884,2
19,0.1184,0.2803,0.6013,2
20,0.1178,0.2722,0.61,2
21,0.1216,0.2626,0.6158,2
22,0.1288,0.2537,0.6175,2
23,0.1292,0.2708,0.6,2
24,0.1237,0.303,0.5733,2
25,0.1089,0.3309,0.5602,2
26,0.0993,0.318,0.5827,2
27,0.098,0.2863,0.6157,2
28,0.1067,0.2645,0.6288,2
29,0.1119,0.2652,0.6229,2
30,0.1093,0.2913,0.5994,2
31,0.1063,0.3062,0.5875,2
32,0.1089,0.2878,0.6033,2
33,0.1147,0.2875,0.5978,2
34,0.1186,0.3005,0.5809,2
35,0.1181,0.3084,0.5735,2
36,0.1231,0.3133,0.5636,2
37,0.1234,0.3273,0.5493,2
38,0.123,0.3302,0.5468,2
39,0.1189,0.3271,0.554,2
40,0.1096,0.3356,0.5548,2
41,0.1009,0.3326,0.5665,2
42,0.1034,0.3031,0.5935,2
43,0.1084,0.2813,0.6103,2
44,0.1144,0.2703,0.6153,2
45,0.1185,0.2716,0.6099,2
46,0.1235,0.2714,0.6051,2
47,0.126,0.2786,0.5954,2
48,0.1275,0.2895,0.583,2
49,0.1266,0.2948,0.5786,2
50,0.1284,0.3025,0.5691,2
51,0.1233,0.3146,0.5621,2
52,0.1124,0.3266,0.561,2
53,0.1025,0.3234,0.5741,2
54,0.098,0.3,0.602,2
55,0.0945,0.2916,0.6139,2
56,0.0984,0.2754,0.6262,2
57,0.1104,0.2636,0.626,2
58,0.1236,0.2705,0.6059,2
59,0.1336,0.2769,0.5895,2
60,0.1407,0.2937,0.5656,2
61,0.1462,0.3109,0.5429,2
62,0.1367,0.3354,0.5279,2
63,0.1196,0.3521,0.5283,2
64,0.1083,0.3481,0.5436,2
65,0.1055,0.3222,0.5723,2
66,0.1111,0.2982,0.5907,2
67,0.1125,0.2888,0.5987,2
68,0.1108,0.2938,0.5954,2
69,0.1115,0.2961,0.5924,2
70,0.1109,0.295,0.5941,2
71,0.1123,0.293,0.5947,2
72,0.1094,0.306,0.5846,2
73,0.1119,0.3034,0.5847,2
74,0.1218,0.2905,0.5877,2
75,0.1342,0.2781,0.5877,2
76,0.1363,0.2989,0.5648,2
77,0.1334,0.3169,0.5497,2
78,0.1292,0.3262,0.5446,2
79,0.1273,0.334,0.5387,2
80,0.121,0.3345,0.5445,2
81,0.1189,0.3352,0.5459,2
82,0.1173,0.3371,0.5456,2
83,0.116,0.3139,0.5701,2
84,0.1142,0.3044,0.5814,2
85,0.1144,0.3047,0.5809,2
86,0.1088,0.299,0.5922,2
87,0.1102,0.306,0.5838,2
88,0.1097,0.3064,0.5839,2
89,0.1078,0.296,0.5962,2
90,0.1068,0.2922,0.601,2
91,0.111,0.284,0.605,2
92,0.1114,0.2927,0.5959,2
93,0.1113,0.3061,0.5826,2
94,0.1142,0.2966,0.5892,2
95,0.1211,0.2948,0.5841,2
96,0.1243,0.3105,0.5652,2
97,0.123,0.3178,0.5592,2
98,0.1174,0.3205,0.5621,2
99,0.1152,0.3046,0.5802,2
100,0.1191,0.2957,0.5852,2
101,0.1108,0.305,0.5842,2
102,0.1045,0.3071,0.5884,2
103,0.1056,0.2874,0.607,2
104,0.1097,0.2749,0.6154,2
105,0.1153,0.2819,0.6028,2
106,0.1194,0.2893,0.5913,2
107,0.1201,0.2956,0.5843,2
108,0.1213,0.3026,0.5761,2
109,0.1242,0.3024,0.5734,2
110,0.1302,0.3115,0.5583,2
111,0.1287,0.312,0.5593,2
112,0.1308,0.3129,0.5563,2
113,0.1195,0.3139,0.5666,2
114,0.1089,0.3046,0.5865,2
115,0.1099,0.2948,0.5953,2
116,0.1139,0.2933,0.5928,2
117,0.116,0.2984,0.5856,2
118,0.1156,0.3113,0.5731,2
119,0.1021,0.3292,0.5687,2
120,0.0907,0.3133,0.596,2
121,0.0922,0.2754,0.6324,2
122,0.0998,0.2525,0.6477,2
123,0.1085,0.2554,0.6361,2
124,0.1188,0.2732,0.608,2
125,0.1187,0.2981,0.5832,2
126,0.1079,0.3149,0.5772,2
127,0.104,0.3213,0.5747,2
128,0.1022,0.3078,0.59,2
129,0.1011,0.2896,0.6093,2
130,0.1015,0.277,0.6215,2
131,0.0999,0.2718,0.6283,2
132,0.1073,0.2701,0.6226,2
133,0.1057,0.2831,0.6112,2
134,0.1053,0.3004,0.5943,2
135,0.1058,0.3077,0.5865,2
136,0.1038,0.3044,0.5918,2
137,0.1027,0.291,0.6063,2
138,0.1016,0.2847,0.6137,2
139,0.1009,0.2913,0.6078,2
140,0.1061,0.2883,0.6056,2
141,0.1159,0.2757,0.6084,2
142,0.1262,0.2905,0.5833,2
143,0.1232,0.3117,0.5651,2
144,0.1233,0.3212,0.5555,2
145,0.1153,0.3292,0.5555,2
146,0.1093,0.3267,0.564,2
147,0.1013,0.3161,0.5826,2
148,0.1001,0.2895,0.6104,2
149,0.0979,0.2742,0.6279,2
150,0.1088,0.2556,0.6356,2
151,0.1201,0.2648,0.6151,2
152,0.1204,0.2852,0.5944,2
153,0.1182,0.2917,0.5901,2
154,0.1206,0.2922,0.5872,2
155,0.1287,0.2814,0.5899,2
156,0.1355,0.2957,0.5688,2
157,0.1329,0.3048,0.5623,2
158,0.1292,0.3089,0.5619,2
159,0.1251,0.3154,0.5595,2
160,0.1198,0.3305,0.5497,2
161,0.1181,0.3205,0.5614,2
162,0.1225,0.3177,0.5598,2
163,0.1219,0.3217,0.5564,2
164,0.1159,0.3358,0.5483,2
165,0.1068,0.3398,0.5534,2
166,0.1048,0.3231,0.5721,2
167,0.1081,0.2967,0.5952,2
168,0.1104,0.2834,0.6062,2
169,0.1083,0.2956,0.5961,2
170,0.1096,0.2915,0.5989,2
171,0.1162,0.2923,0.5915,2
172,0.119,0.3024,0.5786,2
173,0.1189,0.3064,0.5747,2
174,0.1276,0.2961,0.5763,2
175,0.1319,0.3021,0.566,2
176,0.1287,0.3207,0.5506,2
177,0.1268,0.3125,0.5607,2
178,0.1211,0.3045,0.5744,2
179,0.1161,0.3086,0.5753,2
180,0.113,0.3136,0.5734,2
181,0.1059,0.3142,0.5799,2
182,0.1068,0.3006,0.5926,2
183,0.1109,0.2872,0.6019,2
184,0.1099,0.2872,0.6029,2
185,0.1101,0.2884,0.6015,2
186,0.1141,0.2907,0.5952,2
187,0.1193,0.2873,0.5934,2
188,0.1238,0.3037,0.5725,2
189,0.1231,0.3074,0.5695,2
190,0.1224,0.3142,0.5634,2
191,0.1198,0.3216,0.5586,2
192,0.114,0.3063,0.5797,2
193,0.1104,0.3024,0.5872,2
194,0.1103,0.2903,0.5994,2
195,0.116,0.2846,0.5994,2
196,0.1143,0.2916,0.5941,2
197,0.1168,0.2908,0.5924,2
198,0.1158,0.3013,0.5829,2
199,0.11,0.3033,0.5867,2
200,0.1046,0.3069,0.5885,2
0,0.3402,0.3357,0.3241,3
1,0.123,0.6558,0.2212,3
2,0.025,0.4624,0.5126,3
3,0.0283,0.1996,0.7721,3
4,0.0476,0.0913,0.8611,3
5,0.0687,0.0731,0.8582,3
6,0.0889,0.0919,0.8192,3
7,0.1067,0.1169,0.7764,3
8,0.1217,0.1434,0.7349,3
9,0.137,0.1672,0.6958,3
10,0.1467,0.1921,0.6612,3
11,0.1552,0.2096,0.6352,3
12,0.1614,0.2228,0.6158,3
13,0.1662,0.232,0.6018,3
14,0.1662,0.2514,0.5824,3
15,0.1642,0.2701,0.5657,3
16,0.1635,0.2834,0.5531,3
17,0.1527,0.3022,0.5451,3
18,0.1401,0.3166,0.5433,3
19,0.131,0.3112,0.5578,3
20,0.1257,0.2983,0.576,3
21,0.1279,0.2796,0.5925,3
22,0.1278,0.2769,0.5953,3
23,0.1268,0.281,0.5922,3
24,0.1228,0.2969,0.5803,3
25,0.1219,0.3099,0.5682,3
26,0.1222,0.315,0.5628,3
27,0.1173,0.313,0.5697,3
28,0.1185,0.307,0.5745,3
29,0.1296,0.3025,0.5679,3
30,0.1394,0.2998,0.5608,3
31,0.1394,0.3117,0.5489,3
32,0.1334,0.328,0.5386,3
33,0.1235,0.3216,0.5549,3
34,0.1246,0.311,0.5644,3
35,0.1287,0.3067,0.5646,3
36,0.1269,0.305,0.5681,3
37,0.1165,0.3011,0.5824,3
38,0.1143,0.3015,0.5842,3
39,0.116,0.2942,0.5898,3
40,0.1202,0.2847,0.5951,3
41,0.1266,0.2849,0.5885,3
42,0.1317,0.2879,0.5804,3
43,0.1264,0.3027,0.5709,3
44,0.1243,0.3064,0.5693,3
45,0.1245,0.3178,0.5577,3
46,0.1208,0.3207,0.5585,3
47,0.1171,0.3165,0.5664,3
48,0.1167,0.3053,0.578,3
49,0.1165,0.2842,0.5993,3
50,0.1153,0.2747,0.61,3
51,0.1179,0.2756,0.6065,3
52,0.119,0.2816,0.5994,3
53,0.1264,0.2757,0.5979,3
54,0.1343,0.2833,0.5824,3
55,0.1404,0.2854,0.5742,3
56,0.146,0.3015,0.5525,3
57,0.1426,0.3297,0.5277,3
58,0.1381,0.3439,0.518,3
59,0.1325,0.3583,0.5092,3
60,0.1235,0.3452,0.5313,3
61,0.1121,0.3285,0.5594,3
62,0.1067,0.305,0.5883,3
63,0.1028,0.2933,0.6039,3
64,0.099,0.2907,0.6103,3
65,0.102,0.2862,0.6118,3
66,0.1063,0.2808,0.6129,3
67,0.1088,0.277,0.6142,3
68,0.1113,0.2816,0.6071,3
69,0.1159,0.2926,0.5915,3
70,0.1189,0.3054,0.5757,3
71,0.1154,0.316,0.5686,3
72,0.1064,0.3266,0.567,3
73,0.1067,0.3192,0.5741,3
74,0.1103,0.2976,0.5921,3
75,0.1123,0.2816,0.6061,3
76,0.1134,0.2752,0.6114,3
77,0.1224,0.2853,0.5923,3
78,0.1266,0.3058,0.5676,3
79,0.1283,0.3208,0.5509,3
80,0.1298,0.3273,0.5429,3
81,0.134,0.3182,0.5478,3
82,0.1294,0.3147,0.5559,3
83,0.1184,0.3169,0.5647,3
84,0.1123,0.3113,0.5764,3
85,0.109,0.2911,0.5999,3
86,0.1117,0.2865,0.6018,3
87,0.1221,0.2756,0.6023,3
88,0.1279,0.2843,0.5878,3
89,0.1233,0.308,0.5687,3
90,0.123,0.3106,0.5664,3
91,0.1231,0.3208,0.5561,3
92,0.1258,0.3224,0.5518,3
93,0.1247,0.3314,0.5439,3
94,0.1228,0.3206,0.5566,3
95,0.1252,0.3045,0.5703,3
96,0.121,0.2994,0.5796,3
97,0.1165,0.3065,0.577,3
98,0.1116,0.3116,0.5768,3
99,0.1173,0.2915,0.5912,3
100,0.127,0.2809,0.5921,3
101,0.1277,0.2906,0.5817,3
102,0.1303,0.2877,0.582,3
103,0.1357,0.2986,0.5657,3
104,0.142,0.3119,0.5461,3
105,0.1376,0.3197,0.5427,3
106,0.1302,0.3023,0.5675,3
107,0.1281,0.2866,0.5853,3
108,0.1214,0.2989,0.5797,3
109,0.1154,0.309,0.5756,3
110,0.1202,0.305,0.5748,3
111,0.1299,0.2885,0.5816,3
112,0.1382,0.2805,0.5813,3
113,0.1416,0.2929,0.5655,3
114,0.136,0.3111,0.5529,3
115,0.1251,0.3261,0.5488,3
116,0.122,0.3181,0.5599,3
117,0.1277,0.2936,0.5787,3
118,0.1343,0.2842,0.5815,3
119,0.134,0.2913,0.5747,3
120,0.1237,0.2966,0.5797,3
121,0.1101,0.3172,0.5727,3
122,0.0994,0.3194,0.5812,3
123,0.0955,0.3092,0.5953,3
124,0.0955,0.294,0.6105,3
125,0.0996,0.2763,0.6241,3
126,0.1076,0.2655,0.6269,3
127,0.1163,0.2612,0.6225,3
128,0.1242,0.2673,0.6085,3
129,0.131,0.2812,0.5878,3
130,0.1357,0.2907,0.5736,3
131,0.1413,0.2905,0.5682,3
132,0.148,0.2935,0.5585,3
133,0.1535,0.3001,0.5464,3
134,0.1537,0.3144,0.5319,3
135,0.1474,0.3112,0.5414,3
136,0.1348,0.3227,0.5425,3
137,0.1237,0.3252,0.5511,3
138,0.121,0.3176,0.5614,3
139,0.1208,0.3106,0.5686,3
140,0.1156,0.3125,0.5719,3
141,0.1062,0.3203,0.5735,3
142,0.1022,0.3034,0.5944,3
143,0.1046,0.289,0.6064,3
144,0.115,0.2732,0.6118,3
145,0.1192,0.2761,0.6047,3
146,0.1265,0.2886,0.5849,3
147,0.1275,0.3069,0.5656,3
148,0.129,0.3211,0.5499,3
149,0.1274,0.3335,0.5391,3
150,0.1211,0.3278,0.5511,3
151,0.1133,0.3141,0.5726,3
152,0.1073,0.3087,0.584,3
153,0.1107,0.3037,0.5856,3
154,0.1122,0.3049,0.5829,3
155,0.1066,0.3049,0.5885,3
156,0.106,0.2919,0.6021,3
157,0.113,0.2805,0.6065,3
158,0.1188,0.28,0.6012,3
159,0.1204,0.2834,0.5962,3
160,0.121,0.2863,0.5927,3
161,0.1243,0.2887,0.587,3
162,0.1267,0.288,0.5853,3
163,0.1234,0.2982,0.5784,3
164,0.121,0.303,0.576,3
165,0.119,0.3076,0.5734,3
166,0.1153,0.3071,0.5776,3
167,0.1114,0.3007,0.5879,3
168,0.1076,0.3028,0.5896,3
169,0.1044,0.3049,0.5907,3
170,0.1024,0.3065,0.5911,3
171,0.1046,0.2993,0.5961,3
172,0.1049,0.2907,0.6044,3
173,0.107,0.2934,0.5996,3
174,0.1108,0.2955,0.5937,3
175,0.1129,0.2935,0.5936,3
176,0.1155,0.2838,0.6007,3
177,0.1199,0.2742,0.6059,3
178,0.1242,0.2812,0.5946,3
179,0.1291,0.2961,0.5748,3
180,0.1287,0.3135,0.5578,3
181,0.1233,0.3294,0.5473,3
182,0.1161,0.3414,0.5425,3
183,0.1076,0.3436,0.5488,3
184,0.0998,0.3341,0.5661,3
185,0.0924,0.3089,0.5987,3
186,0.0945,0.2841,0.6214,3
187,0.1034,0.2629,0.6337,3
188,0.1065,0.2657,0.6278,3
189,0.1093,0.2843,0.6064,3
190,0.1092,0.292,0.5988,3
191,0.1095,0.2883,0.6022,3
192,0.1139,0.2877,0.5984,3
193,0.1145,0.2876,0.5979,3
194,0.1171,0.291,0.5919,3
195,0.1199,0.2973,0.5828,3
196,0.1149,0.3121,0.573,3
197,0.1065,0.3097,0.5838,3
198,0.1025,0.3002,0.5973,3
199,0.1059,0.2835,0.6106,3
200,0.1115,0.2746,0.6139,3
0,0.3358,0.3338,0.3304,4
1,0.1245,0.6529,0.2226,4
2,0.0232,0.4887,0.4881,4
3,0.0223,0.226,0.7517,4
4,0.0351,0.0897,0.8752,4
5,0.054,0.0567,0.8893,4
6,0.0738,0.0659,0.8603,4
7,0.0902,0.0927,0.8171,4
8,0.1066,0.1231,0.7703,4
9,0.121,0.1555,0.7235,4
10,0.1304,0.187,0.6826,4
11,0.1341,0.2141,0.6518,4
12,0.1316,0.2387,0.6297,4
13,0.1324,0.253,0.6146,4
14,0.1325,0.2702,0.5973,4
15,0.1254,0.2927,0.5819,4
16,0.1147,0.3114,0.5739,4
17,0.1049,0.3147,0.5804,4
18,0.1026,0.2973,0.6001,4
19,0.1013,0.2822,0.6165,4
20,0.1032,0.2751,0.6217,4
21,0.1099,0.2773,0.6128,4
22,0.1155,0.2836,0.6009,4
23,0.1165,0.2936,0.5899,4
24,0.1149,0.3102,0.5749,4
25,0.1109,0.3146,0.5745,4
26,0.1083,0.324,0.5677,4
27,0.1058,0.3153,0.5789,4
28,0.1047,0.3079,0.5874,4
29,0.1126,0.2993,0.5881,4
30,0.1206,0.2973,0.5821,4
31,0.1262,0.2973,0.5765,4
32,0.1333,0.3006,0.5661,4
33,0.136,0.307,0.557,4
34,0.1341,0.3165,0.5494,4
35,0.1329,0.3229,0.5442,4
36,0.1267,0.3274,0.5459,4
37,0.1149,0.3378,0.5473,4
38,0.1023,0.3402,0.5575,4
39,0.094,0.3154,0.5906,4
40,0.1005,0.2751,0.6244,4
41,0.1094,0.2588,0.6318,4
42,0.1214,0.2684,0.6102,4
43,0.1244,0.2928,0.5828,4
44,0.1199,0.3144,0.5657,4
45,0.1165,0.3074,0.5761,4
46,0.1189,0.2815,0.5996,4
47,0.1174,0.2836,0.599,4
48,0.119,0.2919,0.5891,4
49,0.122,0.2938,0.5842,4
50,0.1341,0.299,0.5669,4
51,0.1424,0.3164,0.5412,4
52,0.1344,0.3453,0.5203,4
53,0.1217,0.3455,0.5328,4
54,0.1187,0.3297,0.5516,4
55,0.1153,0.3054,0.5793,4
56,0.1126,0.3055,0.5819,4
57,0.1038,0.3075,0.5887,4
58,0.0955,0.308,0.5965,4
59,0.0954,0.2931,0.6115,4
60,0.1062,0.2757,0.6181,4
61,0.1188,0.2719,0.6093,4
62,0.1265,0.2863,0.5872,4
63,0.1274,0.3076,0.565,4
64,0.1206,0.3168,0.5626,4
65,0.1093,0.3178,0.5729,4
66,0.1066,0.3096,0.5838,4
67,0.1111,0.3008,0.5881,4
68,0.1124,0.2981,0.5895,4
69,0.1048,0.3166,0.5786,4
70,0.095,0.3148,0.5902,4
71,0.0962,0.3025,0.6013,4
72,0.1053,0.2788,0.6159,4
73,0.1116,0.2864,0.602,4
74,0.1143,0.2827,0.603,4
75,0.1209,0.2798,0.5993,4
76,0.1221,0.2981,0.5798,4
77,0.1168,0.3162,0.567,4
78,0.1113,0.3167,0.572,4
79,0.1117,0.3035,0.5848,4
80,0.1187,0.2895,0.5918,4
81,0.1199,0.3013,0.5788,4
82,0.1188,0.2926,0.5886,4
83,0.1223,0.2897,0.588,4
84,0.1227,0.3061,0.5712,4
85,0.1156,0.3199,0.5645,4
86,0.1132,0.3269,0.5599,4
87,0.1166,0.3198,0.5636,4
88,0.1198,0.3194,0.5608,4
89,0.1248,0.3176,0.5576,4
90,0.1245,0.3099,0.5656,4
91,0.1231,0.318,0.5589,4
92,0.1161,0.3299,0.554,4
93,0.1058,0.3343,0.5599,4
94,0.1027,0.3198,0.5775,4
95,0.1013,0.3085,0.5902,4
96,0.1038,0.2988,0.5974,4
97,0.1117,0.2785,0.6098,4
98,0.1247,0.2678,0.6075,4
99,0.1397,0.2731,0.5872,4
100,0.1476,0.2828,0.5696,4
101,0.1486,0.2951,0.5563,4
102,0.1463,0.3207,0.533,4
103,0.1411,0.3303,0.5286,4
104,0.1385,0.3268,0.5347,4
105,0.132,0.3213,0.5467,4
106,0.1247,0.3124,0.5629,4
107,0.1227,0.3001,0.5772,4
108,0.1254,0.2931,0.5815,4
109,0.1302,0.2999,0.5699,4
110,0.1268,0.3169,0.5563,4
111,0.1179,0.3381,0.544,4
112,0.1043,0.3411,0.5546,4
113,0.1025,0.3313,0.5662,4
114,0.1028,0.3093,0.5879,4
115,0.1014,0.2962,0.6024,4
116,0.0991,0.2994,0.6015,4
117,0.1,0.2977,0.6023,4
118,0.1066,0.2824,0.611,4
119,0.1153,0.2775,0.6072,4
120,0.1242,0.2969,0.5789,4
121,0.1293,0.2916,0.5791,4
122,0.1353,0.2884,0.5763,4
123,0.1348,0.3038,0.5614,4
124,0.1303,0.3123,0.5574,4
125,0.135,0.3024,0.5626,4
126,0.1309,0.3151,0.554,4
127,0.118,0.3299,0.5521,4
128,0.1062,0.3174,0.5764,4
129,0.1011,0.2916,0.6073,4
130,0.1035,0.2765,0.62,4
131,0.1133,0.2806,0.6061,4
132,0.1152,0.3008,0.584,4
133,0.1105,0.3048,0.5847,4
134,0.1071,0.3051,0.5878,4
135,0.1031,0.3091,0.5878,4
136,0.1027,0.3048,0.5925,4
137,0.0934,0.2952,0.6114,4
138,0.0902,0.2721,0.6377,4
139,0.0987,0.2542,0.6471,4
140,0.1133,0.2536,0.6331,4
141,0.1237,0.2824,0.5939,4
142,0.124,0.3147,0.5613,4
143,0.1149,0.3368,0.5483,4
144,0.1069,0.3289,0.5642,4
145,0.1054,0.322,0.5726,4
146,0.105,0.3028,0.5922,4
147,0.1071,0.3034,0.5895,4
148,0.1055,0.2991,0.5954,4
149,0.1058,0.2949,0.5993,4
150,0.1039,0.3005,0.5956,4
151,0.105,0.3074,0.5876,4
152,0.109,0.294,0.597,4
153,0.117,0.2751,0.6079,4
154,0.1226,0.2848,0.5926,4
155,0.1285,0.301,0.5705,4
156,0.1277,0.3146,0.5577,4
157,0.122,0.3171,0.5609,4
158,0.118,0.3096,0.5724,4
159,0.1239,0.3031,0.573,4
160,0.1273,0.2947,0.578,4
161,0.1353,0.296,0.5687,4
162,0.1409,0.3125,0.5466,4
163,0.1397,0.326,0.5343,4
164,0.1337,0.3315,0.5348,4
165,0.1284,0.3334,0.5382,4
166,0.1234,0.3143,0.5623,4
167,0.126,0.2786,0.5954,4
168,0.1231,0.2713,0.6056,4
169,0.1166,0.2877,0.5957,4
170,0.1136,0.2896,0.5968,4
171,0.1122,0.2943,0.5935,4
172,0.1173,0.2919,0.5908,4
173,0.1215,0.2891,0.5894,4
174,0.1198,0.2964,0.5838,4
175,0.1173,0.3024,0.5803,4
176,0.114,0.3025,0.5835,4
177,0.1125,0.2917,0.5958,4
178,0.1151,0.2839,0.601,4
179,0.1165,0.2824,0.6011,4
180,0.1157,0.2821,0.6022,4
181,0.1117,0.2861,0.6022,4
182,0.1094,0.2917,0.5989,4
183,0.1107,0.2834,0.6059,4
184,0.1169,0.2705,0.6126,4
185,0.1248,0.2804,0.5948,4
186,0.1308,0.2902,0.579,4
187,0.1379,0.3058,0.5563,4
188,0.1409,0.3121,0.547,4
189,0.1354,0.3134,0.5512,4
190,0.1299,0.3073,0.5628,4
191,0.1219,0.3153,0.5628,4
192,0.1166,0.3091,0.5743,4
193,0.1149,0.2936,0.5915,4
194,0.1167,0.275,0.6083,4
195,0.1146,0.2677,0.6177,4
196,0.1183,0.2621,0.6196,4
197,0.1197,0.2818,0.5985,4
198,0.1148,0.3016,0.5836,4
199,0.1138,0.3007,0.5855,4
200,0.1257,0.2952,0.5791,4
0,0.3351,0.3317,0.3332,5
1,0.1172,0.6558,0.227,5
2,0.0234,0.4402,0.5364,5
3,0.0201,0.179,0.8009,5
4,0.0351,0.0746,0.8903,5
5,0.0529,0.0554,0.8917,5
6,0.0691,0.0695,0.8614,5
7,0.0827,0.0936,0.8237,5
8,0.0968,0.1137,0.7895,5
9,0.1107,0.1308,0.7585,5
10,0.1237,0.1553,0.721,5
11,0.1329,0.1863,0.6808,5
12,0.1351,0.2221,0.6428,5
13,0.134,0.2405,0.6255,5
14,0.1356,0.2449,0.6195,5
15,0.1393,0.2505,0.6102,5
16,0.1424,0.2503,0.6073,5
17,0.1385,0.2496,0.6119,5
18,0.1367,0.2554,0.6079,5
19,0.1326,0.2656,0.6018,5
20,0.1298,0.2712,0.599,5
21,0.1257,0.2844,0.5899,5
22,0.1217,0.3037,0.5746,5
23,0.123,0.313,0.564,5
24,0.1213,0.3225,0.5562,5
25,0.1126,0.3297,0.5577,5
26,0.1071,0.3249,0.568,5
27,0.0976,0.3119,0.5905,5
28,0.0938,0.2898,0.6164,5
29,0.0931,0.2816,0.6253,5
30,0.0971,0.2753,0.6276,5
31,0.1059,0.2648,0.6293,5
32,0.1078,0.2656,0.6266,5
33,0.1091,0.2759,0.615,5
34,0.1172,0.2813,0.6015,5
35,0.1232,0.2924,0.5844,5
36,0.1224,0.314,0.5636,5
37,0.1149,0.3266,0.5585,5
38,0.1073,0.3163,0.5764,5
39,0.0992,0.2899,0.6109,5
40,0.0999,0.272,0.6281,5
41,0.1075,0.2593,0.6332,5
42,0.1185,0.2573,0.6242,5
43,0.1237,0.273,0.6033,5
44,0.1257,0.2972,0.5771,5
45,0.1263,0.3148,0.5589,5
46,0.1284,0.3147,0.5569,5
47,0.123,0.328,0.549,5
48,0.1112,0.3402,0.5486,5
49,0.0998,0.3266,0.5736,5
50,0.0965,0.2988,0.6047,5
51,0.0983,0.2832,0.6185,5
52,0.11,0.2697,0.6203,5
53,0.1209,0.2816,0.5975,5
54,0.1242,0.3004,0.5754,5
55,0.1208,0.3101,0.5691,5
56,0.124,0.3128,0.5632,5
57,0.1244,0.3073,0.5683,5
58,0.1205,0.3039,0.5756,5
59,0.118,0.3078,0.5742,5
60,0.1115,0.3142,0.5743,5
61,0.1104,0.3137,0.5759,5
62,0.1091,0.312,0.5789,5
63,0.1149,0.3043,0.5808,5
64,0.1201,0.3033,0.5766,5
65,0.1218,0.3184,0.5598,5
66,0.121,0.3334,0.5456,5
67,0.1172,0.3341,0.5487,5
68,0.1112,0.3316,0.5572,5
69,0.105,0.3305,0.5645,5
70,0.1054,0.3151,0.5795,5
71,0.1005,0.3078,0.5917,5
72,0.0972,0.2998,0.603,5
73,0.1008,0.2864,0.6128,5
74,0.1029,0.2834,0.6137,5
75,0.1035,0.2909,0.6056,5
76,0.1041,0.2867,0.6092,5
77,0.1168,0.2723,0.6109,5
78,0.1217,0.2772,0.6011,5
79,0.1214,0.2947,0.5839,5
80,0.121,0.3115,0.5675,5
81,0.1206,0.3249,0.5545,5
82,0.1138,0.3322,0.554,5
83,0.0978,0.3326,0.5696,5
84,0.0905,0.3135,0.596,5
85,0.0924,0.2754,0.6322,5
86,0.0978,0.2506,0.6516,5
87,0.1075,0.2558,0.6367,5
88,0.1168,0.2655,0.6177,5
89,0.1231,0.2777,0.5992,5
90,0.1266,0.293,0.5804,5
91,0.1215,0.3213,0.5572,5
92,0.1125,0.3299,0.5576,5
93,0.1062,0.3294,0.5644,5
94,0.0995,0.3169,0.5836,5
95,0.0987,0.2931,0.6082,5
96,0.102,0.2848,0.6132,5
97,0.1053,0.2798,0.6149,5
98,0.1125,0.2823,0.6052,5
99,0.1148,0.2905,0.5947,5
100,0.1076,0.3074,0.585,5
101,0.1061,0.3122,0.5817,5
102,0.1026,0.3087,0.5887,5
103,0.1063,0.294,0.5997,5
104,0.116,0.2714,0.6126,5
105,0.1233,0.2797,0.597,5
106,0.1332,0.296,0.5708,5
107,0.1344,0.3004,0.5652,5
108,0.1402,0.2975,0.5623,5
109,0.142,0.2976,0.5604,5
110,0.1398,0.3071,0.5531,5
111,0.1328,0.3239,0.5433,5
112,0.1216,0.3243,0.5541,5
113,0.1192,0.3041,0.5767,5
114,0.1141,0.3001,0.5858,5
115,0.111,0.3001,0.5889,5
116,0.1086,0.3026,0.5888,5
117,0.1037,0.301,0.5953,5
118,0.0986,0.2982,0.6032,5
119,0.0979,0.2909,0.6112,5
120,0.0996,0.2813,0.6191,5
121,0.1083,0.2623,0.6294,5
122,0.1174,0.2744,0.6082,5
123,0.1162,0.2933,0.5905,5
124,0.1145,0.3061,0.5794,5
125,0.1116,0.3214,0.567,5
126,0.1016,0.3245,0.5739,5
127,0.0979,0.3087,0.5934,5
128,0.0992,0.2932,0.6076,5
129,0.101,0.272,0.627,5
130,0.099,0.2652,0.6358,5
131,0.1063,0.2546,0.6391,5
132,0.1213,0.2474,0.6313,5
133,0.138,0.2725,0.5895,5
134,0.1509,0.2992,0.5499,5
135,0.1586,0.3127,0.5287,5
136,0.1522,0.3425,0.5053,5
137,0.1315,0.3558,0.5127,5
138,0.1132,0.3478,0.539,5
139,0.1009,0.3286,0.5705,5
140,0.0922,0.303,0.6048,5
141,0.0947,0.2794,0.6259,5
142,0.1058,0.2548,0.6394,5
143,0.1141,0.2487,0.6372,5
144,0.1234,0.2548,0.6218,5
145,0.1273,0.2688,0.6039,5
146,0.1239,0.2925,0.5836,5
147,0.1158,0.3164,0.5678,5
148,0.121,0.3096,0.5694,5
149,0.126,0.3145,0.5595,5
150,0.1248,0.3127,0.5625,5
151,0.1197,0.3162,0.5641,5
152,0.1171,0.3154,0.5675,5
153,0.1174,0.3169,0.5657,5
154,0.1134,0.3211,0.5655,5
155,0.1054,0.3276,0.567,5
156,0.0987,0.3092,0.5921,5
157,0.1024,0.2787,0.6189,5
158,0.1122,0.2529,0.6349,5
159,0.1161,0.2663,0.6176,5
160,0.1178,0.2927,0.5895,5
161,0.1115,0.3204,0.5681,5
162,0.1043,0.328,0.5677,5
163,0.103,0.3067,0.5903,5
164,0.1,0.292,0.608,5
165,0.1011,0.2859,0.613,5
166,0.1106,0.284,0.6054,5
167,0.1131,0.2932,0.5937,5
168,0.1099,0.2997,0.5904,5
169,0.1028,0.3008,0.5964,5
170,0.1047,0.2912,0.6041,5
171,0.1105,0.285,0.6045,5
172,0.1136,0.2923,0.5941,5
173,0.109,0.3054,0.5856,5
174,0.1094,0.3042,0.5864,5
175,0.1191,0.286,0.5949,5
176,0.131,0.2774,0.5916,5
177,0.1377,0.2895,0.5728,5
178,0.1366,0.3077,0.5557,5
179,0.1312,0.3105,0.5583,5
180,0.1281,0.3126,0.5593,5
181,0.1236,0.3311,0.5453,5
182,0.1174,0.3421,0.5405,5
183,0.1067,0.3472,0.5461,5
184,0.1032,0.3251,0.5717,5
185,0.1,0.3052,0.5948,5
186,0.1006,0.2969,0.6025,5
187,0.1008,0.2953,0.6039,5
188,0.102,0.2805,0.6175,5
189,0.1094,0.2675,0.6231,5
190,0.1145,0.273,0.6125,5
191,0.1203,0.2903,0.5894,5
192,0.1208,0.3038,0.5754,5
193,0.1208,0.3073,0.5719,5
194,0.117,0.3093,0.5737,5
195,0.1156,0.3079,0.5765,5
196,0.1115,0.306,0.5825,5
197,0.1108,0.2974,0.5918,5
198,0.114,0.286,0.6,5
199,0.1189,0.2745,0.6066,5
200,0.1308,0.2765,0.5927,5
0,0.3364,0.3342,0.3294,6
1,0.1208,0.6737,0.2055,6
2,0.0189,0.4661,0.515,6
3,0.0178,0.204,0.7782,6
4,0.0303,0.0852,0.8845,6
5,0.047,0.0498,0.9032,6
6,0.0688,0.0581,0.8731,6
7,0.0856,0.0818,0.8326,6
8,0.0977,0.1104,0.7919,6
9,0.1081,0.1431,0.7488,6
10,0.115,0.1769,0.7081,6
11,0.1196,0.2053,0.6751,6
12,0.1205,0.2348,0.6447,6
13,0.1157,0.2638,0.6205,6
14,0.1073,0.2837,0.609,6
15,0.0933,0.2992,0.6075,6
16,0.0848,0.293,0.6222,6
17,0.0833,0.2743,0.6424,6
18,0.0928,0.2532,0.654,6
19,0.1045,0.2501,0.6454,6
20,0.1141,0.2679,0.618,6
21,0.1187,0.2822,0.5991,6
22,0.1167,0.2971,0.5862,6
23,0.1133,0.3031,0.5836,6
24,0.1079,0.3028,0.5893,6
25,0.1058,0.3011,0.5931,6
26,0.1044,0.3025,0.5931,6
27,0.1092,0.3007,0.5901,6
28,0.1123,0.2955,0.5922,6
29,0.1208,0.2879,0.5913,6
30,0.1278,0.2874,0.5848,6
31,0.126,0.302,0.572,6
32,0.1143,0.3241,0.5616,6
33,0.1076,0.3225,0.5699,6
34,0.112,0.3039,0.5841,6
35,0.1199,0.2951,0.585,6
36,0.1251,0.3043,0.5706,6
37,0.1209,0.3211,0.558,6
38,0.1181,0.3219,0.56,6
39,0.114,0.326,0.56,6
40,0.1163,0.3135,0.5702,6
41,0.1134,0.3149,0.5717,6
42,0.1087,0.3046,0.5867,6
43,0.1102,0.2943,0.5955,6
44,0.1147,0.2876,0.5977,6
45,0.1231,0.2921,0.5848,6
46,0.1261,0.313,0.5609,6
47,0.1173,0.3298,0.5529,6
48,0.1107,0.3351,0.5542,6
49,0.1089,0.3135,0.5776,6
50,0.1129,0.2952,0.5919,6
51,0.1197,0.2856,0.5947,6
52,0.1233,0.3028,0.5739,6
53,0.1196,0.3274,0.553,6
54,0.1112,0.333,0.5558,6
55,0.1093,0.3145,0.5762,6
56,0.1032,0.3178,0.579,6
57,0.0936,0.3121,0.5943,6
58,0.0884,0.2786,0.633,6
59,0.0909,0.2546,0.6545,6
60,0.1042,0.2399,0.6559,6
61,0.1218,0.2529,0.6253,6
62,0.1356,0.2684,0.596,6
63,0.1439,0.2925,0.5636,6
64,0.1417,0.3162,0.5421,6
65,0.1365,0.3294,0.5341,6
66,0.1265,0.3396,0.5339,6
67,0.1105,0.3401,0.5494,6
68,0.1044,0.3325,0.5631,6
69,0.1102,0.3063,0.5835,6
70,0.1173,0.281,0.6017,6
71,0.1251,0.2696,0.6053,6
72,0.1321,0.2615,0.6064,6
73,0.1336,0.2793,0.5871,6
74,0.1341,0.2978,0.5681,6
75,0.1321,0.3036,0.5643,6
76,0.1312,0.302,0.5668,6
77,0.1354,0.2941,0.5705,6
78,0.138,0.2947,0.5673,6
79,0.1345,0.3033,0.5622,6
80,0.1295,0.3115,0.559,6
81,0.119,0.3199,0.5611,6
82,0.1119,0.3194,0.5687,6
83,0.1124,0.3128,0.5748,6
84,0.1108,0.3038,0.5854,6
85,0.103,0.2897,0.6073,6
86,0.1037,0.2829,0.6134,6
87,0.1065,0.2964,0.5971,6
88,0.1004,0.3072,0.5924,6
89,0.0946,0.2991,0.6063,6
90,0.0975,0.2758,0.6267,6
91,0.1063,0.2666,0.6271,6
92,0.1084,0.2819,0.6097,6
93,0.1094,0.2957,0.5949,6
94,0.1146,0.2893,0.5961,6
95,0.1174,0.2857,0.5969,6
96,0.1208,0.2971,0.5821,6
97,0.1229,0.3034,0.5737,6
98,0.1239,0.3014,0.5747,6
99,0.1197,0.3039,0.5764,6
100,0.1173,0.299,0.5837,6
101,0.1113,0.3026,0.5861,6
102,0.1032,0.2987,0.5981,6
103,0.1013,0.2979,0.6008,6
104,0.1075,0.2877,0.6048,6
105,0.1136,0.2891,0.5973,6
106,0.1144,0.292,0.5936,6
107,0.1191,0.2883,0.5926,6
108,0.1243,0.2849,0.5908,6
109,0.1313,0.2898,0.5789,6
110,0.1264,0.3098,0.5638,6
111,0.1296,0.3119,0.5585,6
112,0.1353,0.3184,0.5463,6
113,0.1361,0.3341,0.5298,6
114,0.1194,0.3513,0.5293,6
115,0.1084,0.3443,0.5473,6
116,0.1051,0.3209,0.574,6
117,0.1011,0.3106,0.5883,6
118,0.1,0.2977,0.6023,6
119,0.102,0.2848,0.6132,6
120,0.1051,0.2771,0.6178,6
121,0.109,0.276,0.615,6
122,0.1198,0.2733,0.6069,6
123,0.1301,0.2784,0.5915,6
124,0.1323,0.2951,0.5726,6
125,0.128,0.3036,0.5684,6
126,0.1234,0.3127,0.5639,6
127,0.1211,0.312,0.5669,6
128,0.1175,0.3141,0.5684,6
129,0.1204,0.3129,0.5667,6
130,0.1161,0.311,0.5729,6
131,0.1079,0.312,0.5801,6
132,0.1101,0.2902,0.5997,6
133,0.1105,0.2912,0.5983,6
134,0.1099,0.2821,0.608,6
135,0.1169,0.2782,0.6049,6
136,0.1225,0.2791,0.5984,6
137,0.1209,0.2923,0.5868,6
138,0.11,0.3056,0.5844,6
139,0.1073,0.3053,0.5874,6
140,0.1108,0.3059,0.5833,6
141,0.113,0.3143,0.5727,6
142,0.1143,0.3246,0.5611,6
143,0.1121,0.3485,0.5394,6
144,0.1024,0.3408,0.5568,6
145,0.1051,0.3096,0.5853,6
146,0.1127,0.2962,0.5911,6
147,0.1204,0.2991,0.5805,6
148,0.1205,0.3186,0.5609,6
149,0.1204,0.3268,0.5528,6
150,0.1221,0.3277,0.5502,6
151,0.1226,0.3331,0.5443,6
152,0.1211,0.3223,0.5566,6
153,0.1229,0.3236,0.5535,6
154,0.1232,0.3294,0.5474,6
155,0.123,0.314,0.563,6
156,0.1218,0.3024,0.5758,6
157,0.1151,0.3084,0.5765,6
158,0.1139,0.305,0.5811,6
159,0.1091,0.305,0.5859,6
160,0.1142,0.2842,0.6016,6
161,0.1286,0.2749,0.5965,6
162,0.1362,0.2904,0.5734,6
163,0.1351,0.312,0.5529,6
164,0.1276,0.3262,0.5462,6
165,0.1165,0.338,0.5455,6
166,0.1079,0.3313,0.5608,6
167,0.1049,0.3193,0.5758,6
168,0.1045,0.3015,0.594,6
169,0.106,0.2968,0.5972,6
170,0.107,0.3001,0.5929,6
171,0.113,0.284,0.603,6
172,0.1267,0.2629,0.6104,6
173,0.1339,0.2722,0.5939,6
174,0.1274,0.2944,0.5782,6
175,0.1149,0.3165,0.5686,6
176,0.1118,0.3106,0.5776,6
177,0.1157,0.3008,0.5835,6
178,0.1195,0.301,0.5795,6
179,0.1151,0.3016,0.5833,6
180,0.1196,0.2967,0.5837,6
181,0.1181,0.3081,0.5738,6
182,0.1154,0.31,0.5746,6
183,0.1153,0.2969,0.5878,6
184,0.1186,0.298,0.5834,6
185,0.114,0.3237,0.5623,6
186,0.1023,0.335,0.5627,6
187,0.0938,0.3111,0.5951,6
188,0.0968,0.2793,0.6239,6
189,0.1069,0.2711,0.622,6
190,0.1142,0.2726,0.6132,6
191,0.1066,0.2924,0.601,6
192,0.1001,0.3045,0.5954,6
193,0.0937,0.2967,0.6096,6
194,0.0951,0.284,0.6209,6
195,0.1074,0.2714,0.6212,6
196,0.1201,0.2651,0.6148,6
197,0.1275,0.2748,0.5977,6
198,0.1285,0.2893,0.5822,6
199,0.1319,0.296,0.5721,6
200,0.1343,0.3055,0.5602,6
0,0.337,0.3335,0.3295,7
1,0.1256,0.6492,0.2252,7
2,0.0311,0.4447,0.5242,7
3,0.0313,0.1981,0.7706,7
4,0.0408,0.0899,0.8693,7
5,0.0541,0.0762,0.8697,7
6,0.0656,0.0929,0.8415,7
7,0.0779,0.1148,0.8073,7
8,0.0884,0.1398,0.7718,7
9,0.0982,0.1581,0.7437,7
10,0.1069,0.1853,0.7078,7
11,0.1117,0.2162,0.6721,7
12,0.1109,0.239,0.6501,7
13,0.1092,0.2477,0.6431,7
14,0.107,0.2513,0.6417,7
15,0.1,0.2587,0.6413,7
16,0.0973,0.2533,0.6494,7
17,0.098,0.2465,0.6555,7
18,0.1056,0.2463,0.6481,7
19,0.1129,0.2556,0.6315,7
20,0.1227,0.2656,0.6117,7
21,0.1349,0.2831,0.582,7
22,0.1372,0.292,0.5708,7
23,0.1393,0.3008,0.5599,7
24,0.1339,0.3188,0.5473,7
25,0.1216,0.3353,0.5431,7
26,0.1077,0.3378,0.5545,7
27,0.1014,0.3207,0.5779,7
28,0.0991,0.3069,0.594,7
29,0.098,0.3027,0.5993,7
30,0.1065,0.2799,0.6136,7
31,0.1186,0.2697,0.6117,7
32,0.1242,0.2766,0.5992,7
33,0.1332,0.2942,0.5726,7
34,0.1315,0.3198,0.5487,7
35,0.127,0.3164,0.5566,7
36,0.1204,0.3056,0.574,7
37,0.117,0.3086,0.5744,7
38,0.115,0.3169,0.5681,7
39,0.1123,0.3132,0.5745,7
40,0.1129,0.3049,0.5822,7
41,0.1181,0.2915,0.5904,7
42,0.1248,0.2873,0.5879,7
43,0.1242,0.3062,0.5696,7
44,0.1283,0.3026,0.5691,7
45,0.1275,0.3068,0.5657,7
46,0.1262,0.2921,0.5817,7
47,0.1234,0.2886,0.588,7
48,0.1222,0.2825,0.5953,7
49,0.1259,0.2746,0.5995,7
50,0.1326,0.2804,0.587,7
51,0.1398,0.3016,0.5586,7
52,0.1393,0.3224,0.5383,7
53,0.1306,0.3304,0.539,7
54,0.1272,0.3174,0.5554,7
55,0.1177,0.3119,0.5704,7
56,0.1122,0.2898,0.598,7
57,0.1158,0.2715,0.6127,7
58,0.1144,0.2725,0.6131,7
59,0.1167,0.2777,0.6056,7
60,0.1172,0.2775,0.6053,7
61,0.115,0.281,0.604,7
62,0.1087,0.2869,0.6044,7
63,0.1114,0.2767,0.6119,7
64,0.1181,0.2643,0.6176,7
65,0.1258,0.2686,0.6056,7
66,0.1266,0.2822,0.5912,7
67,0.1248,0.2867,0.5885,7
68,0.1268,0.2818,0.5914,7
69,0.1252,0.2837,0.5911,7
70,0.1215,0.2881,0.5904,7
71,0.1223,0.2889,0.5888,7
72,0.1147,0.2984,0.5869,7
73,0.1101,0.3066,0.5833,7
74,0.1061,0.3107,0.5832,7
75,0.107,0.3011,0.5919,7
76,0.1094,0.2836,0.607,7
77,0.1117,0.2867,0.6016,7
78,0.1128,0.2942,0.593,7
79,0.1153,0.2964,0.5883,7
80,0.1216,0.2931,0.5853,7
81,0.1291,0.3012,0.5697,7
82,0.1332,0.3073,0.5595,7
83,0.1346,0.3181,0.5473,7
84,0.1321,0.3251,0.5428,7
85,0.13,0.3142,0.5558,7
86,0.1276,0.3136,0.5588,7
87,0.1156,0.3291,0.5553,7
88,0.1072,0.3309,0.5619,7
89,0.1053,0.3091,0.5856,7
90,0.113,0.2842,0.6028,7
91,0.1224,0.2819,0.5957,7
92,0.1241,0.2979,0.578,7
93,0.1166,0.315,0.5684,7
94,0.1159,0.3195,0.5646,7
95,0.1192,0.3147,0.5661,7
96,0.1176,0.3044,0.578,7
97,0.1168,0.3056,0.5776,7
98,0.1135,0.3097,0.5768,7
99,0.1176,0.298,0.5844,7
100,0.1262,0.295,0.5788,7
101,0.1311,0.3046,0.5643,7
102,0.1217,0.3223,0.556,7
103,0.1085,0.3236,0.5679,7
104,0.1049,0.3066,0.5885,7
105,0.1081,0.289,0.6029,7
106,0.1169,0.2942,0.5889,7
107,0.1201,0.3158,0.5641,7
108,0.1177,0.3203,0.562,7
109,0.1164,0.3224,0.5612,7
110,0.1166,0.3222,0.5612,7
111,0.1131,0.3227,0.5642,7
112,0.1177,0.3154,0.5669,7
113,0.1165,0.3099,0.5736,7
114,0.1213,0.3006,0.5781,7
115,0.1268,0.2932,0.58,7
116,0.131,0.2895,0.5795,7
117,0.1304,0.305,0.5646,7
118,0.1213,0.326,0.5527,7
119,0.1132,0.3302,0.5566,7
120,0.1089,0.3158,0.5753,7
121,0.1095,0.2985,0.592,7
122,0.113,0.2904,0.5966,7
123,0.1127,0.2947,0.5926,7
124,0.1106,0.3015,0.5879,7
125,0.1108,0.3066,0.5826,7
126,0.1131,0.3194,0.5675,7
127,0.107,0.3296,0.5634,7
128,0.1019,0.3194,0.5787,7
129,0.1039,0.3001,0.596,7
130,0.1096,0.286,0.6044,7
131,0.1111,0.2846,0.6043,7
132,0.1198,0.2866,0.5936,7
133,0.1268,0.2884,0.5848,7
134,0.1259,0.2944,0.5797,7
135,0.125,0.2966,0.5784,7
136,0.1256,0.3015,0.5729,7
137,0.1176,0.3144,0.568,7
138,0.1162,0.3149,0.5689,7
139,0.1142,0.3161,0.5697,7
140,0.1159,0.3053,0.5788,7
141,0.1125,0.3097,0.5778,7
142,0.107,0.3123,0.5807,7
143,0.1081,0.302,0.5899,7
144,0.1157,0.2879,0.5964,7
145,0.1222,0.2861,0.5917,7
146,0.1226,0.3046,0.5728,7
147,0.1211,0.3186,0.5603,7
148,0.1141,0.3292,0.5567,7
149,0.1072,0.3239,0.5689,7
150,0.107,0.3141,0.5789,7
151,0.1034,0.3088,0.5878,7
152,0.1032,0.3073,0.5895,7
153,0.1034,0.2929,0.6037,7
154,0.1078,0.279,0.6132,7
155,0.113,0.2865,0.6005,7
156,0.1154,0.2984,0.5862,7
157,0.1147,0.3079,0.5774,7
158,0.1144,0.3209,0.5647,7
159,0.1115,0.3169,0.5716,7
160,0.1121,0.3029,0.585,7
161,0.1133,0.3067,0.58,7
162,0.1165,0.3107,0.5728,7
163,0.1148,0.3135,0.5717,7
164,0.11,0.3154,0.5746,7
165,0.1029,0.3195,0.5776,7
166,0.1001,0.3155,0.5844,7
167,0.0961,0.3012,0.6027,7
168,0.1,0.2864,0.6136,7
169,0.1065,0.2831,0.6104,7
170,0.1142,0.2807,0.6051,7
171,0.1197,0.2849,0.5954,7
172,0.1202,0.3015,0.5783,7
173,0.114,0.3203,0.5657,7
174,0.1089,0.3321,0.559,7
175,0.1053,0.3202,0.5745,7
176,0.1062,0.3164,0.5774,7
177,0.1032,0.3239,0.5729,7
178,0.0975,0.3201,0.5824,7
179,0.0929,0.3023,0.6048,7
180,0.0942,0.2908,0.615,7
181,0.1062,0.2748,0.619,7
182,0.1164,0.2786,0.605,7
183,0.1229,0.2889,0.5882,7
184,0.1225,0.3003,0.5772,7
185,0.1243,0.3162,0.5595,7
186,0.1206,0.3272,0.5522,7
187,0.1145,0.32,0.5655,7
188,0.1097,0.3184,0.5719,7
189,0.1062,0.2944,0.5994,7
190,0.1107,0.2898,0.5995,7
191,0.1208,0.293,0.5862,7
192,0.1232,0.3031,0.5737,7
193,0.1252,0.3045,0.5703,7
194,0.1241,0.3084,0.5675,7
195,0.1248,0.3057,0.5695,7
196,0.1264,0.3108,0.5628,7
197,0.1293,0.3177,0.553,7
198,0.1218,0.325,0.5532,7
199,0.1155,0.3222,0.5623,7
200,0.117,0.306,0.577,7
0,0.3405,0.3206,0.3389,8
1,0.1217,0.663,0.2153,8
2,0.0206,0.4735,0.5059,8
3,0.0232,0.2071,0.7697,8
4,0.0352,0.0863,0.8785,8
5,0.0458,0.0683,0.8859,8
6,0.0546,0.0858,0.8596,8
7,0.0615,0.1107,0.8278,8
8,0.0682,0.1355,0.7963,8
9,0.0776,0.1471,0.7753,8
10,0.0894,0.1584,0.7522,8
11,0.096,0.1738,0.7302,8
12,0.0985,0.1899,0.7116,8
13,0.096,0.204,0.7,8
14,0.1003,0.2128,0.6869,8
15,0.1026,0.2292,0.6682,8
16,0.101,0.2396,0.6594,8
17,0.1008,0.2479,0.6513,8
18,0.0992,0.2579,0.6429,8
19,0.0955,0.2612,0.6433,8
20,0.0954,0.2652,0.6394,8
21,0.0945,0.2672,0.6383,8
22,0.0948,0.2671,0.6381,8
23,0.0984,0.261,0.6406,8
24,0.1055,0.2676,0.6269,8
25,0.1052,0.2806,0.6142,8
26,0.1022,0.2982,0.5996,8
27,0.1026,0.288,0.6094,8
28,0.1108,0.2766,0.6126,8
29,0.1114,0.2911,0.5975,8
30,0.1108,0.3064,0.5828,8
31,0.1118,0.3044,0.5838,8
32,0.1112,0.3037,0.5851,8
33,0.1065,0.3107,0.5828,8
34,0.1047,0.3133,0.582,8
35,0.1116,0.3002,0.5882,8
36,0.1121,0.3024,0.5855,8
37,0.1147,0.3057,0.5796,8
38,0.1159,0.3094,0.5747,8
39,0.1158,0.2932,0.591,8
40,0.1214,0.2704,0.6082,8
41,0.1236,0.2772,0.5992,8
42,0.1258,0.2969,0.5773,8
43,0.1197,0.3147,0.5656,8
44,0.1166,0.3162,0.5672,8
45,0.1197,0.31,0.5703,8
46,0.1267,0.3052,0.5681,8
47,0.1278,0.3208,0.5514,8
48,0.121,0.3319,0.5471,8
49,0.1103,0.3305,0.5592,8
50,0.0993,0.3143,0.5864,8
51,0.0985,0.3002,0.6013,8
52,0.1031,0.283,0.6139,8
53,0.1139,0.2757,0.6104,8
54,0.1305,0.2904,0.5791,8
55,0.135,0.3067,0.5583,8
56,0.138,0.3126,0.5494,8
57,0.1438,0.3125,0.5437,8
58,0.1419,0.3117,0.5464,8
59,0.1297,0.3279,0.5424,8
60,0.1255,0.3301,0.5444,8
61,0.1248,0.3196,0.5556,8
62,0.1196,0.3163,0.5641,8
63,0.1153,0.2999,0.5848,8
64,0.1089,0.2919,0.5992,8
65,0.1114,0.2984,0.5902,8
66,0.1163,0.2992,0.5845,8
67,0.1171,0.3044,0.5785,8
68,0.1204,0.2972,0.5824,8
69,0.1302,0.2947,0.5751,8
70,0.1313,0.3137,0.555,8
71,0.1267,0.3384,0.5349,8
72,0.1124,0.3608,0.5268,8
73,0.0998,0.339,0.5612,8
74,0.0971,0.3053,0.5976,8
75,0.1006,0.2794,0.62,8
76,0.1004,0.2774,0.6222,8
77,0.1047,0.2721,0.6232,8
78,0.1106,0.267,0.6224,8
79,0.1077,0.2795,0.6128,8
80,0.1101,0.3007,0.5892,8
81,0.1142,0.3084,0.5774,8
82,0.1139,0.317,0.5691,8
83,0.1181,0.3224,0.5595,8
84,0.1185,0.329,0.5525,8
85,0.1198,0.3317,0.5485,8
86,0.1069,0.3453,0.5478,8
87,0.099,0.335,0.566,8
88,0.1017,0.2991,0.5992,8
89,0.1079,0.2907,0.6014,8
90,0.1176,0.2969,0.5855,8
91,0.1296,0.2974,0.573,8
92,0.1351,0.2981,0.5668,8
93,0.1397,0.2954,0.5649,8
94,0.1445,0.2988,0.5567,8
95,0.1478,0.309,0.5432,8
96,0.1466,0.33,0.5234,8
97,0.1416,0.3393,0.5191,8
98,0.1295,0.3443,0.5262,8
99,0.1176,0.3409,0.5415,8
100,0.1115,0.3396,0.5489,8
101,0.1049,0.3263,0.5688,8
102,0.1084,0.3085,0.5831,8
103,0.1092,0.2963,0.5945,8
104,0.1122,0.2838,0.604,8
105,0.1124,0.2901,0.5975,8
106,0.1114,0.305,0.5836,8
107,0.1127,0.3036,0.5837,8
108,0.1165,0.3077,0.5758,8
109,0.1207,0.313,0.5663,8
110,0.1247,0.3147,0.5606,8
111,0.1205,0.3138,0.5657,8
112,0.1119,0.3096,0.5785,8
113,0.1091,0.2862,0.6047,8
114,0.1156,0.2747,0.6097,8
115,0.1178,0.2883,0.5939,8
116,0.1114,0.3065,0.5821,8
117,0.1013,0.3159,0.5828,8
118,0.0951,0.3079,0.597,8
119,0.0986,0.3008,0.6006,8
120,0.1029,0.2867,0.6104,8
121,0.1111,0.2764,0.6125,8
122,0.1219,0.2765,0.6016,8
123,0.1255,0.2919,0.5826,8
124,0.123,0.3063,0.5707,8
