Generation,O,Y,B,sim
0,0.3348,0.3358,0.3294,1
1,0.5443,0.3656,0.0901,1
2,0.2556,0.7304,0.014,1
3,0.055,0.9326,0.0124,1
4,0.0146,0.9652,0.0202,1
5,0.0132,0.9539,0.0329,1
6,0.0169,0.9343,0.0488,1
7,0.0204,0.912,0.0676,1
8,0.0239,0.887,0.0891,1
9,0.0275,0.8606,0.1119,1
10,0.0317,0.8327,0.1356,1
11,0.0389,0.8017,0.1594,1
12,0.0439,0.7728,0.1833,1
13,0.0485,0.7442,0.2073,1
14,0.0529,0.7154,0.2317,1
15,0.0566,0.687,0.2564,1
16,0.0609,0.6572,0.2819,1
17,0.0681,0.6247,0.3072,1
18,0.0738,0.5945,0.3317,1
19,0.0825,0.5627,0.3548,1
20,0.0885,0.537,0.3745,1
21,0.0942,0.5141,0.3917,1
22,0.0977,0.4954,0.4069,1
23,0.103,0.479,0.418,1
24,0.1072,0.4666,0.4262,1
25,0.1156,0.4523,0.4321,1
26,0.1182,0.4467,0.4351,1
27,0.1272,0.4386,0.4342,1
28,0.1335,0.4364,0.4301,1
29,0.1379,0.4372,0.4249,1
30,0.1402,0.4407,0.4191,1
31,0.1478,0.4422,0.41,1
32,0.1517,0.4472,0.4011,1
33,0.1556,0.4548,0.3896,1
34,0.1599,0.4605,0.3796,1
35,0.1598,0.4715,0.3687,1
36,0.1609,0.4801,0.359,1
37,0.1659,0.4879,0.3462,1
38,0.1698,0.4947,0.3355,1
39,0.1626,0.5115,0.3259,1
40,0.1591,0.5233,0.3176,1
41,0.157,0.5339,0.3091,1
42,0.1632,0.5375,0.2993,1
43,0.1637,0.5483,0.288,1
44,0.16,0.5596,0.2804,1
45,0.1521,0.5747,0.2732,1
46,0.1508,0.5814,0.2678,1
47,0.145,0.5887,0.2663,1
48,0.1397,0.5971,0.2632,1
49,0.134,0.6037,0.2623,1
50,0.1334,0.6049,0.2617,1
51,0.1326,0.606,0.2614,1
52,0.1319,0.6062,0.2619,1
53,0.1307,0.607,0.2623,1
54,0.1315,0.606,0.2625,1
55,0.1302,0.608,0.2618,1
56,0.1326,0.6067,0.2607,1
57,0.1301,0.6095,0.2604,1
58,0.1292,0.6098,0.261,1
59,0.1301,0.6086,0.2613,1
60,0.1309,0.6076,0.2615,1
61,0.1332,0.605,0.2618,1
62,0.1325,0.6052,0.2623,1
63,0.1344,0.6028,0.2628,1
64,0.134,0.6028,0.2632,1
65,0.135,0.6018,0.2632,1
66,0.1355,0.6014,0.2631,1
67,0.1332,0.6036,0.2632,1
68,0.1337,0.6024,0.2639,1
69,0.1354,0.5996,0.265,1
70,0.1378,0.5965,0.2657,1
71,0.14,0.5936,0.2664,1
72,0.1398,0.5934,0.2668,1
73,0.1425,0.5901,0.2674,1
74,0.1442,0.5881,0.2677,1
75,0.1448,0.5873,0.2679,1
76,0.1443,0.5873,0.2684,1
77,0.1435,0.587,0.2695,1
78,0.147,0.5827,0.2703,1
79,0.1481,0.5816,0.2703,1
80,0.1475,0.5824,0.2701,1
81,0.1466,0.5828,0.2706,1
82,0.1508,0.5777,0.2715,1
83,0.1499,0.5783,0.2718,1
84,0.1501,0.5779,0.272,1
85,0.1523,0.575,0.2727,1
86,0.1538,0.5724,0.2738,1
87,0.1563,0.5699,0.2738,1
88,0.1544,0.5723,0.2733,1
89,0.153,0.5735,0.2735,1
90,0.1546,0.5714,0.274,1
91,0.1555,0.5704,0.2741,1
92,0.1559,0.5699,0.2742,1
93,0.1557,0.5697,0.2746,1
94,0.1564,0.5681,0.2755,1
95,0.1594,0.5649,0.2757,1
96,0.1602,0.564,0.2758,1
97,0.159,0.5649,0.2761,1
98,0.1616,0.5616,0.2768,1
99,0.1623,0.5606,0.2771,1
100,0.1641,0.5593,0.2766,1
101,0.1648,0.5587,0.2765,1
102,0.1651,0.5578,0.2771,1
103,0.1633,0.5599,0.2768,1
104,0.1631,0.5605,0.2764,1
105,0.1616,0.5619,0.2765,1
106,0.1629,0.5601,0.277,1
107,0.1623,0.5608,0.2769,1
108,0.1619,0.5609,0.2772,1
109,0.1644,0.5577,0.2779,1
110,0.1665,0.5547,0.2788,1
111,0.1678,0.5531,0.2791,1
112,0.1675,0.5537,0.2788,1
113,0.1669,0.5543,0.2788,1
114,0.1693,0.5512,0.2795,1
115,0.1698,0.5507,0.2795,1
116,0.1693,0.5516,0.2791,1
117,0.1674,0.5532,0.2794,1
118,0.1674,0.5522,0.2804,1
119,0.1694,0.5504,0.2802,1
120,0.1683,0.5514,0.2803,1
121,0.1696,0.55,0.2804,1
122,0.1743,0.5452,0.2805,1
123,0.1729,0.5471,0.28,1
124,0.1714,0.5486,0.28,1
125,0.1705,0.5481,0.2814,1
126,0.1719,0.546,0.2821,1
127,0.1723,0.5452,0.2825,1
128,0.1707,0.5469,0.2824,1
129,0.1701,0.5475,0.2824,1
130,0.173,0.5443,0.2827,1
131,0.1743,0.5436,0.2821,1
132,0.171,0.5475,0.2815,1
133,0.1708,0.5469,0.2823,1
134,0.1722,0.5443,0.2835,1
135,0.1742,0.5415,0.2843,1
136,0.1721,0.543,0.2849,1
137,0.1749,0.5393,0.2858,1
138,0.1739,0.5391,0.287,1
139,0.173,0.5394,0.2876,1
140,0.1726,0.5389,0.2885,1
141,0.1737,0.5368,0.2895,1
142,0.1775,0.533,0.2895,1
143,0.1785,0.5321,0.2894,1
144,0.1758,0.5364,0.2878,1
145,0.1756,0.5373,0.2871,1
146,0.1748,0.5384,0.2868,1
147,0.1735,0.5403,0.2862,1
148,0.1747,0.5397,0.2856,1
149,0.1731,0.5405,0.2864,1
150,0.1753,0.5379,0.2868,1
151,0.1775,0.5356,0.2869,1
152,0.1757,0.5379,0.2864,1
153,0.1752,0.5381,0.2867,1
154,0.1761,0.537,0.2869,1
155,0.1766,0.5364,0.287,1
156,0.1745,0.5392,0.2863,1
157,0.1762,0.5378,0.286,1
158,0.1764,0.5384,0.2852,1
159,0.1765,0.5394,0.2841,1
160,0.1745,0.5431,0.2824,1
161,0.1747,0.5429,0.2824,1
162,0.1763,0.5417,0.282,1
163,0.1769,0.5422,0.2809,1
164,0.1768,0.5434,0.2798,1
165,0.1747,0.5462,0.2791,1
166,0.1735,0.5478,0.2787,1
167,0.1749,0.5466,0.2785,1
168,0.1724,0.5496,0.278,1
169,0.1703,0.5523,0.2774,1
170,0.1697,0.5527,0.2776,1
171,0.1702,0.5525,0.2773,1
172,0.1653,0.5578,0.2769,1
173,0.167,0.556,0.277,1
174,0.1673,0.555,0.2777,1
175,0.1697,0.5523,0.278,1
176,0.1686,0.5544,0.277,1
177,0.1681,0.5555,0.2764,1
178,0.1647,0.5588,0.2765,1
179,0.1662,0.5573,0.2765,1
180,0.163,0.5597,0.2773,1
181,0.1646,0.5572,0.2782,1
182,0.1644,0.5567,0.2789,1
183,0.1627,0.5577,0.2796,1
184,0.1611,0.5579,0.281,1
185,0.1626,0.5551,0.2823,1
186,0.1631,0.5534,0.2835,1
187,0.165,0.5514,0.2836,1
188,0.1628,0.5534,0.2838,1
189,0.1646,0.5513,0.2841,1
190,0.1688,0.5469,0.2843,1
191,0.1704,0.5454,0.2842,1
192,0.1654,0.5504,0.2842,1
193,0.1663,0.5497,0.284,1
194,0.166,0.5491,0.2849,1
195,0.1656,0.5485,0.2859,1
196,0.164,0.5493,0.2867,1
197,0.1655,0.5469,0.2876,1
198,0.1683,0.544,0.2877,1
199,0.1659,0.5458,0.2883,1
200,0.166,0.5463,0.2877,1
0,0.3368,0.3332,0.33,2
1,0.5508,0.3618,0.0874,2
2,0.2549,0.7311,0.014,2
3,0.0532,0.9297,0.0171,2
4,0.0143,0.9546,0.0311,2
5,0.017,0.9344,0.0486,2
6,0.0244,0.9076,0.068,2
7,0.0289,0.8814,0.0897,2
8,0.0344,0.8515,0.1141,2
9,0.0406,0.8201,0.1393,2
10,0.0486,0.7877,0.1637,2
11,0.0569,0.7571,0.186,2
12,0.0671,0.7276,0.2053,2
13,0.0707,0.7042,0.2251,2
14,0.0761,0.6808,0.2431,2
15,0.084,0.655,0.261,2
16,0.0913,0.6315,0.2772,2
17,0.0993,0.6069,0.2938,2
18,0.1026,0.5861,0.3113,2
19,0.1079,0.5652,0.3269,2
20,0.1144,0.5455,0.3401,2
21,0.1209,0.5266,0.3525,2
22,0.1242,0.511,0.3648,2
23,0.1285,0.4976,0.3739,2
24,0.1327,0.4849,0.3824,2
25,0.1384,0.4746,0.387,2
26,0.1384,0.4712,0.3904,2
27,0.1433,0.4668,0.3899,2
28,0.1459,0.4661,0.388,2
29,0.1462,0.4709,0.3829,2
30,0.1479,0.4743,0.3778,2
31,0.1544,0.4744,0.3712,2
32,0.1575,0.4801,0.3624,2
33,0.1636,0.486,0.3504,2
34,0.1632,0.4962,0.3406,2
35,0.166,0.5033,0.3307,2
36,0.1669,0.5109,0.3222,2
37,0.1657,0.52,0.3143,2
38,0.1613,0.5291,0.3096,2
39,0.1671,0.5274,0.3055,2
40,0.1665,0.5322,0.3013,2
41,0.1726,0.531,0.2964,2
42,0.1729,0.5346,0.2925,2
43,0.1766,0.5354,0.288,2
44,0.1764,0.5393,0.2843,2
45,0.1799,0.5397,0.2804,2
46,0.1805,0.5426,0.2769,2
47,0.1826,0.5447,0.2727,2
48,0.1815,0.5477,0.2708,2
49,0.1869,0.5454,0.2677,2
50,0.184,0.5502,0.2658,2
51,0.1876,0.5494,0.263,2
52,0.1818,0.5545,0.2637,2
53,0.183,0.5528,0.2642,2
54,0.1809,0.553,0.2661,2
55,0.182,0.5523,0.2657,2
56,0.185,0.5485,0.2665,2
57,0.1919,0.543,0.2651,2
58,0.192,0.5415,0.2665,2
59,0.1917,0.5405,0.2678,2
60,0.1909,0.5382,0.2709,2
61,0.1969,0.5308,0.2723,2
62,0.1997,0.5252,0.2751,2
63,0.2043,0.5216,0.2741,2
64,0.2041,0.5193,0.2766,2
65,0.2054,0.5192,0.2754,2
66,0.2071,0.5163,0.2766,2
67,0.2083,0.5152,0.2765,2
68,0.2082,0.514,0.2778,2
69,0.2109,0.5115,0.2776,2
70,0.2122,0.5073,0.2805,2
71,0.215,0.5049,0.2801,2
72,0.2164,0.5019,0.2817,2
73,0.2151,0.5047,0.2802,2
74,0.2185,0.5001,0.2814,2
75,0.2182,0.5022,0.2796,2
76,0.2218,0.499,0.2792,2
77,0.2267,0.4962,0.2771,2
78,0.2258,0.4965,0.2777,2
79,0.2269,0.4963,0.2768,2
80,0.2286,0.4931,0.2783,2
81,0.2305,0.4935,0.276,2
82,0.2287,0.4942,0.2771,2
83,0.2282,0.4965,0.2753,2
84,0.2247,0.4987,0.2766,2
85,0.232,0.4937,0.2743,2
86,0.2308,0.4955,0.2737,2
87,0.2321,0.4972,0.2707,2
88,0.2286,0.501,0.2704,2
89,0.2259,0.5055,0.2686,2
90,0.2271,0.5035,0.2694,2
91,0.227,0.5059,0.2671,2
92,0.2278,0.5045,0.2677,2
93,0.2262,0.5084,0.2654,2
94,0.2229,0.5106,0.2665,2
95,0.2298,0.5051,0.2651,2
96,0.2237,0.5106,0.2657,2
97,0.229,0.5066,0.2644,2
98,0.2308,0.5053,0.2639,2
99,0.2299,0.5068,0.2633,2
100,0.2299,0.5072,0.2629,2
101,0.2297,0.5089,0.2614,2
102,0.2309,0.5085,0.2606,2
103,0.2317,0.5088,0.2595,2
104,0.2295,0.5116,0.2589,2
105,0.2291,0.5128,0.2581,2
106,0.2276,0.5151,0.2573,2
107,0.229,0.5152,0.2558,2
108,0.2268,0.5185,0.2547,2
109,0.2283,0.5182,0.2535,2
110,0.2269,0.5203,0.2528,2
111,0.2298,0.5183,0.2519,2
112,0.2265,0.5236,0.2499,2
113,0.2241,0.5261,0.2498,2
114,0.2213,0.5291,0.2496,2
115,0.2226,0.5284,0.249,2
116,0.221,0.531,0.248,2
117,0.2183,0.534,0.2477,2
118,0.2195,0.5335,0.247,2
119,0.2195,0.5336,0.2469,2
120,0.2156,0.5375,0.2469,2
121,0.2177,0.5347,0.2476,2
122,0.2164,0.5373,0.2463,2
123,0.2194,0.5351,0.2455,2
124,0.2174,0.5375,0.2451,2
125,0.2166,0.5391,0.2443,2
126,0.2152,0.5414,0.2434,2
127,0.2123,0.5447,0.243,2
128,0.2105,0.5472,0.2423,2
129,0.215,0.5423,0.2427,2
130,0.2133,0.5447,0.242,2
131,0.2122,0.5468,0.241,2
132,0.2091,0.5508,0.2401,2
133,0.2106,0.5498,0.2396,2
134,0.2078,0.5523,0.2399,2
135,0.2098,0.5509,0.2393,2
136,0.2084,0.5525,0.2391,2
137,0.2107,0.5496,0.2397,2
138,0.2093,0.5519,0.2388,2
139,0.2091,0.5524,0.2385,2
140,0.2073,0.554,0.2387,2
141,0.2077,0.5539,0.2384,2
142,0.2075,0.5539,0.2386,2
143,0.2078,0.5539,0.2383,2
144,0.2064,0.5555,0.2381,2
145,0.2083,0.5532,0.2385,2
146,0.2066,0.5551,0.2383,2
147,0.2092,0.5529,0.2379,2
148,0.2054,0.5566,0.238,2
149,0.206,0.556,0.238,2
150,0.2045,0.5572,0.2383,2
151,0.2047,0.5566,0.2387,2
152,0.2072,0.554,0.2388,2
153,0.2076,0.5532,0.2392,2
154,0.2087,0.5521,0.2392,2
155,0.2108,0.5497,0.2395,2
156,0.2109,0.5491,0.24,2
157,0.2144,0.5459,0.2397,2
158,0.2124,0.5476,0.24,2
159,0.2148,0.5448,0.2404,2
160,0.2123,0.5472,0.2405,2
161,0.2135,0.5456,0.2409,2
162,0.2145,0.5447,0.2408,2
163,0.215,0.5443,0.2407,2
164,0.2129,0.5461,0.241,2
165,0.2165,0.5426,0.2409,2
166,0.2138,0.5451,0.2411,2
167,0.2154,0.5435,0.2411,2
168,0.2138,0.5455,0.2407,2
169,0.2145,0.5442,0.2413,2
170,0.2144,0.5444,0.2412,2
171,0.216,0.5431,0.2409,2
172,0.2151,0.544,0.2409,2
173,0.2156,0.5438,0.2406,2
174,0.2138,0.5453,0.2409,2
175,0.2174,0.5416,0.241,2
176,0.2128,0.5463,0.2409,2
177,0.2143,0.5446,0.2411,2
178,0.215,0.5441,0.2409,2
179,0.2145,0.5447,0.2408,2
180,0.213,0.5458,0.2412,2
181,0.2154,0.5438,0.2408,2
182,0.2142,0.5451,0.2407,2
183,0.2152,0.5442,0.2406,2
184,0.2149,0.5442,0.2409,2
185,0.2153,0.5434,0.2413,2
186,0.2125,0.5465,0.241,2
187,0.2164,0.5428,0.2408,2
188,0.2156,0.5436,0.2408,2
189,0.2152,0.5441,0.2407,2
190,0.2153,0.5437,0.241,2
191,0.2175,0.5416,0.2409,2
192,0.213,0.5464,0.2406,2
193,0.216,0.5431,0.2409,2
194,0.2145,0.5446,0.2409,2
195,0.2147,0.5444,0.2409,2
196,0.2137,0.5453,0.241,2
197,0.2139,0.5454,0.2407,2
198,0.2134,0.5459,0.2407,2
199,0.2155,0.5435,0.241,2
200,0.2133,0.5458,0.2409,2
0,0.3402,0.3357,0.3241,3
1,0.5349,0.3825,0.0826,3
2,0.2371,0.7458,0.0171,3
3,0.0578,0.9265,0.0157,3
4,0.0158,0.9551,0.0291,3
5,0.012,0.9394,0.0486,3
6,0.0157,0.9126,0.0717,3
7,0.02,0.882,0.098,3
8,0.0242,0.8489,0.1269,3
9,0.0269,0.8155,0.1576,3
10,0.0306,0.7792,0.1902,3
11,0.0332,0.7437,0.2231,3
12,0.0386,0.7054,0.256,3
13,0.042,0.6691,0.2889,3
14,0.0499,0.6279,0.3222,3
15,0.0538,0.591,0.3552,3
16,0.0589,0.5553,0.3858,3
17,0.0616,0.5245,0.4139,3
18,0.0714,0.4889,0.4397,3
19,0.0727,0.4641,0.4632,3
20,0.0789,0.4351,0.486,3
21,0.0801,0.4153,0.5046,3
22,0.0878,0.3913,0.5209,3
23,0.0895,0.3754,0.5351,3
24,0.0945,0.3575,0.548,3
25,0.0946,0.3463,0.5591,3
26,0.102,0.3315,0.5665,3
27,0.1007,0.3254,0.5739,3
28,0.1073,0.3147,0.578,3
29,0.1074,0.3129,0.5797,3
30,0.1152,0.306,0.5788,3
31,0.1161,0.3086,0.5753,3
32,0.1251,0.3052,0.5697,3
33,0.1287,0.311,0.5603,3
34,0.1292,0.32,0.5508,3
35,0.1251,0.3315,0.5434,3
36,0.1281,0.338,0.5339,3
37,0.1264,0.3506,0.523,3
38,0.1336,0.3561,0.5103,3
39,0.1333,0.368,0.4987,3
40,0.1376,0.3752,0.4872,3
41,0.1397,0.3842,0.4761,3
42,0.138,0.3952,0.4668,3
43,0.1369,0.4064,0.4567,3
44,0.1354,0.4151,0.4495,3
45,0.1335,0.4236,0.4429,3
46,0.1339,0.4281,0.438,3
47,0.1288,0.4384,0.4328,3
48,0.1307,0.4402,0.4291,3
49,0.1342,0.4413,0.4245,3
50,0.1365,0.4432,0.4203,3
51,0.1389,0.447,0.4141,3
52,0.1413,0.4505,0.4082,3
53,0.1411,0.4573,0.4016,3
54,0.1417,0.4629,0.3954,3
55,0.143,0.468,0.389,3
56,0.1495,0.4684,0.3821,3
57,0.1495,0.4767,0.3738,3
58,0.1499,0.4831,0.367,3
59,0.1439,0.4927,0.3634,3
60,0.1387,0.5018,0.3595,3
61,0.1362,0.5068,0.357,3
62,0.1388,0.5079,0.3533,3
63,0.1353,0.513,0.3517,3
64,0.1355,0.5148,0.3497,3
65,0.1333,0.5186,0.3481,3
66,0.1344,0.519,0.3466,3
67,0.1349,0.5202,0.3449,3
68,0.1356,0.5215,0.3429,3
69,0.1335,0.5253,0.3412,3
70,0.1364,0.5243,0.3393,3
71,0.1336,0.5288,0.3376,3
72,0.1365,0.5284,0.3351,3
73,0.138,0.5295,0.3325,3
74,0.1386,0.5318,0.3296,3
75,0.1348,0.5379,0.3273,3
76,0.1359,0.5394,0.3247,3
77,0.1328,0.5449,0.3223,3
78,0.1326,0.5469,0.3205,3
79,0.1288,0.5508,0.3204,3
80,0.1257,0.554,0.3203,3
81,0.1251,0.5544,0.3205,3
82,0.1273,0.5521,0.3206,3
83,0.1263,0.5526,0.3211,3
84,0.1279,0.5509,0.3212,3
85,0.1274,0.5512,0.3214,3
86,0.1278,0.5506,0.3216,3
87,0.1254,0.5525,0.3221,3
88,0.1289,0.5491,0.322,3
89,0.1272,0.5509,0.3219,3
90,0.1267,0.5516,0.3217,3
91,0.126,0.552,0.322,3
92,0.1265,0.5515,0.322,3
93,0.1262,0.5515,0.3223,3
94,0.1294,0.5485,0.3221,3
95,0.1276,0.55,0.3224,3
96,0.1285,0.5493,0.3222,3
97,0.1262,0.5516,0.3222,3
98,0.1295,0.5484,0.3221,3
99,0.1304,0.5472,0.3224,3
100,0.1309,0.5469,0.3222,3
101,0.1293,0.5485,0.3222,3
102,0.1291,0.5488,0.3221,3
103,0.1284,0.5492,0.3224,3
104,0.1302,0.5476,0.3222,3
105,0.1274,0.5504,0.3222,3
106,0.1285,0.5494,0.3221,3
107,0.1273,0.5503,0.3224,3
108,0.1296,0.5482,0.3222,3
109,0.1288,0.549,0.3222,3
110,0.1277,0.5502,0.3221,3
111,0.1285,0.5491,0.3224,3
112,0.1293,0.5485,0.3222,3
113,0.1279,0.5499,0.3222,3
114,0.1276,0.5503,0.3221,3
115,0.1273,0.5503,0.3224,3
116,0.1287,0.5491,0.3222,3
117,0.1274,0.5504,0.3222,3
118,0.1277,0.5502,0.3221,3
119,0.1267,0.5509,0.3224,3
120,0.129,0.5488,0.3222,3
121,0.1293,0.5485,0.3222,3
122,0.1277,0.5502,0.3221,3
123,0.1267,0.5509,0.3224,3
124,0.1293,0.5485,0.3222,3
125,0.1265,0.5513,0.3222,3
126,0.1263,0.5516,0.3221,3
127,0.1248,0.5528,0.3224,3
128,0.1292,0.5486,0.3222,3
129,0.1284,0.5494,0.3222,3
130,0.1277,0.5502,0.3221,3
131,0.1235,0.5541,0.3224,3
132,0.1272,0.5506,0.3222,3
133,0.1263,0.5515,0.3222,3
134,0.1293,0.5486,0.3221,3
135,0.1275,0.5501,0.3224,3
136,0.1285,0.5493,0.3222,3
137,0.1261,0.5517,0.3222,3
138,0.1266,0.5513,0.3221,3
139,0.1257,0.5519,0.3224,3
140,0.1273,0.5505,0.3222,3
141,0.1263,0.5515,0.3222,3
142,0.1268,0.5511,0.3221,3
143,0.1253,0.5523,0.3224,3
144,0.128,0.5498,0.3222,3
145,0.1269,0.5509,0.3222,3
146,0.1267,0.5512,0.3221,3
147,0.1258,0.5518,0.3224,3
148,0.1275,0.5503,0.3222,3
149,0.1263,0.5515,0.3222,3
150,0.1277,0.5502,0.3221,3
151,0.1267,0.5509,0.3224,3
152,0.1282,0.5496,0.3222,3
153,0.1259,0.5519,0.3222,3
154,0.1285,0.5494,0.3221,3
155,0.1254,0.5522,0.3224,3
156,0.1274,0.5504,0.3222,3
157,0.1274,0.5504,0.3222,3
158,0.1277,0.5502,0.3221,3
159,0.1264,0.5512,0.3224,3
160,0.1295,0.5483,0.3222,3
161,0.1266,0.5512,0.3222,3
162,0.1266,0.5513,0.3221,3
163,0.1257,0.5519,0.3224,3
164,0.1276,0.5502,0.3222,3
165,0.1276,0.5502,0.3222,3
166,0.1267,0.5512,0.3221,3
167,0.1255,0.5521,0.3224,3
168,0.1273,0.5505,0.3222,3
169,0.1272,0.5506,0.3222,3
170,0.1272,0.5507,0.3221,3
171,0.1235,0.5541,0.3224,3
172,0.1258,0.552,0.3222,3
173,0.1263,0.5515,0.3222,3
174,0.1264,0.5515,0.3221,3
175,0.1252,0.5524,0.3224,3
176,0.1278,0.55,0.3222,3
177,0.1261,0.5517,0.3222,3
178,0.1278,0.5501,0.3221,3
179,0.1256,0.552,0.3224,3
180,0.1269,0.5509,0.3222,3
181,0.1253,0.5525,0.3222,3
182,0.1267,0.5512,0.3221,3
183,0.1272,0.5504,0.3224,3
184,0.1274,0.5504,0.3222,3
185,0.1277,0.5501,0.3222,3
186,0.1283,0.5496,0.3221,3
187,0.125,0.5526,0.3224,3
188,0.1279,0.5499,0.3222,3
189,0.1262,0.5516,0.3222,3
190,0.1278,0.5501,0.3221,3
191,0.1276,0.55,0.3224,3
192,0.1273,0.5505,0.3222,3
193,0.126,0.5518,0.3222,3
194,0.126,0.5519,0.3221,3
195,0.1238,0.5538,0.3224,3
196,0.1275,0.5503,0.3222,3
197,0.1261,0.5517,0.3222,3
198,0.1279,0.55,0.3221,3
199,0.1272,0.5504,0.3224,3
200,0.1279,0.5499,0.3222,3
0,0.3358,0.3338,0.3304,4
1,0.5579,0.3528,0.0893,4
2,0.258,0.731,0.011,4
3,0.0531,0.9345,0.0124,4
4,0.0138,0.9625,0.0237,4
5,0.0118,0.9499,0.0383,4
6,0.0135,0.9306,0.0559,4
7,0.0156,0.9079,0.0765,4
8,0.018,0.8825,0.0995,4
9,0.0204,0.8542,0.1254,4
10,0.0229,0.8248,0.1523,4
11,0.0259,0.7939,0.1802,4
12,0.0291,0.7615,0.2094,4
13,0.0338,0.7275,0.2387,4
14,0.0384,0.6934,0.2682,4
15,0.0427,0.6604,0.2969,4
16,0.0456,0.6292,0.3252,4
17,0.0514,0.5959,0.3527,4
18,0.0559,0.564,0.3801,4
19,0.0595,0.5341,0.4064,4
20,0.0671,0.501,0.4319,4
21,0.0713,0.4747,0.454,4
22,0.0736,0.4507,0.4757,4
23,0.0809,0.4243,0.4948,4
24,0.0855,0.4019,0.5126,4
25,0.0895,0.3827,0.5278,4
26,0.0969,0.3628,0.5403,4
27,0.1015,0.3493,0.5492,4
28,0.1048,0.3373,0.5579,4
29,0.1076,0.3287,0.5637,4
30,0.1117,0.3203,0.568,4
31,0.1152,0.3155,0.5693,4
32,0.1215,0.3104,0.5681,4
33,0.1283,0.309,0.5627,4
34,0.1325,0.3103,0.5572,4
35,0.1368,0.3167,0.5465,4
36,0.1441,0.3206,0.5353,4
37,0.1451,0.3326,0.5223,4
38,0.1435,0.3461,0.5104,4
39,0.14,0.3586,0.5014,4
40,0.1437,0.3663,0.49,4
41,0.14,0.3783,0.4817,4
42,0.1377,0.3897,0.4726,4
43,0.1376,0.398,0.4644,4
44,0.1417,0.4036,0.4547,4
45,0.1441,0.4113,0.4446,4
46,0.1457,0.4191,0.4352,4
47,0.1446,0.4304,0.425,4
48,0.1465,0.4366,0.4169,4
49,0.1444,0.4481,0.4075,4
50,0.1505,0.4523,0.3972,4
51,0.1505,0.4625,0.387,4
52,0.149,0.4719,0.3791,4
53,0.1397,0.4869,0.3734,4
54,0.137,0.4958,0.3672,4
55,0.1391,0.4993,0.3616,4
56,0.1392,0.5053,0.3555,4
57,0.1446,0.5063,0.3491,4
58,0.146,0.5115,0.3425,4
59,0.1465,0.5159,0.3376,4
60,0.1492,0.5192,0.3316,4
61,0.1513,0.5215,0.3272,4
62,0.1535,0.5248,0.3217,4
63,0.1571,0.5257,0.3172,4
64,0.1574,0.5302,0.3124,4
65,0.1511,0.539,0.3099,4
66,0.151,0.5411,0.3079,4
67,0.1524,0.5419,0.3057,4
68,0.1527,0.5438,0.3035,4
69,0.1547,0.5438,0.3015,4
70,0.1578,0.5429,0.2993,4
71,0.1594,0.543,0.2976,4
72,0.1587,0.5461,0.2952,4
73,0.1616,0.5463,0.2921,4
74,0.1606,0.5499,0.2895,4
75,0.1594,0.5539,0.2867,4
76,0.1608,0.5545,0.2847,4
77,0.1557,0.5597,0.2846,4
78,0.1523,0.5646,0.2831,4
79,0.153,0.5647,0.2823,4
80,0.1517,0.5671,0.2812,4
81,0.1487,0.5707,0.2806,4
82,0.1529,0.5669,0.2802,4
83,0.1523,0.5684,0.2793,4
84,0.1491,0.5717,0.2792,4
85,0.1469,0.5738,0.2793,4
86,0.1475,0.573,0.2795,4
87,0.1479,0.5725,0.2796,4
88,0.1484,0.5719,0.2797,4
89,0.1468,0.5734,0.2798,4
90,0.1489,0.5713,0.2798,4
91,0.1483,0.5718,0.2799,4
92,0.1486,0.5713,0.2801,4
93,0.1467,0.573,0.2803,4
94,0.1488,0.5707,0.2805,4
95,0.1476,0.572,0.2804,4
96,0.1488,0.5709,0.2803,4
97,0.1475,0.5723,0.2802,4
98,0.1485,0.5714,0.2801,4
99,0.1463,0.5737,0.28,4
100,0.1487,0.5714,0.2799,4
101,0.1457,0.5745,0.2798,4
102,0.1467,0.5736,0.2797,4
103,0.1457,0.5747,0.2796,4
104,0.1469,0.5736,0.2795,4
105,0.147,0.5736,0.2794,4
106,0.1483,0.5724,0.2793,4
107,0.1448,0.576,0.2792,4
108,0.1479,0.573,0.2791,4
109,0.1435,0.5775,0.279,4
110,0.1471,0.574,0.2789,4
111,0.1452,0.576,0.2788,4
112,0.1483,0.573,0.2787,4
113,0.1454,0.576,0.2786,4
114,0.1459,0.5756,0.2785,4
115,0.1461,0.5755,0.2784,4
116,0.1464,0.5752,0.2784,4
117,0.1442,0.5774,0.2784,4
118,0.1459,0.5757,0.2784,4
119,0.1456,0.576,0.2784,4
120,0.1479,0.5737,0.2784,4
121,0.1443,0.5773,0.2784,4
122,0.1463,0.5753,0.2784,4
123,0.1459,0.5757,0.2784,4
124,0.1471,0.5745,0.2784,4
125,0.1425,0.5791,0.2784,4
126,0.1467,0.5749,0.2784,4
127,0.1458,0.5758,0.2784,4
128,0.1459,0.5757,0.2784,4
129,0.1458,0.5758,0.2784,4
130,0.1474,0.5742,0.2784,4
131,0.1445,0.5771,0.2784,4
132,0.1471,0.5745,0.2784,4
133,0.1448,0.5768,0.2784,4
134,0.1459,0.5757,0.2784,4
135,0.1438,0.5778,0.2784,4
136,0.1492,0.5724,0.2784,4
137,0.1439,0.5777,0.2784,4
138,0.1468,0.5748,0.2784,4
139,0.1453,0.5763,0.2784,4
140,0.1459,0.5757,0.2784,4
141,0.1444,0.5771,0.2785,4
142,0.1473,0.574,0.2787,4
143,0.1436,0.5775,0.2789,4
144,0.1493,0.5717,0.279,4
145,0.1455,0.5754,0.2791,4
146,0.1477,0.5731,0.2792,4
147,0.1459,0.5748,0.2793,4
148,0.1473,0.5734,0.2793,4
149,0.1466,0.5742,0.2792,4
150,0.1496,0.5713,0.2791,4
151,0.1482,0.5729,0.2789,4
152,0.1491,0.5724,0.2785,4
153,0.1456,0.5758,0.2786,4
154,0.1493,0.572,0.2787,4
155,0.1457,0.5754,0.2789,4
156,0.1474,0.5738,0.2788,4
157,0.1458,0.5756,0.2786,4
158,0.1482,0.5735,0.2783,4
159,0.1473,0.5749,0.2778,4
160,0.1507,0.5725,0.2768,4
161,0.1473,0.5769,0.2758,4
162,0.1511,0.5739,0.275,4
163,0.1483,0.5777,0.274,4
164,0.1499,0.5774,0.2727,4
165,0.1484,0.5799,0.2717,4
166,0.1494,0.5798,0.2708,4
167,0.1464,0.5838,0.2698,4
168,0.1494,0.5819,0.2687,4
169,0.1468,0.5855,0.2677,4
170,0.1502,0.583,0.2668,4
171,0.1473,0.5869,0.2658,4
172,0.1494,0.5859,0.2647,4
173,0.1462,0.5901,0.2637,4
174,0.1491,0.5881,0.2628,4
175,0.1459,0.5922,0.2619,4
176,0.1492,0.5899,0.2609,4
177,0.1464,0.5937,0.2599,4
178,0.149,0.5914,0.2596,4
179,0.1431,0.5973,0.2596,4
180,0.1461,0.5944,0.2595,4
181,0.1434,0.5971,0.2595,4
182,0.1462,0.5942,0.2596,4
183,0.1444,0.596,0.2596,4
184,0.1477,0.5928,0.2595,4
185,0.1435,0.597,0.2595,4
186,0.1468,0.5936,0.2596,4
187,0.1431,0.5973,0.2596,4
188,0.1458,0.5947,0.2595,4
189,0.1435,0.597,0.2595,4
190,0.1453,0.5951,0.2596,4
191,0.1439,0.5965,0.2596,4
192,0.1475,0.593,0.2595,4
193,0.144,0.5965,0.2595,4
194,0.1457,0.5947,0.2596,4
195,0.1435,0.5969,0.2596,4
196,0.1481,0.5924,0.2595,4
197,0.1458,0.5947,0.2595,4
198,0.1489,0.5915,0.2596,4
199,0.1457,0.5947,0.2596,4
200,0.1469,0.5936,0.2595,4
0,0.3351,0.3317,0.3332,5
1,0.5484,0.3653,0.0863,5
2,0.2339,0.7528,0.0133,5
3,0.0513,0.9369,0.0118,5
4,0.0137,0.9671,0.0192,5
5,0.0141,0.9567,0.0292,5
6,0.0168,0.9421,0.0411,5
7,0.0204,0.9252,0.0544,5
8,0.0256,0.9057,0.0687,5
9,0.0296,0.8872,0.0832,5
10,0.0322,0.8681,0.0997,5
11,0.0352,0.8479,0.1169,5
12,0.038,0.8273,0.1347,5
13,0.0423,0.8054,0.1523,5
14,0.0456,0.7831,0.1713,5
15,0.0512,0.7576,0.1912,5
16,0.0562,0.7334,0.2104,5
17,0.0605,0.7092,0.2303,5
18,0.0679,0.683,0.2491,5
19,0.0731,0.6592,0.2677,5
20,0.0753,0.6383,0.2864,5
21,0.0802,0.6139,0.3059,5
22,0.0862,0.5903,0.3235,5
23,0.0913,0.569,0.3397,5
24,0.0967,0.5494,0.3539,5
25,0.1012,0.5329,0.3659,5
26,0.1063,0.5187,0.375,5
27,0.1107,0.5062,0.3831,5
28,0.114,0.4973,0.3887,5
29,0.1161,0.4919,0.392,5
30,0.1202,0.484,0.3958,5
31,0.124,0.4792,0.3968,5
32,0.1282,0.4732,0.3986,5
33,0.1256,0.4736,0.4008,5
34,0.1298,0.4688,0.4014,5
35,0.1331,0.465,0.4019,5
36,0.136,0.4632,0.4008,5
37,0.1352,0.4657,0.3991,5
38,0.14,0.4624,0.3976,5
39,0.1438,0.4627,0.3935,5
40,0.1462,0.4643,0.3895,5
41,0.1509,0.4648,0.3843,5
42,0.1532,0.4682,0.3786,5
43,0.1553,0.4708,0.3739,5
44,0.1604,0.4707,0.3689,5
45,0.159,0.4764,0.3646,5
46,0.1614,0.4779,0.3607,5
47,0.1632,0.4805,0.3563,5
48,0.165,0.4833,0.3517,5
49,0.1608,0.4918,0.3474,5
50,0.1653,0.4905,0.3442,5
51,0.1658,0.4935,0.3407,5
52,0.1657,0.4968,0.3375,5
53,0.1621,0.503,0.3349,5
54,0.1682,0.5002,0.3316,5
55,0.1628,0.5081,0.3291,5
56,0.1647,0.5087,0.3266,5
57,0.1611,0.5148,0.3241,5
58,0.1646,0.5127,0.3227,5
59,0.1627,0.5162,0.3211,5
60,0.1653,0.5157,0.319,5
61,0.1632,0.5186,0.3182,5
62,0.1675,0.5158,0.3167,5
63,0.166,0.5181,0.3159,5
64,0.1668,0.5176,0.3156,5
65,0.1607,0.5227,0.3166,5
66,0.1611,0.5212,0.3177,5
67,0.1608,0.5198,0.3194,5
68,0.1664,0.5139,0.3197,5
69,0.1648,0.5153,0.3199,5
70,0.1706,0.5086,0.3208,5
71,0.1671,0.5119,0.321,5
72,0.1734,0.5044,0.3222,5
73,0.1687,0.5093,0.322,5
74,0.1709,0.5078,0.3213,5
75,0.1717,0.5079,0.3204,5
76,0.1718,0.5087,0.3195,5
77,0.165,0.5156,0.3194,5
78,0.17,0.5097,0.3203,5
79,0.166,0.5138,0.3202,5
80,0.1676,0.5119,0.3205,5
81,0.1625,0.5166,0.3209,5
82,0.1667,0.5118,0.3215,5
83,0.1652,0.5125,0.3223,5
84,0.1711,0.5075,0.3214,5
85,0.1668,0.5119,0.3213,5
86,0.1711,0.5084,0.3205,5
87,0.1666,0.5142,0.3192,5
88,0.1707,0.5104,0.3189,5
89,0.169,0.5132,0.3178,5
90,0.1747,0.508,0.3173,5
91,0.1711,0.5124,0.3165,5
92,0.1744,0.5094,0.3162,5
93,0.1716,0.5136,0.3148,5
94,0.176,0.5106,0.3134,5
95,0.1713,0.5178,0.3109,5
96,0.1776,0.5132,0.3092,5
97,0.1717,0.5217,0.3066,5
98,0.1761,0.5188,0.3051,5
99,0.1729,0.5246,0.3025,5
100,0.1764,0.5236,0.3,5
101,0.1725,0.53,0.2975,5
102,0.1787,0.5274,0.2939,5
103,0.1741,0.5334,0.2925,5
104,0.1732,0.5366,0.2902,5
105,0.1704,0.5423,0.2873,5
106,0.1702,0.5429,0.2869,5
107,0.1646,0.5482,0.2872,5
108,0.167,0.5459,0.2871,5
109,0.163,0.5487,0.2883,5
110,0.1679,0.5442,0.2879,5
111,0.1679,0.5454,0.2867,5
112,0.1694,0.5448,0.2858,5
113,0.1633,0.551,0.2857,5
114,0.1664,0.5473,0.2863,5
115,0.165,0.547,0.288,5
116,0.1688,0.5421,0.2891,5
117,0.1655,0.5444,0.2901,5
118,0.1668,0.5431,0.2901,5
119,0.1691,0.5408,0.2901,5
120,0.1744,0.5369,0.2887,5
121,0.167,0.5457,0.2873,5
122,0.1721,0.5412,0.2867,5
123,0.1682,0.5457,0.2861,5
124,0.172,0.5424,0.2856,5
125,0.1656,0.5487,0.2857,5
126,0.167,0.5468,0.2862,5
127,0.1656,0.548,0.2864,5
128,0.1678,0.5455,0.2867,5
129,0.1646,0.5481,0.2873,5
130,0.1719,0.5406,0.2875,5
131,0.1687,0.5439,0.2874,5
132,0.1726,0.54,0.2874,5
133,0.1673,0.5447,0.288,5
134,0.1707,0.5412,0.2881,5
135,0.1683,0.5437,0.288,5
136,0.1738,0.5393,0.2869,5
137,0.1682,0.5449,0.2869,5
138,0.1763,0.5372,0.2865,5
139,0.1721,0.5418,0.2861,5
140,0.1743,0.5399,0.2858,5
141,0.1704,0.5434,0.2862,5
142,0.1761,0.5375,0.2864,5
143,0.1697,0.5438,0.2865,5
144,0.1742,0.5401,0.2857,5
145,0.1699,0.5453,0.2848,5
146,0.1694,0.5453,0.2853,5
147,0.1686,0.5452,0.2862,5
148,0.1739,0.5399,0.2862,5
149,0.1698,0.5445,0.2857,5
150,0.1735,0.542,0.2845,5
151,0.1692,0.5455,0.2853,5
152,0.1706,0.5433,0.2861,5
153,0.1692,0.5441,0.2867,5
154,0.1734,0.5392,0.2874,5
155,0.1697,0.5431,0.2872,5
156,0.1734,0.5398,0.2868,5
157,0.1667,0.5463,0.287,5
158,0.1714,0.5425,0.2861,5
159,0.1697,0.5452,0.2851,5
160,0.1731,0.5435,0.2834,5
161,0.1675,0.5506,0.2819,5
162,0.1698,0.5492,0.281,5
163,0.1636,0.5557,0.2807,5
164,0.1703,0.5485,0.2812,5
165,0.1681,0.5515,0.2804,5
166,0.1723,0.5483,0.2794,5
167,0.1695,0.5514,0.2791,5
168,0.1721,0.5485,0.2794,5
169,0.1677,0.5523,0.28,5
170,0.1731,0.5463,0.2806,5
171,0.1703,0.5488,0.2809,5
172,0.1748,0.5443,0.2809,5
173,0.1681,0.5511,0.2808,5
174,0.1711,0.5477,0.2812,5
175,0.1702,0.5479,0.2819,5
176,0.1747,0.543,0.2823,5
177,0.1687,0.5481,0.2832,5
178,0.1747,0.5414,0.2839,5
179,0.1731,0.5431,0.2838,5
180,0.1761,0.5414,0.2825,5
181,0.1706,0.5478,0.2816,5
182,0.1725,0.5463,0.2812,5
183,0.1718,0.5471,0.2811,5
184,0.1755,0.5444,0.2801,5
185,0.176,0.5448,0.2792,5
186,0.1803,0.5418,0.2779,5
187,0.1734,0.5502,0.2764,5
188,0.174,0.5505,0.2755,5
189,0.169,0.5553,0.2757,5
190,0.1696,0.5543,0.2761,5
191,0.1658,0.5575,0.2767,5
192,0.1699,0.5529,0.2772,5
193,0.1696,0.5532,0.2772,5
194,0.1728,0.5506,0.2766,5
195,0.1704,0.553,0.2766,5
196,0.1692,0.5539,0.2769,5
197,0.1665,0.5558,0.2777,5
198,0.1706,0.5507,0.2787,5
199,0.1705,0.5505,0.279,5
200,0.1721,0.5488,0.2791,5
0,0.3364,0.3342,0.3294,6
1,0.5504,0.3672,0.0824,6
2,0.2337,0.754,0.0123,6
3,0.0422,0.9418,0.016,6
4,0.013,0.9602,0.0268,6
5,0.0128,0.9454,0.0418,6
6,0.017,0.9233,0.0597,6
7,0.0216,0.8989,0.0795,6
8,0.0264,0.8719,0.1017,6
9,0.0303,0.8441,0.1256,6
10,0.0334,0.816,0.1506,6
11,0.0367,0.7881,0.1752,6
12,0.0422,0.7586,0.1992,6
13,0.0464,0.7307,0.2229,6
14,0.0525,0.7021,0.2454,6
15,0.0564,0.6759,0.2677,6
16,0.0615,0.6492,0.2893,6
17,0.0672,0.6238,0.309,6
18,0.075,0.597,0.328,6
19,0.0769,0.5768,0.3463,6
20,0.08,0.5539,0.3661,6
21,0.0811,0.5347,0.3842,6
22,0.0858,0.5127,0.4015,6
23,0.0878,0.4954,0.4168,6
24,0.0935,0.4744,0.4321,6
25,0.0955,0.4599,0.4446,6
26,0.0998,0.4423,0.4579,6
27,0.1017,0.4308,0.4675,6
28,0.1057,0.4141,0.4802,6
29,0.1063,0.4057,0.488,6
30,0.1116,0.3895,0.4989,6
31,0.1115,0.3838,0.5047,6
32,0.1186,0.3676,0.5138,6
33,0.1197,0.3629,0.5174,6
34,0.1254,0.3524,0.5222,6
35,0.1287,0.3492,0.5221,6
36,0.1331,0.3448,0.5221,6
37,0.1307,0.3486,0.5207,6
38,0.1317,0.348,0.5203,6
39,0.1319,0.349,0.5191,6
40,0.1349,0.349,0.5161,6
41,0.1372,0.351,0.5118,6
42,0.1397,0.3534,0.5069,6
43,0.1371,0.3592,0.5037,6
44,0.1363,0.3643,0.4994,6
45,0.1398,0.3648,0.4954,6
46,0.1416,0.3688,0.4896,6
47,0.1448,0.3704,0.4848,6
48,0.147,0.3743,0.4787,6
49,0.1454,0.3804,0.4742,6
50,0.1476,0.3841,0.4683,6
51,0.1485,0.3878,0.4637,6
52,0.1513,0.3908,0.4579,6
53,0.1519,0.3937,0.4544,6
54,0.1523,0.3987,0.449,6
55,0.154,0.4002,0.4458,6
56,0.1553,0.4038,0.4409,6
57,0.1563,0.4061,0.4376,6
58,0.1572,0.4096,0.4332,6
59,0.1562,0.4121,0.4317,6
60,0.1583,0.4147,0.427,6
61,0.1579,0.4168,0.4253,6
62,0.1581,0.4194,0.4225,6
63,0.1604,0.4192,0.4204,6
64,0.1619,0.4206,0.4175,6
65,0.1633,0.4219,0.4148,6
66,0.1654,0.4228,0.4118,6
67,0.1625,0.4277,0.4098,6
68,0.1653,0.428,0.4067,6
69,0.1655,0.4296,0.4049,6
70,0.1658,0.4322,0.402,6
71,0.165,0.4341,0.4009,6
72,0.1659,0.4354,0.3987,6
73,0.1677,0.4365,0.3958,6
74,0.1707,0.4353,0.394,6
75,0.1695,0.4377,0.3928,6
76,0.1691,0.4405,0.3904,6
77,0.1706,0.4399,0.3895,6
78,0.1725,0.4412,0.3863,6
79,0.1736,0.4411,0.3853,6
80,0.174,0.4427,0.3833,6
81,0.1743,0.4444,0.3813,6
82,0.1761,0.4449,0.379,6
83,0.1756,0.4483,0.3761,6
84,0.1782,0.4485,0.3733,6
85,0.1766,0.4526,0.3708,6
86,0.1768,0.4563,0.3669,6
87,0.1771,0.4585,0.3644,6
88,0.1787,0.4598,0.3615,6
89,0.1775,0.4638,0.3587,6
90,0.1769,0.4665,0.3566,6
91,0.1744,0.4705,0.3551,6
92,0.1755,0.4707,0.3538,6
93,0.1736,0.472,0.3544,6
94,0.1737,0.4736,0.3527,6
95,0.1738,0.4739,0.3523,6
96,0.1768,0.4723,0.3509,6
97,0.1778,0.4718,0.3504,6
98,0.1767,0.4731,0.3502,6
99,0.1764,0.475,0.3486,6
100,0.177,0.4756,0.3474,6
101,0.1763,0.477,0.3467,6
102,0.1781,0.4774,0.3445,6
103,0.1784,0.479,0.3426,6
104,0.178,0.4823,0.3397,6
105,0.1824,0.4802,0.3374,6
106,0.1817,0.4829,0.3354,6
107,0.1802,0.4882,0.3316,6
108,0.1849,0.4867,0.3284,6
109,0.1871,0.4889,0.324,6
110,0.1898,0.4908,0.3194,6
111,0.1915,0.4935,0.315,6
112,0.1863,0.5007,0.313,6
113,0.1851,0.5043,0.3106,6
114,0.1819,0.5099,0.3082,6
115,0.1841,0.5098,0.3061,6
116,0.183,0.513,0.304,6
117,0.1815,0.5172,0.3013,6
118,0.1826,0.5185,0.2989,6
119,0.1838,0.5195,0.2967,6
120,0.1815,0.524,0.2945,6
121,0.1824,0.525,0.2926,6
122,0.182,0.5285,0.2895,6
123,0.1844,0.528,0.2876,6
124,0.1844,0.53,0.2856,6
125,0.1824,0.5348,0.2828,6
126,0.1833,0.5361,0.2806,6
127,0.1822,0.5393,0.2785,6
128,0.1842,0.5398,0.276,6
129,0.1808,0.5427,0.2765,6
130,0.1763,0.5477,0.276,6
131,0.1749,0.5494,0.2757,6
132,0.1748,0.5489,0.2763,6
133,0.1762,0.5475,0.2763,6
134,0.1746,0.5492,0.2762,6
135,0.1754,0.5486,0.276,6
136,0.1771,0.5468,0.2761,6
137,0.174,0.55,0.276,6
138,0.1764,0.5473,0.2763,6
139,0.1746,0.5495,0.2759,6
140,0.1742,0.5498,0.276,6
141,0.1753,0.5487,0.276,6
142,0.1738,0.55,0.2762,6
143,0.1746,0.5489,0.2765,6
144,0.1751,0.5493,0.2756,6
145,0.1737,0.5504,0.2759,6
146,0.1754,0.5485,0.2761,6
147,0.175,0.5487,0.2763,6
148,0.1759,0.5483,0.2758,6
149,0.1754,0.5486,0.276,6
150,0.1767,0.5469,0.2764,6
151,0.1736,0.5504,0.276,6
152,0.1738,0.5497,0.2765,6
153,0.1755,0.5485,0.276,6
154,0.1766,0.5472,0.2762,6
155,0.1752,0.5486,0.2762,6
156,0.1754,0.5486,0.276,6
157,0.1741,0.5501,0.2758,6
158,0.1763,0.5474,0.2763,6
159,0.1743,0.5496,0.2761,6
160,0.1731,0.5509,0.276,6
161,0.174,0.5499,0.2761,6
162,0.1765,0.5475,0.276,6
163,0.1749,0.5486,0.2765,6
164,0.1752,0.5484,0.2764,6
165,0.1772,0.5467,0.2761,6
166,0.1765,0.5479,0.2756,6
167,0.1743,0.5497,0.276,6
168,0.1754,0.5482,0.2764,6
169,0.1719,0.552,0.2761,6
170,0.1757,0.5478,0.2765,6
171,0.1742,0.5501,0.2757,6
172,0.176,0.5481,0.2759,6
173,0.1761,0.5476,0.2763,6
174,0.176,0.5479,0.2761,6
175,0.1761,0.5478,0.2761,6
176,0.1748,0.5488,0.2764,6
177,0.1766,0.5472,0.2762,6
178,0.1784,0.5455,0.2761,6
179,0.1761,0.5479,0.276,6
180,0.178,0.5462,0.2758,6
181,0.1757,0.5483,0.276,6
182,0.1757,0.5481,0.2762,6
183,0.1767,0.547,0.2763,6
184,0.176,0.548,0.276,6
185,0.1749,0.5492,0.2759,6
186,0.1765,0.5475,0.276,6
187,0.1756,0.5481,0.2763,6
188,0.1774,0.5463,0.2763,6
189,0.1753,0.5486,0.2761,6
190,0.1754,0.549,0.2756,6
191,0.1766,0.5473,0.2761,6
192,0.1763,0.5475,0.2762,6
193,0.1774,0.5466,0.276,6
194,0.1757,0.5483,0.276,6
195,0.176,0.5476,0.2764,6
196,0.1773,0.5464,0.2763,6
197,0.1768,0.5473,0.2759,6
198,0.1772,0.5472,0.2756,6
199,0.175,0.5491,0.2759,6
200,0.1751,0.5488,0.2761,6
0,0.337,0.3335,0.3295,7
1,0.5416,0.3672,0.0912,7
2,0.2632,0.7211,0.0157,7
3,0.0524,0.9336,0.014,7
4,0.0154,0.9599,0.0247,7
5,0.0154,0.9455,0.0391,7
6,0.019,0.9257,0.0553,7
7,0.0251,0.9023,0.0726,7
8,0.0297,0.8788,0.0915,7
9,0.0344,0.8531,0.1125,7
10,0.0391,0.8268,0.1341,7
11,0.0441,0.8,0.1559,7
12,0.0492,0.7729,0.1779,7
13,0.052,0.7478,0.2002,7
14,0.0559,0.7229,0.2212,7
15,0.0593,0.6976,0.2431,7
16,0.0617,0.6751,0.2632,7
17,0.0684,0.6464,0.2852,7
18,0.0698,0.6281,0.3021,7
19,0.0758,0.6035,0.3207,7
20,0.0815,0.5835,0.335,7
21,0.0873,0.5625,0.3502,7
22,0.0955,0.5448,0.3597,7
23,0.1029,0.5275,0.3696,7
24,0.1105,0.5164,0.3731,7
25,0.1219,0.5009,0.3772,7
26,0.13,0.4971,0.3729,7
27,0.1368,0.4923,0.3709,7
28,0.1347,0.4988,0.3665,7
29,0.1332,0.5001,0.3667,7
30,0.1323,0.5025,0.3652,7
31,0.1271,0.505,0.3679,7
32,0.1306,0.5034,0.366,7
33,0.1339,0.4974,0.3687,7
34,0.1366,0.4965,0.3669,7
35,0.1372,0.4954,0.3674,7
36,0.1392,0.4962,0.3646,7
37,0.1424,0.4941,0.3635,7
38,0.1475,0.4932,0.3593,7
39,0.1505,0.4929,0.3566,7
40,0.1532,0.4952,0.3516,7
41,0.1585,0.4942,0.3473,7
42,0.1631,0.4963,0.3406,7
43,0.1643,0.5016,0.3341,7
44,0.1564,0.5113,0.3323,7
45,0.1504,0.5195,0.3301,7
46,0.1526,0.5195,0.3279,7
47,0.1517,0.5236,0.3247,7
48,0.1563,0.5217,0.322,7
49,0.1579,0.5247,0.3174,7
50,0.1597,0.5268,0.3135,7
51,0.1589,0.5317,0.3094,7
52,0.1599,0.5349,0.3052,7
53,0.1587,0.5399,0.3014,7
54,0.1606,0.5429,0.2965,7
55,0.1604,0.5475,0.2921,7
56,0.1611,0.553,0.2859,7
57,0.1622,0.5573,0.2805,7
58,0.1616,0.5647,0.2737,7
59,0.1597,0.57,0.2703,7
60,0.1481,0.583,0.2689,7
61,0.1381,0.5931,0.2688,7
62,0.1381,0.593,0.2689,7
63,0.1374,0.5933,0.2693,7
64,0.1436,0.5872,0.2692,7
65,0.1406,0.5905,0.2689,7
66,0.1426,0.5887,0.2687,7
67,0.1427,0.5881,0.2692,7
68,0.1459,0.5855,0.2686,7
69,0.1457,0.5866,0.2677,7
70,0.1439,0.5891,0.267,7
71,0.1448,0.5882,0.267,7
72,0.145,0.5889,0.2661,7
73,0.1452,0.5894,0.2654,7
74,0.1472,0.5883,0.2645,7
75,0.1435,0.5924,0.2641,7
76,0.1477,0.5892,0.2631,7
77,0.145,0.5925,0.2625,7
78,0.1456,0.5926,0.2618,7
79,0.1432,0.5954,0.2614,7
80,0.144,0.5948,0.2612,7
81,0.1422,0.5966,0.2612,7
82,0.1443,0.5947,0.261,7
83,0.1412,0.5976,0.2612,7
84,0.1433,0.5958,0.2609,7
85,0.1427,0.5966,0.2607,7
86,0.1442,0.5953,0.2605,7
87,0.141,0.598,0.261,7
88,0.1411,0.5981,0.2608,7
89,0.1402,0.5988,0.261,7
90,0.1438,0.595,0.2612,7
91,0.1416,0.5968,0.2616,7
92,0.1444,0.5941,0.2615,7
93,0.1419,0.5964,0.2617,7
94,0.1464,0.5921,0.2615,7
95,0.1437,0.5946,0.2617,7
96,0.1444,0.5941,0.2615,7
97,0.14,0.5985,0.2615,7
98,0.1457,0.593,0.2613,7
99,0.1422,0.5963,0.2615,7
100,0.1462,0.5926,0.2612,7
101,0.1415,0.5975,0.261,7
102,0.1464,0.5928,0.2608,7
103,0.1412,0.5975,0.2613,7
104,0.1442,0.5947,0.2611,7
105,0.142,0.5967,0.2613,7
106,0.1439,0.5947,0.2614,7
107,0.1436,0.5948,0.2616,7
108,0.1469,0.5917,0.2614,7
109,0.1437,0.5948,0.2615,7
110,0.1464,0.5921,0.2615,7
111,0.1431,0.5952,0.2617,7
112,0.148,0.5905,0.2615,7
113,0.1418,0.5967,0.2615,7
114,0.147,0.5917,0.2613,7
115,0.1431,0.5954,0.2615,7
116,0.1476,0.5912,0.2612,7
117,0.1447,0.5943,0.261,7
118,0.1443,0.5949,0.2608,7
119,0.142,0.5967,0.2613,7
120,0.1451,0.5938,0.2611,7
121,0.1423,0.5964,0.2613,7
122,0.1449,0.5937,0.2614,7
123,0.1412,0.5971,0.2617,7
124,0.1463,0.5923,0.2614,7
125,0.1424,0.5962,0.2614,7
126,0.1459,0.5928,0.2613,7
127,0.1422,0.5964,0.2614,7
128,0.1443,0.5945,0.2612,7
129,0.1417,0.5971,0.2612,7
130,0.1475,0.5915,0.261,7
131,0.1408,0.598,0.2612,7
132,0.1445,0.5946,0.2609,7
133,0.1436,0.5957,0.2607,7
134,0.1457,0.5938,0.2605,7
135,0.1435,0.5955,0.261,7
136,0.1434,0.5958,0.2608,7
137,0.14,0.599,0.261,7
138,0.1438,0.595,0.2612,7
139,0.1423,0.5961,0.2616,7
140,0.1459,0.5926,0.2615,7
141,0.1416,0.5967,0.2617,7
142,0.1454,0.5931,0.2615,7
143,0.1433,0.595,0.2617,7
144,0.1453,0.5932,0.2615,7
145,0.1438,0.5947,0.2615,7
146,0.1471,0.5916,0.2613,7
147,0.1443,0.5942,0.2615,7
148,0.1473,0.5915,0.2612,7
149,0.1435,0.5955,0.261,7
150,0.1474,0.5918,0.2608,7
151,0.1425,0.5962,0.2613,7
152,0.1458,0.5931,0.2611,7
153,0.1417,0.597,0.2613,7
154,0.1451,0.5935,0.2614,7
155,0.1435,0.5949,0.2616,7
156,0.148,0.5906,0.2614,7
157,0.1423,0.5962,0.2615,7
158,0.1466,0.5919,0.2615,7
159,0.1426,0.5957,0.2617,7
160,0.1468,0.5917,0.2615,7
161,0.143,0.5955,0.2615,7
162,0.1462,0.5925,0.2613,7
163,0.142,0.5965,0.2615,7
164,0.1467,0.5921,0.2612,7
165,0.1429,0.5961,0.261,7
166,0.1455,0.5937,0.2608,7
167,0.1423,0.5964,0.2613,7
168,0.1431,0.5958,0.2611,7
169,0.1427,0.596,0.2613,7
170,0.1462,0.5924,0.2614,7
171,0.1438,0.5945,0.2617,7
172,0.1458,0.5928,0.2614,7
173,0.1421,0.5965,0.2614,7
174,0.1477,0.591,0.2613,7
175,0.1425,0.5961,0.2614,7
176,0.1462,0.5926,0.2612,7
177,0.1407,0.5981,0.2612,7
178,0.145,0.594,0.261,7
179,0.1423,0.5965,0.2612,7
180,0.1455,0.5936,0.2609,7
181,0.1417,0.5976,0.2607,7
182,0.1452,0.5943,0.2605,7
183,0.1416,0.5974,0.261,7
184,0.1444,0.5948,0.2608,7
185,0.1407,0.5983,0.261,7
186,0.1439,0.5949,0.2612,7
187,0.1422,0.5962,0.2616,7
188,0.1453,0.5932,0.2615,7
189,0.142,0.5963,0.2617,7
190,0.146,0.5925,0.2615,7
191,0.1432,0.5951,0.2617,7
192,0.1461,0.5924,0.2615,7
193,0.1423,0.5962,0.2615,7
194,0.1452,0.5935,0.2613,7
195,0.1434,0.5951,0.2615,7
196,0.1479,0.5909,0.2612,7
197,0.145,0.594,0.261,7
198,0.1464,0.5928,0.2608,7
199,0.1425,0.5962,0.2613,7
200,0.1466,0.5923,0.2611,7
0,0.3405,0.3206,0.3389,8
1,0.5645,0.3521,0.0834,8
2,0.2501,0.74,0.0099,8
3,0.0374,0.9476,0.015,8
4,0.0089,0.9639,0.0272,8
5,0.0129,0.945,0.0421,8
6,0.0158,0.9236,0.0606,8
7,0.0176,0.9,0.0824,8
8,0.0202,0.873,0.1068,8
9,0.0225,0.8441,0.1334,8
10,0.0245,0.8143,0.1612,8
11,0.0291,0.7819,0.189,8
12,0.0311,0.75,0.2189,8
13,0.0347,0.7178,0.2475,8
14,0.0364,0.6867,0.2769,8
15,0.042,0.654,0.304,8
16,0.0436,0.6259,0.3305,8
17,0.0499,0.5952,0.3549,8
18,0.0506,0.57,0.3794,8
19,0.0554,0.543,0.4016,8
20,0.0549,0.5223,0.4228,8
21,0.0589,0.4993,0.4418,8
22,0.0567,0.4821,0.4612,8
23,0.0612,0.4601,0.4787,8
24,0.0629,0.4407,0.4964,8
25,0.0659,0.4213,0.5128,8
26,0.067,0.4042,0.5288,8
27,0.0682,0.3888,0.543,8
28,0.0681,0.375,0.5569,8
29,0.0687,0.3638,0.5675,8
30,0.0712,0.3499,0.5789,8
31,0.0746,0.3381,0.5873,8
32,0.0734,0.3292,0.5974,8
33,0.0754,0.3191,0.6055,8
34,0.074,0.3117,0.6143,8
35,0.0764,0.3038,0.6198,8
36,0.0779,0.2958,0.6263,8
37,0.0821,0.2889,0.629,8
38,0.0821,0.2841,0.6338,8
39,0.0855,0.2786,0.6359,8
40,0.0865,0.2771,0.6364,8
41,0.0926,0.2731,0.6343,8
42,0.094,0.2753,0.6307,8
43,0.1017,0.2732,0.6251,8
44,0.1034,0.28,0.6166,8
45,0.1126,0.2805,0.6069,8
46,0.1192,0.2861,0.5947,8
47,0.1294,0.291,0.5796,8
48,0.1288,0.3087,0.5625,8
49,0.137,0.3176,0.5454,8
50,0.1386,0.3336,0.5278,8
51,0.1403,0.3468,0.5129,8
52,0.1362,0.3656,0.4982,8
53,0.1373,0.3771,0.4856,8
54,0.1347,0.3914,0.4739,8
55,0.1362,0.4008,0.463,8
56,0.1388,0.4082,0.453,8
57,0.1347,0.4188,0.4465,8
58,0.1287,0.4305,0.4408,8
59,0.1323,0.4324,0.4353,8
60,0.1311,0.4392,0.4297,8
61,0.1343,0.4409,0.4248,8
62,0.1322,0.4455,0.4223,8
63,0.1327,0.4481,0.4192,8
64,0.1323,0.4525,0.4152,8
65,0.1355,0.4529,0.4116,8
66,0.1328,0.4569,0.4103,8
67,0.1336,0.4586,0.4078,8
68,0.1329,0.4611,0.406,8
69,0.1313,0.4635,0.4052,8
70,0.1307,0.4651,0.4042,8
71,0.1353,0.4628,0.4019,8
72,0.1338,0.4657,0.4005,8
73,0.1352,0.4654,0.3994,8
74,0.1342,0.4675,0.3983,8
75,0.1401,0.4647,0.3952,8
76,0.1403,0.4664,0.3933,8
77,0.1422,0.467,0.3908,8
78,0.141,0.4699,0.3891,8
79,0.1457,0.4674,0.3869,8
80,0.1465,0.4676,0.3859,8
81,0.1466,0.4691,0.3843,8
82,0.1457,0.4704,0.3839,8
83,0.151,0.4669,0.3821,8
84,0.1522,0.4664,0.3814,8
85,0.1536,0.4663,0.3801,8
86,0.1538,0.467,0.3792,8
87,0.1619,0.4616,0.3765,8
88,0.1631,0.4622,0.3747,8
89,0.1642,0.4655,0.3703,8
90,0.1661,0.4669,0.367,8
91,0.1702,0.4689,0.3609,8
92,0.1713,0.4715,0.3572,8
93,0.1767,0.4727,0.3506,8
94,0.1741,0.48,0.3459,8
95,0.1766,0.4842,0.3392,8
96,0.1792,0.4871,0.3337,8
97,0.1845,0.4895,0.326,8
98,0.185,0.4957,0.3193,8
99,0.1886,0.5014,0.31,8
100,0.1901,0.5076,0.3023,8
101,0.1965,0.5113,0.2922,8
102,0.1939,0.522,0.2841,8
103,0.196,0.5298,0.2742,8
104,0.1951,0.5371,0.2678,8
105,0.1932,0.5461,0.2607,8
106,0.1833,0.5608,0.2559,8
107,0.1824,0.5671,0.2505,8
108,0.1823,0.5708,0.2469,8
109,0.184,0.5731,0.2429,8
110,0.1812,0.5795,0.2393,8
111,0.1804,0.5843,0.2353,8
112,0.1795,0.5885,0.232,8
113,0.1823,0.5892,0.2285,8
114,0.1803,0.5947,0.225,8
115,0.1805,0.5957,0.2238,8
116,0.1758,0.6004,0.2238,8
117,0.1705,0.6054,0.2241,8
118,0.1687,0.6069,0.2244,8
119,0.1713,0.6045,0.2242,8
120,0.1703,0.6059,0.2238,8
121,0.173,0.6037,0.2233,8
122,0.1704,0.606,0.2236,8
123,0.1724,0.6032,0.2244,8
