Generation,O,Y,B,sim
0,0.3348,0.3358,0.3294,1
1,0.5157,0.3755,0.1088,1
2,0.234,0.7421,0.0239,1
3,0.1042,0.8756,0.0202,1
4,0.0752,0.9019,0.0229,1
5,0.0712,0.9051,0.0237,1
6,0.0766,0.9002,0.0232,1
7,0.0708,0.9049,0.0243,1
8,0.0723,0.9003,0.0274,1
9,0.0727,0.898,0.0293,1
10,0.077,0.8927,0.0303,1
11,0.0737,0.8951,0.0312,1
12,0.0745,0.8924,0.0331,1
13,0.0744,0.8911,0.0345,1
14,0.0762,0.8875,0.0363,1
15,0.0774,0.8866,0.036,1
16,0.0792,0.8841,0.0367,1
17,0.0769,0.8853,0.0378,1
18,0.0774,0.884,0.0386,1
19,0.0779,0.884,0.0381,1
20,0.0767,0.8845,0.0388,1
21,0.0776,0.8831,0.0393,1
22,0.0803,0.8802,0.0395,1
23,0.0782,0.8819,0.0399,1
24,0.0802,0.8802,0.0396,1
25,0.0814,0.8794,0.0392,1
26,0.0797,0.8811,0.0392,1
27,0.0754,0.8851,0.0395,1
28,0.0767,0.8832,0.0401,1
29,0.0762,0.8837,0.0401,1
30,0.0804,0.8793,0.0403,1
31,0.0797,0.8801,0.0402,1
32,0.0762,0.8828,0.041,1
33,0.0751,0.8834,0.0415,1
34,0.0788,0.8799,0.0413,1
35,0.0775,0.8813,0.0412,1
36,0.0778,0.8806,0.0416,1
37,0.0774,0.8807,0.0419,1
38,0.0778,0.8794,0.0428,1
39,0.0773,0.8804,0.0423,1
40,0.0788,0.8788,0.0424,1
41,0.0754,0.8813,0.0433,1
42,0.0786,0.878,0.0434,1
43,0.0783,0.8782,0.0435,1
44,0.0779,0.8788,0.0433,1
45,0.0792,0.8773,0.0435,1
46,0.0815,0.8753,0.0432,1
47,0.0768,0.8799,0.0433,1
48,0.0769,0.8793,0.0438,1
49,0.0789,0.8774,0.0437,1
50,0.0806,0.8756,0.0438,1
51,0.079,0.8773,0.0437,1
52,0.079,0.8772,0.0438,1
53,0.077,0.8784,0.0446,1
54,0.0798,0.8758,0.0444,1
55,0.0791,0.8772,0.0437,1
56,0.0772,0.8786,0.0442,1
57,0.0774,0.878,0.0446,1
58,0.0806,0.8745,0.0449,1
59,0.0788,0.8764,0.0448,1
60,0.0795,0.876,0.0445,1
61,0.0792,0.8761,0.0447,1
62,0.0777,0.8769,0.0454,1
63,0.0769,0.8781,0.045,1
64,0.0788,0.8764,0.0448,1
65,0.0793,0.8757,0.045,1
66,0.0822,0.8729,0.0449,1
67,0.0804,0.8747,0.0449,1
68,0.077,0.8777,0.0453,1
69,0.0771,0.8778,0.0451,1
70,0.0823,0.8728,0.0449,1
71,0.0795,0.8759,0.0446,1
72,0.0791,0.876,0.0449,1
73,0.0786,0.8761,0.0453,1
74,0.08,0.8748,0.0452,1
75,0.0803,0.8749,0.0448,1
76,0.0795,0.8759,0.0446,1
77,0.0775,0.8773,0.0452,1
78,0.0799,0.8746,0.0455,1
79,0.0805,0.8749,0.0446,1
80,0.0801,0.8751,0.0448,1
81,0.079,0.8761,0.0449,1
82,0.08,0.875,0.045,1
83,0.0767,0.8779,0.0454,1
84,0.0793,0.8758,0.0449,1
85,0.0814,0.8738,0.0448,1
86,0.0812,0.8737,0.0451,1
87,0.0784,0.8769,0.0447,1
88,0.0788,0.8761,0.0451,1
89,0.078,0.8768,0.0452,1
90,0.0811,0.874,0.0449,1
91,0.08,0.8753,0.0447,1
92,0.0776,0.8774,0.045,1
93,0.0784,0.8762,0.0454,1
94,0.0824,0.8725,0.0451,1
95,0.0802,0.8752,0.0446,1
96,0.079,0.8763,0.0447,1
97,0.0778,0.8772,0.045,1
98,0.0788,0.8757,0.0455,1
99,0.0792,0.8758,0.045,1
100,0.081,0.8744,0.0446,1
101,0.0792,0.8758,0.045,1
102,0.0811,0.8737,0.0452,1
103,0.079,0.8761,0.0449,1
104,0.0772,0.8778,0.045,1
105,0.0788,0.8763,0.0449,1
106,0.082,0.8732,0.0448,1
107,0.0791,0.8758,0.0451,1
108,0.0788,0.876,0.0452,1
109,0.0795,0.8755,0.045,1
110,0.0807,0.8742,0.0451,1
111,0.0786,0.8769,0.0445,1
112,0.079,0.8762,0.0448,1
113,0.0774,0.8771,0.0455,1
114,0.0812,0.8737,0.0451,1
115,0.082,0.8733,0.0447,1
116,0.0792,0.876,0.0448,1
117,0.0775,0.8774,0.0451,1
118,0.079,0.8756,0.0454,1
119,0.0781,0.8771,0.0448,1
120,0.0809,0.8744,0.0447,1
121,0.0809,0.8743,0.0448,1
122,0.08,0.8748,0.0452,1
123,0.078,0.8767,0.0453,1
124,0.0793,0.8759,0.0448,1
125,0.0787,0.8763,0.045,1
126,0.0812,0.8738,0.045,1
127,0.0791,0.8763,0.0446,1
128,0.0775,0.8772,0.0453,1
129,0.0792,0.8757,0.0451,1
130,0.0832,0.872,0.0448,1
131,0.0792,0.8759,0.0449,1
132,0.0773,0.8778,0.0449,1
133,0.0783,0.8764,0.0453,1
134,0.0804,0.8743,0.0453,1
135,0.0805,0.875,0.0445,1
136,0.0802,0.8752,0.0446,1
137,0.0776,0.8772,0.0452,1
138,0.08,0.8746,0.0454,1
139,0.0796,0.8755,0.0449,1
140,0.0792,0.876,0.0448,1
141,0.0788,0.8763,0.0449,1
142,0.0814,0.8735,0.0451,1
143,0.0784,0.8765,0.0451,1
144,0.0794,0.8757,0.0449,1
145,0.0799,0.8753,0.0448,1
146,0.0792,0.8758,0.045,1
147,0.0785,0.8765,0.045,1
148,0.0792,0.8757,0.0451,1
149,0.079,0.8758,0.0452,1
150,0.0825,0.8725,0.045,1
151,0.0807,0.8749,0.0444,1
152,0.0774,0.8776,0.045,1
153,0.0762,0.8784,0.0454,1
154,0.0806,0.8744,0.045,1
155,0.0801,0.875,0.0449,1
156,0.0807,0.8746,0.0447,1
157,0.08,0.875,0.045,1
158,0.0794,0.875,0.0456,1
159,0.0781,0.8772,0.0447,1
160,0.0797,0.8757,0.0446,1
161,0.0785,0.8765,0.045,1
162,0.0805,0.8744,0.0451,1
163,0.0794,0.8754,0.0452,1
164,0.0786,0.8764,0.045,1
165,0.0803,0.8748,0.0449,1
166,0.082,0.8731,0.0449,1
167,0.0771,0.8781,0.0448,1
168,0.0775,0.8773,0.0452,1
169,0.0796,0.8754,0.045,1
170,0.0819,0.8731,0.045,1
171,0.0801,0.8751,0.0448,1
172,0.0789,0.8763,0.0448,1
173,0.0768,0.8777,0.0455,1
174,0.0804,0.8744,0.0452,1
175,0.0812,0.8744,0.0444,1
176,0.0789,0.8763,0.0448,1
177,0.0779,0.877,0.0451,1
178,0.0809,0.8738,0.0453,1
179,0.0794,0.8755,0.0451,1
180,0.0801,0.8752,0.0447,1
181,0.0787,0.8765,0.0448,1
182,0.0789,0.8758,0.0453,1
183,0.0783,0.8767,0.045,1
184,0.0805,0.8747,0.0448,1
185,0.08,0.875,0.045,1
186,0.0814,0.8737,0.0449,1
187,0.0793,0.8758,0.0449,1
188,0.0764,0.8783,0.0453,1
189,0.0781,0.8768,0.0451,1
190,0.0824,0.8727,0.0449,1
191,0.0795,0.8759,0.0446,1
192,0.0795,0.8756,0.0449,1
193,0.0791,0.8756,0.0453,1
194,0.0797,0.8751,0.0452,1
195,0.0789,0.8763,0.0448,1
196,0.0798,0.8756,0.0446,1
197,0.0781,0.8767,0.0452,1
198,0.0806,0.8739,0.0455,1
199,0.0801,0.8753,0.0446,1
200,0.0794,0.8758,0.0448,1
0,0.3368,0.3332,0.33,2
1,0.5268,0.3624,0.1108,2
2,0.244,0.7328,0.0232,2
3,0.0998,0.8787,0.0215,2
4,0.0765,0.8999,0.0236,2
5,0.0663,0.9081,0.0256,2
6,0.0707,0.9026,0.0267,2
7,0.0664,0.9051,0.0285,2
8,0.069,0.8995,0.0315,2
9,0.0675,0.8994,0.0331,2
10,0.0709,0.8935,0.0356,2
11,0.0687,0.8947,0.0366,2
12,0.072,0.8894,0.0386,2
13,0.0693,0.89,0.0407,2
14,0.0733,0.8844,0.0423,2
15,0.0685,0.8873,0.0442,2
16,0.071,0.8833,0.0457,2
17,0.0689,0.8843,0.0468,2
18,0.0694,0.8819,0.0487,2
19,0.066,0.8836,0.0504,2
20,0.0707,0.878,0.0513,2
21,0.067,0.8803,0.0527,2
22,0.0698,0.8763,0.0539,2
23,0.0672,0.8784,0.0544,2
24,0.0687,0.8753,0.056,2
25,0.0669,0.8767,0.0564,2
26,0.0701,0.8726,0.0573,2
27,0.0646,0.8766,0.0588,2
28,0.0695,0.8707,0.0598,2
29,0.0683,0.8716,0.0601,2
30,0.0705,0.8692,0.0603,2
31,0.067,0.8728,0.0602,2
32,0.0694,0.8697,0.0609,2
33,0.0656,0.8724,0.062,2
34,0.0698,0.8675,0.0627,2
35,0.069,0.8683,0.0627,2
36,0.0709,0.8665,0.0626,2
37,0.0667,0.8709,0.0624,2
38,0.0711,0.8659,0.063,2
39,0.0659,0.8704,0.0637,2
40,0.0709,0.8655,0.0636,2
41,0.0692,0.8674,0.0634,2
42,0.0709,0.8663,0.0628,2
43,0.0663,0.8701,0.0636,2
44,0.0708,0.8651,0.0641,2
45,0.0685,0.8679,0.0636,2
46,0.0719,0.8642,0.0639,2
47,0.0691,0.8671,0.0638,2
48,0.0707,0.8657,0.0636,2
49,0.0677,0.8684,0.0639,2
50,0.0735,0.863,0.0635,2
51,0.0678,0.8692,0.063,2
52,0.0712,0.8653,0.0635,2
53,0.0693,0.8671,0.0636,2
54,0.0711,0.8656,0.0633,2
55,0.0679,0.8686,0.0635,2
56,0.0728,0.8638,0.0634,2
57,0.0676,0.8693,0.0631,2
58,0.0708,0.8655,0.0637,2
59,0.0692,0.867,0.0638,2
60,0.0717,0.8652,0.0631,2
61,0.0681,0.8686,0.0633,2
62,0.0722,0.8641,0.0637,2
63,0.0671,0.8691,0.0638,2
64,0.0707,0.8648,0.0645,2
65,0.0701,0.8659,0.064,2
66,0.0726,0.8644,0.063,2
67,0.0673,0.8694,0.0633,2
68,0.0716,0.8647,0.0637,2
69,0.0672,0.8692,0.0636,2
70,0.0725,0.8638,0.0637,2
71,0.0703,0.8663,0.0634,2
72,0.0708,0.8663,0.0629,2
73,0.0675,0.869,0.0635,2
74,0.0719,0.8644,0.0637,2
75,0.0678,0.869,0.0632,2
76,0.0714,0.865,0.0636,2
77,0.0698,0.8669,0.0633,2
78,0.0714,0.8654,0.0632,2
79,0.0667,0.8694,0.0639,2
80,0.0729,0.8632,0.0639,2
81,0.068,0.8685,0.0635,2
82,0.0712,0.865,0.0638,2
83,0.0688,0.8671,0.0641,2
84,0.0711,0.8653,0.0636,2
85,0.0687,0.8678,0.0635,2
86,0.073,0.8636,0.0634,2
87,0.0676,0.8693,0.0631,2
88,0.0705,0.8656,0.0639,2
89,0.0693,0.8668,0.0639,2
90,0.0722,0.8648,0.063,2
91,0.0682,0.8687,0.0631,2
92,0.072,0.8647,0.0633,2
93,0.0669,0.8698,0.0633,2
94,0.0713,0.8647,0.064,2
95,0.0699,0.8665,0.0636,2
96,0.0716,0.8654,0.063,2
97,0.0674,0.8691,0.0635,2
98,0.0723,0.8639,0.0638,2
99,0.067,0.8691,0.0639,2
100,0.0714,0.8645,0.0641,2
101,0.0705,0.8658,0.0637,2
102,0.0715,0.8654,0.0631,2
103,0.067,0.8693,0.0637,2
104,0.0716,0.8643,0.0641,2
105,0.0687,0.868,0.0633,2
106,0.0723,0.8643,0.0634,2
107,0.0692,0.8675,0.0633,2
108,0.071,0.8659,0.0631,2
109,0.0671,0.8693,0.0636,2
110,0.073,0.8635,0.0635,2
111,0.0677,0.8691,0.0632,2
112,0.0711,0.8653,0.0636,2
113,0.0694,0.8669,0.0637,2
114,0.071,0.8657,0.0633,2
115,0.0683,0.8682,0.0635,2
116,0.0724,0.864,0.0636,2
117,0.0673,0.8693,0.0634,2
118,0.0709,0.8648,0.0643,2
119,0.0692,0.8665,0.0643,2
120,0.0721,0.8645,0.0634,2
121,0.0682,0.8684,0.0634,2
122,0.0728,0.8639,0.0633,2
123,0.0669,0.8698,0.0633,2
124,0.0705,0.8655,0.064,2
125,0.0704,0.866,0.0636,2
126,0.0725,0.8647,0.0628,2
127,0.0674,0.8694,0.0632,2
128,0.0713,0.865,0.0637,2
129,0.0674,0.869,0.0636,2
130,0.072,0.8644,0.0636,2
131,0.0698,0.8669,0.0633,2
132,0.0709,0.8661,0.063,2
133,0.0675,0.8689,0.0636,2
134,0.0722,0.8637,0.0641,2
135,0.0677,0.8686,0.0637,2
136,0.0718,0.8642,0.064,2
137,0.0694,0.8668,0.0638,2
138,0.0712,0.8655,0.0633,2
139,0.067,0.8691,0.0639,2
140,0.0731,0.8633,0.0636,2
141,0.0685,0.8685,0.063,2
142,0.0712,0.8653,0.0635,2
143,0.0694,0.8669,0.0637,2
144,0.0706,0.866,0.0634,2
145,0.0682,0.8684,0.0634,2
146,0.0729,0.8638,0.0633,2
147,0.0674,0.8696,0.063,2
148,0.0707,0.8655,0.0638,2
149,0.069,0.8672,0.0638,2
150,0.0726,0.8643,0.0631,2
151,0.0678,0.8688,0.0634,2
152,0.0717,0.8646,0.0637,2
153,0.067,0.8691,0.0639,2
154,0.0713,0.8644,0.0643,2
155,0.0702,0.8659,0.0639,2
156,0.0716,0.8653,0.0631,2
157,0.068,0.8687,0.0633,2
158,0.0721,0.8642,0.0637,2
159,0.0669,0.8695,0.0636,2
160,0.0716,0.8645,0.0639,2
161,0.0707,0.8659,0.0634,2
162,0.0717,0.8656,0.0627,2
163,0.0667,0.8699,0.0634,2
164,0.0718,0.8644,0.0638,2
165,0.0681,0.8687,0.0632,2
166,0.0719,0.8646,0.0635,2
167,0.0691,0.8674,0.0635,2
168,0.071,0.8657,0.0633,2
169,0.0674,0.8687,0.0639,2
170,0.0729,0.8634,0.0637,2
171,0.0681,0.8685,0.0634,2
172,0.0707,0.8654,0.0639,2
173,0.0691,0.8669,0.064,2
174,0.0712,0.8651,0.0637,2
175,0.0685,0.8679,0.0636,2
176,0.0729,0.8636,0.0635,2
177,0.0674,0.8695,0.0631,2
178,0.0714,0.8649,0.0637,2
179,0.069,0.8672,0.0638,2
180,0.0717,0.8653,0.063,2
181,0.0681,0.8687,0.0632,2
182,0.0726,0.8641,0.0633,2
183,0.067,0.8696,0.0634,2
184,0.0703,0.8656,0.0641,2
185,0.0706,0.8658,0.0636,2
186,0.0721,0.8651,0.0628,2
187,0.0671,0.8696,0.0633,2
188,0.0714,0.8646,0.064,2
189,0.0674,0.8687,0.0639,2
190,0.0723,0.8636,0.0641,2
191,0.0697,0.8665,0.0638,2
192,0.0714,0.8654,0.0632,2
193,0.0673,0.869,0.0637,2
194,0.0721,0.8641,0.0638,2
195,0.068,0.8687,0.0633,2
196,0.0719,0.8646,0.0635,2
197,0.0699,0.8668,0.0633,2
198,0.071,0.8659,0.0631,2
199,0.0672,0.8691,0.0637,2
200,0.0725,0.8639,0.0636,2
0,0.3402,0.3357,0.3241,3
1,0.5182,0.3771,0.1047,3
2,0.2327,0.7434,0.0239,3
3,0.1043,0.8766,0.0191,3
4,0.0707,0.9074,0.0219,3
5,0.0673,0.9095,0.0232,3
6,0.0716,0.9054,0.023,3
7,0.0689,0.9075,0.0236,3
8,0.0674,0.9075,0.0251,3
9,0.0661,0.907,0.0269,3
10,0.0688,0.9041,0.0271,3
11,0.0657,0.9049,0.0294,3
12,0.0686,0.9002,0.0312,3
13,0.0719,0.8965,0.0316,3
14,0.0709,0.8967,0.0324,3
15,0.072,0.8948,0.0332,3
16,0.0736,0.8924,0.034,3
17,0.0722,0.8931,0.0347,3
18,0.0743,0.8912,0.0345,3
19,0.0751,0.8911,0.0338,3
20,0.0733,0.8927,0.034,3
21,0.0714,0.894,0.0346,3
22,0.0736,0.8919,0.0345,3
23,0.072,0.8927,0.0353,3
24,0.0722,0.8919,0.0359,3
25,0.0733,0.8909,0.0358,3
26,0.0741,0.89,0.0359,3
27,0.0732,0.89,0.0368,3
28,0.0747,0.8887,0.0366,3
29,0.0709,0.8917,0.0374,3
30,0.0721,0.8903,0.0376,3
31,0.0746,0.8877,0.0377,3
32,0.0723,0.8892,0.0385,3
33,0.0716,0.8894,0.039,3
34,0.0733,0.8886,0.0381,3
35,0.0732,0.8882,0.0386,3
36,0.0742,0.887,0.0388,3
37,0.0751,0.8863,0.0386,3
38,0.074,0.8875,0.0385,3
39,0.0724,0.889,0.0386,3
40,0.0736,0.8877,0.0387,3
41,0.0716,0.8894,0.039,3
42,0.0737,0.887,0.0393,3
43,0.0749,0.8858,0.0393,3
44,0.0735,0.8871,0.0394,3
45,0.0725,0.8879,0.0396,3
46,0.0759,0.8855,0.0386,3
47,0.0735,0.8873,0.0392,3
48,0.0733,0.8873,0.0394,3
49,0.0732,0.8875,0.0393,3
50,0.0731,0.8879,0.039,3
51,0.0739,0.8867,0.0394,3
52,0.0749,0.8857,0.0394,3
53,0.0727,0.8877,0.0396,3
54,0.0742,0.8866,0.0392,3
55,0.0758,0.8855,0.0387,3
56,0.0739,0.8871,0.039,3
57,0.0722,0.8881,0.0397,3
58,0.0744,0.8867,0.0389,3
59,0.0721,0.8888,0.0391,3
60,0.0734,0.887,0.0396,3
61,0.0743,0.8864,0.0393,3
62,0.0748,0.8858,0.0394,3
63,0.0744,0.8861,0.0395,3
64,0.0753,0.886,0.0387,3
65,0.0718,0.8892,0.039,3
66,0.0737,0.8872,0.0391,3
67,0.0749,0.8858,0.0393,3
68,0.073,0.8875,0.0395,3
69,0.0721,0.8883,0.0396,3
70,0.0744,0.8868,0.0388,3
71,0.074,0.8868,0.0392,3
72,0.0746,0.8856,0.0398,3
73,0.0751,0.8858,0.0391,3
74,0.0737,0.8876,0.0387,3
75,0.0728,0.888,0.0392,3
76,0.0746,0.8864,0.039,3
77,0.0716,0.8888,0.0396,3
78,0.074,0.8865,0.0395,3
79,0.0747,0.8862,0.0391,3
80,0.0738,0.8868,0.0394,3
81,0.0735,0.887,0.0395,3
82,0.0759,0.8854,0.0387,3
83,0.0733,0.8877,0.039,3
84,0.0728,0.8878,0.0394,3
85,0.0733,0.8875,0.0392,3
86,0.0737,0.8873,0.039,3
87,0.0738,0.8865,0.0397,3
88,0.0748,0.8859,0.0393,3
89,0.0722,0.8884,0.0394,3
90,0.0743,0.8865,0.0392,3
91,0.0764,0.8849,0.0387,3
92,0.0738,0.8869,0.0393,3
93,0.0721,0.8883,0.0396,3
94,0.0739,0.8874,0.0387,3
95,0.0722,0.8887,0.0391,3
96,0.074,0.8864,0.0396,3
97,0.0742,0.8862,0.0396,3
98,0.0747,0.886,0.0393,3
99,0.0739,0.8868,0.0393,3
100,0.0754,0.8859,0.0387,3
101,0.0724,0.8886,0.039,3
102,0.0736,0.887,0.0394,3
103,0.0748,0.886,0.0392,3
104,0.0725,0.8882,0.0393,3
105,0.0722,0.8882,0.0396,3
106,0.075,0.8862,0.0388,3
107,0.0739,0.8866,0.0395,3
108,0.0745,0.8858,0.0397,3
109,0.0746,0.8865,0.0389,3
110,0.0738,0.8875,0.0387,3
111,0.0734,0.8874,0.0392,3
112,0.0745,0.8862,0.0393,3
113,0.0715,0.889,0.0395,3
114,0.0735,0.8872,0.0393,3
115,0.0748,0.8861,0.0391,3
116,0.0744,0.8862,0.0394,3
117,0.0734,0.8868,0.0398,3
118,0.0758,0.8856,0.0386,3
119,0.0728,0.8884,0.0388,3
120,0.0729,0.8877,0.0394,3
121,0.0739,0.8869,0.0392,3
122,0.0736,0.8871,0.0393,3
123,0.0737,0.8867,0.0396,3
124,0.0743,0.8866,0.0391,3
125,0.0723,0.8883,0.0394,3
126,0.0749,0.8859,0.0392,3
127,0.0763,0.8847,0.039,3
128,0.0737,0.8871,0.0392,3
129,0.0716,0.889,0.0394,3
130,0.074,0.8873,0.0387,3
131,0.0728,0.8881,0.0391,3
132,0.0739,0.8862,0.0399,3
133,0.0741,0.8864,0.0395,3
134,0.0742,0.8867,0.0391,3
135,0.074,0.8867,0.0393,3
136,0.076,0.8853,0.0387,3
137,0.0723,0.8884,0.0393,3
138,0.0735,0.8872,0.0393,3
139,0.0743,0.8867,0.039,3
140,0.0726,0.8881,0.0393,3
141,0.0728,0.8876,0.0396,3
142,0.0749,0.886,0.0391,3
143,0.0738,0.8868,0.0394,3
144,0.074,0.8865,0.0395,3
145,0.0747,0.8864,0.0389,3
146,0.0744,0.8869,0.0387,3
147,0.0733,0.8872,0.0395,3
148,0.0744,0.8864,0.0392,3
149,0.071,0.8897,0.0393,3
150,0.0736,0.8871,0.0393,3
151,0.0754,0.8855,0.0391,3
152,0.0743,0.886,0.0397,3
153,0.0733,0.887,0.0397,3
154,0.0753,0.8863,0.0384,3
155,0.0729,0.8883,0.0388,3
156,0.0735,0.8871,0.0394,3
157,0.0738,0.8867,0.0395,3
158,0.0735,0.8873,0.0392,3
159,0.0732,0.8874,0.0394,3
160,0.0744,0.8865,0.0391,3
161,0.0729,0.8877,0.0394,3
162,0.0748,0.8857,0.0395,3
163,0.0762,0.8849,0.0389,3
164,0.0732,0.8878,0.039,3
165,0.0717,0.8889,0.0394,3
166,0.0746,0.8867,0.0387,3
167,0.0727,0.8879,0.0394,3
168,0.0738,0.8864,0.0398,3
169,0.0736,0.8871,0.0393,3
170,0.0743,0.8866,0.0391,3
171,0.0746,0.8861,0.0393,3
172,0.0759,0.8851,0.039,3
173,0.0722,0.8886,0.0392,3
174,0.073,0.8879,0.0391,3
175,0.0744,0.8866,0.039,3
176,0.0732,0.8875,0.0393,3
177,0.0727,0.8874,0.0399,3
178,0.0748,0.8862,0.039,3
179,0.0733,0.8875,0.0392,3
180,0.0741,0.8864,0.0395,3
181,0.0753,0.8858,0.0389,3
182,0.0743,0.8867,0.039,3
183,0.0732,0.8874,0.0394,3
184,0.0739,0.8871,0.039,3
185,0.0711,0.8896,0.0393,3
186,0.0742,0.8865,0.0393,3
187,0.0753,0.8853,0.0394,3
188,0.0742,0.8862,0.0396,3
189,0.0728,0.8877,0.0395,3
190,0.0754,0.8862,0.0384,3
191,0.0735,0.8877,0.0388,3
192,0.0734,0.8869,0.0397,3
193,0.0737,0.8869,0.0394,3
194,0.073,0.888,0.039,3
195,0.0733,0.8873,0.0394,3
196,0.075,0.8859,0.0391,3
197,0.0728,0.8875,0.0397,3
198,0.0747,0.8859,0.0394,3
199,0.0757,0.8856,0.0387,3
200,0.0733,0.8877,0.039,3
0,0.3358,0.3338,0.3304,4
1,0.5284,0.3575,0.1141,4
2,0.2449,0.7331,0.022,4
3,0.1012,0.8813,0.0175,4
4,0.0728,0.9059,0.0213,4
5,0.0702,0.9073,0.0225,4
6,0.0725,0.9041,0.0234,4
7,0.0757,0.9012,0.0231,4
8,0.0755,0.9006,0.0239,4
9,0.0748,0.9005,0.0247,4
10,0.0772,0.8967,0.0261,4
11,0.0756,0.8965,0.0279,4
12,0.0775,0.8942,0.0283,4
13,0.0736,0.8971,0.0293,4
14,0.0746,0.8943,0.0311,4
15,0.0763,0.892,0.0317,4
16,0.0776,0.8899,0.0325,4
17,0.0716,0.8944,0.034,4
18,0.0754,0.8895,0.0351,4
19,0.0752,0.889,0.0358,4
20,0.0761,0.8875,0.0364,4
21,0.0758,0.8876,0.0366,4
22,0.0759,0.8869,0.0372,4
23,0.0724,0.8897,0.0379,4
24,0.0747,0.886,0.0393,4
25,0.0733,0.8872,0.0395,4
26,0.0745,0.8851,0.0404,4
27,0.0746,0.8845,0.0409,4
28,0.0743,0.8849,0.0408,4
29,0.0718,0.8861,0.0421,4
30,0.0771,0.8802,0.0427,4
31,0.0767,0.8811,0.0422,4
32,0.0749,0.8825,0.0426,4
33,0.0726,0.8839,0.0435,4
34,0.0757,0.8799,0.0444,4
35,0.0749,0.8805,0.0446,4
36,0.0775,0.8775,0.045,4
37,0.0736,0.8814,0.045,4
38,0.0749,0.8796,0.0455,4
39,0.0768,0.8771,0.0461,4
40,0.0791,0.8751,0.0458,4
41,0.0752,0.8791,0.0457,4
42,0.0775,0.8759,0.0466,4
43,0.0762,0.8779,0.0459,4
44,0.0769,0.8772,0.0459,4
45,0.0771,0.8766,0.0463,4
46,0.0795,0.8744,0.0461,4
47,0.076,0.8784,0.0456,4
48,0.0771,0.8766,0.0463,4
49,0.0755,0.8784,0.0461,4
50,0.0777,0.8761,0.0462,4
51,0.079,0.8747,0.0463,4
52,0.0788,0.8753,0.0459,4
53,0.0728,0.8816,0.0456,4
54,0.0781,0.8751,0.0468,4
55,0.0787,0.8754,0.0459,4
56,0.0785,0.876,0.0455,4
57,0.0759,0.8778,0.0463,4
58,0.0765,0.8772,0.0463,4
59,0.0759,0.878,0.0461,4
60,0.0797,0.8738,0.0465,4
61,0.0773,0.877,0.0457,4
62,0.0768,0.8774,0.0458,4
63,0.0761,0.8777,0.0462,4
64,0.0784,0.8755,0.0461,4
65,0.0753,0.8788,0.0459,4
66,0.0796,0.8737,0.0467,4
67,0.0777,0.8764,0.0459,4
68,0.0755,0.8789,0.0456,4
69,0.0758,0.8778,0.0464,4
70,0.0792,0.8745,0.0463,4
71,0.0776,0.8768,0.0456,4
72,0.0787,0.875,0.0463,4
73,0.0742,0.88,0.0458,4
74,0.0764,0.8773,0.0463,4
75,0.0787,0.8748,0.0465,4
76,0.08,0.8741,0.0459,4
77,0.0745,0.8799,0.0456,4
78,0.0767,0.8768,0.0465,4
79,0.0775,0.8765,0.046,4
80,0.0781,0.8762,0.0457,4
81,0.0772,0.8765,0.0463,4
82,0.0782,0.8755,0.0463,4
83,0.0745,0.8797,0.0458,4
84,0.0785,0.8749,0.0466,4
85,0.0769,0.8772,0.0459,4
86,0.0781,0.8761,0.0458,4
87,0.0778,0.876,0.0462,4
88,0.077,0.8772,0.0458,4
89,0.0741,0.8799,0.046,4
90,0.0792,0.8739,0.0469,4
91,0.079,0.8751,0.0459,4
92,0.0772,0.8772,0.0456,4
93,0.0744,0.8795,0.0461,4
94,0.078,0.8756,0.0464,4
95,0.0772,0.877,0.0458,4
96,0.08,0.8737,0.0463,4
97,0.0759,0.8783,0.0458,4
98,0.075,0.879,0.046,4
99,0.0775,0.8759,0.0466,4
100,0.0796,0.8743,0.0461,4
101,0.0758,0.8786,0.0456,4
102,0.0784,0.8751,0.0465,4
103,0.0761,0.8782,0.0457,4
104,0.0769,0.8773,0.0458,4
105,0.0768,0.8767,0.0465,4
106,0.0795,0.8742,0.0463,4
107,0.0762,0.878,0.0458,4
108,0.0771,0.8766,0.0463,4
109,0.0757,0.8783,0.046,4
110,0.0777,0.8763,0.046,4
111,0.0791,0.8747,0.0462,4
112,0.0787,0.8755,0.0458,4
113,0.0727,0.8816,0.0457,4
114,0.078,0.875,0.047,4
115,0.0786,0.8753,0.0461,4
116,0.0785,0.8759,0.0456,4
117,0.0761,0.8778,0.0461,4
118,0.0766,0.8773,0.0461,4
119,0.076,0.8781,0.0459,4
120,0.0796,0.8739,0.0465,4
121,0.0772,0.877,0.0458,4
122,0.0767,0.8773,0.046,4
123,0.0761,0.8776,0.0463,4
124,0.0784,0.8754,0.0462,4
125,0.0754,0.8788,0.0458,4
126,0.0797,0.8738,0.0465,4
127,0.0778,0.8765,0.0457,4
128,0.0755,0.879,0.0455,4
129,0.0756,0.8778,0.0466,4
130,0.0791,0.8744,0.0465,4
131,0.0775,0.8767,0.0458,4
132,0.0788,0.8749,0.0463,4
133,0.0743,0.88,0.0457,4
134,0.0765,0.8774,0.0461,4
135,0.0787,0.8749,0.0464,4
136,0.08,0.8742,0.0458,4
137,0.0744,0.8799,0.0457,4
138,0.0766,0.8767,0.0467,4
139,0.0774,0.8764,0.0462,4
140,0.0781,0.8761,0.0458,4
141,0.0774,0.8765,0.0461,4
142,0.0783,0.8756,0.0461,4
143,0.0746,0.8798,0.0456,4
144,0.0784,0.875,0.0466,4
145,0.0768,0.8772,0.046,4
146,0.078,0.876,0.046,4
147,0.0778,0.8759,0.0463,4
148,0.077,0.8771,0.0459,4
149,0.0742,0.8799,0.0459,4
150,0.0793,0.874,0.0467,4
151,0.0791,0.8752,0.0457,4
152,0.0772,0.8773,0.0455,4
153,0.0742,0.8795,0.0463,4
154,0.0779,0.8755,0.0466,4
155,0.0771,0.8769,0.046,4
156,0.0801,0.8736,0.0463,4
157,0.076,0.8783,0.0457,4
158,0.0751,0.8791,0.0458,4
159,0.0775,0.876,0.0465,4
160,0.0796,0.8744,0.046,4
161,0.0757,0.8786,0.0457,4
162,0.0783,0.875,0.0467,4
163,0.076,0.8781,0.0459,4
164,0.0769,0.8772,0.0459,4
165,0.077,0.8767,0.0463,4
166,0.0796,0.8743,0.0461,4
167,0.0763,0.8781,0.0456,4
168,0.077,0.8767,0.0463,4
169,0.0756,0.8783,0.0461,4
170,0.0776,0.8762,0.0462,4
171,0.0791,0.8746,0.0463,4
172,0.0787,0.8754,0.0459,4
173,0.0728,0.8816,0.0456,4
174,0.0781,0.8751,0.0468,4
175,0.0787,0.8754,0.0459,4
176,0.0785,0.876,0.0455,4
177,0.0759,0.8778,0.0463,4
178,0.0765,0.8772,0.0463,4
179,0.0759,0.878,0.0461,4
180,0.0797,0.8738,0.0465,4
181,0.0773,0.877,0.0457,4
182,0.0768,0.8774,0.0458,4
183,0.0761,0.8777,0.0462,4
184,0.0784,0.8755,0.0461,4
185,0.0753,0.8788,0.0459,4
186,0.0796,0.8737,0.0467,4
187,0.0777,0.8764,0.0459,4
188,0.0755,0.8789,0.0456,4
189,0.0758,0.8778,0.0464,4
190,0.0792,0.8745,0.0463,4
191,0.0776,0.8768,0.0456,4
192,0.0787,0.875,0.0463,4
193,0.0742,0.88,0.0458,4
194,0.0764,0.8773,0.0463,4
195,0.0787,0.8748,0.0465,4
196,0.08,0.8741,0.0459,4
197,0.0745,0.8799,0.0456,4
198,0.0767,0.8768,0.0465,4
199,0.0775,0.8765,0.046,4
200,0.0781,0.8762,0.0457,4
0,0.3351,0.3317,0.3332,5
1,0.5195,0.369,0.1115,5
2,0.2346,0.7429,0.0225,5
3,0.0939,0.8856,0.0205,5
4,0.0704,0.9065,0.0231,5
5,0.0693,0.9074,0.0233,5
6,0.0696,0.9057,0.0247,5
7,0.0657,0.9077,0.0266,5
8,0.068,0.9032,0.0288,5
9,0.0633,0.9054,0.0313,5
10,0.067,0.8997,0.0333,5
11,0.0631,0.9014,0.0355,5
12,0.0661,0.8965,0.0374,5
13,0.0629,0.8989,0.0382,5
14,0.0664,0.894,0.0396,5
15,0.0629,0.8952,0.0419,5
16,0.0667,0.8898,0.0435,5
17,0.0642,0.8909,0.0449,5
18,0.0687,0.8851,0.0462,5
19,0.0654,0.8887,0.0459,5
20,0.0699,0.883,0.0471,5
21,0.0668,0.8854,0.0478,5
22,0.0694,0.8817,0.0489,5
23,0.0655,0.8836,0.0509,5
24,0.0717,0.8758,0.0525,5
25,0.0681,0.8796,0.0523,5
26,0.0698,0.8779,0.0523,5
27,0.0673,0.8788,0.0539,5
28,0.0702,0.8745,0.0553,5
29,0.0693,0.8758,0.0549,5
30,0.0723,0.8717,0.056,5
31,0.0692,0.8748,0.056,5
32,0.072,0.8718,0.0562,5
33,0.0683,0.8748,0.0569,5
34,0.0692,0.8732,0.0576,5
35,0.0685,0.8737,0.0578,5
36,0.0734,0.8673,0.0593,5
37,0.0708,0.8712,0.058,5
38,0.0692,0.8722,0.0586,5
39,0.0679,0.8719,0.0602,5
40,0.0722,0.8676,0.0602,5
41,0.0706,0.8696,0.0598,5
42,0.0722,0.8671,0.0607,5
43,0.069,0.87,0.061,5
44,0.0726,0.8664,0.061,5
45,0.0708,0.8685,0.0607,5
46,0.0714,0.8675,0.0611,5
47,0.07,0.8688,0.0612,5
48,0.0734,0.865,0.0616,5
49,0.0718,0.8679,0.0603,5
50,0.0718,0.8677,0.0605,5
51,0.0699,0.8691,0.061,5
52,0.0734,0.8655,0.0611,5
53,0.0701,0.8695,0.0604,5
54,0.0722,0.8668,0.061,5
55,0.0707,0.8682,0.0611,5
56,0.0727,0.8669,0.0604,5
57,0.0704,0.8688,0.0608,5
58,0.0705,0.868,0.0615,5
59,0.0695,0.8689,0.0616,5
60,0.0744,0.8636,0.062,5
61,0.0718,0.8674,0.0608,5
62,0.0709,0.868,0.0611,5
63,0.0683,0.87,0.0617,5
64,0.0731,0.8656,0.0613,5
65,0.0721,0.8675,0.0604,5
66,0.0732,0.8658,0.061,5
67,0.0705,0.8687,0.0608,5
68,0.0725,0.8668,0.0607,5
69,0.0696,0.8698,0.0606,5
70,0.0712,0.8679,0.0609,5
71,0.0705,0.8684,0.0611,5
72,0.0742,0.8647,0.0611,5
73,0.0712,0.8683,0.0605,5
74,0.0707,0.8687,0.0606,5
75,0.069,0.8695,0.0615,5
76,0.0725,0.8656,0.0619,5
77,0.0709,0.8683,0.0608,5
78,0.0721,0.8661,0.0618,5
79,0.0703,0.8681,0.0616,5
80,0.0738,0.8654,0.0608,5
81,0.0706,0.8687,0.0607,5
82,0.0712,0.8676,0.0612,5
83,0.0693,0.8695,0.0612,5
84,0.0745,0.8643,0.0612,5
85,0.0723,0.8675,0.0602,5
86,0.0713,0.8684,0.0603,5
87,0.0694,0.8692,0.0614,5
88,0.0716,0.8671,0.0613,5
89,0.071,0.8685,0.0605,5
90,0.0728,0.8661,0.0611,5
91,0.0699,0.8694,0.0607,5
92,0.0728,0.8662,0.061,5
93,0.0696,0.8693,0.0611,5
94,0.0712,0.8672,0.0616,5
95,0.0702,0.8682,0.0616,5
96,0.0746,0.864,0.0614,5
97,0.0715,0.8677,0.0608,5
98,0.0702,0.8688,0.061,5
99,0.0695,0.869,0.0615,5
100,0.074,0.8647,0.0613,5
101,0.0716,0.8682,0.0602,5
102,0.0724,0.8666,0.061,5
103,0.0698,0.8689,0.0613,5
104,0.0723,0.867,0.0607,5
105,0.0705,0.8691,0.0604,5
106,0.0715,0.8677,0.0608,5
107,0.0696,0.8694,0.061,5
108,0.0735,0.8648,0.0617,5
109,0.0714,0.8681,0.0605,5
110,0.0714,0.8679,0.0607,5
111,0.0691,0.8693,0.0616,5
112,0.0726,0.866,0.0614,5
113,0.0707,0.8682,0.0611,5
114,0.0727,0.8656,0.0617,5
115,0.0711,0.8676,0.0613,5
116,0.0736,0.8656,0.0608,5
117,0.07,0.8693,0.0607,5
118,0.0702,0.8684,0.0614,5
119,0.0699,0.869,0.0611,5
120,0.0748,0.8642,0.061,5
121,0.0724,0.8675,0.0601,5
122,0.0711,0.8686,0.0603,5
123,0.0678,0.8708,0.0614,5
124,0.0722,0.8662,0.0616,5
125,0.0714,0.868,0.0606,5
126,0.0727,0.8662,0.0611,5
127,0.0704,0.8684,0.0612,5
128,0.0725,0.8666,0.0609,5
129,0.0703,0.8687,0.061,5
130,0.0715,0.867,0.0615,5
131,0.0702,0.8685,0.0613,5
132,0.0745,0.8638,0.0617,5
133,0.0705,0.8689,0.0606,5
134,0.071,0.8683,0.0607,5
135,0.0701,0.8684,0.0615,5
136,0.0731,0.8659,0.061,5
137,0.0713,0.8684,0.0603,5
138,0.0718,0.8671,0.0611,5
139,0.0697,0.8692,0.0611,5
140,0.0729,0.8662,0.0609,5
141,0.0706,0.8687,0.0607,5
142,0.0713,0.8674,0.0613,5
143,0.0693,0.8692,0.0615,5
144,0.0742,0.8645,0.0613,5
145,0.0721,0.8675,0.0604,5
146,0.0711,0.8682,0.0607,5
147,0.069,0.8698,0.0612,5
148,0.0726,0.8658,0.0616,5
149,0.071,0.8683,0.0607,5
150,0.0731,0.8656,0.0613,5
151,0.0706,0.8681,0.0613,5
152,0.0726,0.8667,0.0607,5
153,0.0695,0.8695,0.061,5
154,0.0709,0.868,0.0611,5
155,0.0703,0.8686,0.0611,5
156,0.0746,0.8639,0.0615,5
157,0.072,0.8675,0.0605,5
158,0.0702,0.8689,0.0609,5
159,0.0688,0.8696,0.0616,5
160,0.0731,0.8656,0.0613,5
161,0.0713,0.8685,0.0602,5
162,0.0728,0.8661,0.0611,5
163,0.0699,0.8691,0.061,5
164,0.0734,0.8659,0.0607,5
165,0.0703,0.8691,0.0606,5
166,0.0711,0.8678,0.0611,5
167,0.0698,0.8686,0.0616,5
168,0.0731,0.8653,0.0616,5
169,0.0718,0.8674,0.0608,5
170,0.0717,0.8676,0.0607,5
171,0.0693,0.8693,0.0614,5
172,0.0725,0.8658,0.0617,5
173,0.0705,0.8687,0.0608,5
174,0.0724,0.8661,0.0615,5
175,0.0707,0.8683,0.061,5
176,0.0735,0.8661,0.0604,5
177,0.0704,0.869,0.0606,5
178,0.0706,0.8681,0.0613,5
179,0.0698,0.8692,0.061,5
180,0.0751,0.8638,0.0611,5
181,0.0715,0.8684,0.0601,5
182,0.0706,0.869,0.0604,5
183,0.0687,0.8695,0.0618,5
184,0.0725,0.866,0.0615,5
185,0.0719,0.8673,0.0608,5
186,0.0727,0.866,0.0613,5
187,0.0697,0.8689,0.0614,5
188,0.0718,0.8666,0.0616,5
189,0.07,0.8691,0.0609,5
190,0.072,0.8667,0.0613,5
191,0.0705,0.8684,0.0611,5
192,0.0747,0.8642,0.0611,5
193,0.0711,0.8684,0.0605,5
194,0.0708,0.8686,0.0606,5
195,0.0695,0.8693,0.0612,5
196,0.0732,0.8658,0.061,5
197,0.0711,0.8686,0.0603,5
198,0.0719,0.8669,0.0612,5
199,0.0705,0.8683,0.0612,5
200,0.073,0.8664,0.0606,5
0,0.3364,0.3342,0.3294,6
1,0.533,0.3622,0.1048,6
2,0.2202,0.7607,0.0191,6
3,0.0836,0.8975,0.0189,6
4,0.0688,0.9089,0.0223,6
5,0.0643,0.9142,0.0215,6
6,0.0655,0.9118,0.0227,6
7,0.0648,0.9095,0.0257,6
8,0.0713,0.9031,0.0256,6
9,0.0702,0.903,0.0268,6
10,0.0716,0.9008,0.0276,6
11,0.0702,0.9011,0.0287,6
12,0.0752,0.8951,0.0297,6
13,0.0736,0.8953,0.0311,6
14,0.0776,0.8913,0.0311,6
15,0.0697,0.8984,0.0319,6
16,0.0734,0.8935,0.0331,6
17,0.0739,0.8922,0.0339,6
18,0.0764,0.8895,0.0341,6
19,0.0727,0.8918,0.0355,6
20,0.0763,0.8889,0.0348,6
21,0.0736,0.8921,0.0343,6
22,0.0748,0.89,0.0352,6
23,0.0723,0.8923,0.0354,6
24,0.0749,0.8898,0.0353,6
25,0.0711,0.8921,0.0368,6
26,0.0764,0.8874,0.0362,6
27,0.0711,0.8924,0.0365,6
28,0.0739,0.8891,0.037,6
29,0.0747,0.8885,0.0368,6
30,0.0738,0.8894,0.0368,6
31,0.0701,0.8915,0.0384,6
32,0.0762,0.8858,0.038,6
33,0.0737,0.8887,0.0376,6
34,0.0756,0.8865,0.0379,6
35,0.0712,0.8907,0.0381,6
36,0.0728,0.8891,0.0381,6
37,0.0722,0.888,0.0398,6
38,0.0778,0.8832,0.039,6
39,0.0719,0.8894,0.0387,6
40,0.0723,0.8885,0.0392,6
41,0.0726,0.8882,0.0392,6
42,0.0745,0.886,0.0395,6
43,0.0715,0.8875,0.041,6
44,0.0776,0.8824,0.04,6
45,0.0716,0.8887,0.0397,6
46,0.0743,0.8859,0.0398,6
47,0.0732,0.8868,0.04,6
48,0.0748,0.8855,0.0397,6
49,0.0733,0.8858,0.0409,6
50,0.0767,0.8833,0.04,6
51,0.0706,0.8898,0.0396,6
52,0.0735,0.886,0.0405,6
53,0.0755,0.8844,0.0401,6
54,0.0765,0.8837,0.0398,6
55,0.0697,0.8892,0.0411,6
56,0.0761,0.8835,0.0404,6
57,0.0732,0.8866,0.0402,6
58,0.0761,0.8836,0.0403,6
59,0.0739,0.8859,0.0402,6
60,0.0737,0.8865,0.0398,6
61,0.0723,0.8868,0.0409,6
62,0.0778,0.882,0.0402,6
63,0.0723,0.8877,0.04,6
64,0.0751,0.8848,0.0401,6
65,0.0735,0.8867,0.0398,6
66,0.0742,0.8859,0.0399,6
67,0.0713,0.8872,0.0415,6
68,0.0786,0.881,0.0404,6
69,0.0739,0.8864,0.0397,6
70,0.0737,0.8861,0.0402,6
71,0.0722,0.8876,0.0402,6
72,0.0745,0.8853,0.0402,6
73,0.0735,0.8851,0.0414,6
74,0.0796,0.8803,0.0401,6
75,0.0708,0.8895,0.0397,6
76,0.073,0.8871,0.0399,6
77,0.0744,0.8854,0.0402,6
78,0.076,0.8841,0.0399,6
79,0.0723,0.8867,0.041,6
80,0.076,0.8836,0.0404,6
81,0.0724,0.8878,0.0398,6
82,0.0752,0.8845,0.0403,6
83,0.0738,0.886,0.0402,6
84,0.0754,0.8846,0.04,6
85,0.0714,0.8874,0.0412,6
86,0.0775,0.8823,0.0402,6
87,0.0715,0.8882,0.0403,6
88,0.0751,0.8846,0.0403,6
89,0.0763,0.8839,0.0398,6
90,0.0741,0.8864,0.0395,6
91,0.0698,0.8891,0.0411,6
92,0.0773,0.8822,0.0405,6
93,0.0742,0.886,0.0398,6
94,0.0756,0.8842,0.0402,6
95,0.0721,0.8878,0.0401,6
96,0.074,0.8862,0.0398,6
97,0.0725,0.8862,0.0413,6
98,0.0787,0.8808,0.0405,6
99,0.0727,0.8873,0.04,6
100,0.0732,0.8866,0.0402,6
101,0.0735,0.8864,0.0401,6
102,0.0757,0.8843,0.04,6
103,0.0725,0.8863,0.0412,6
104,0.078,0.882,0.04,6
105,0.0719,0.8884,0.0397,6
106,0.074,0.886,0.04,6
107,0.073,0.8868,0.0402,6
108,0.0751,0.8847,0.0402,6
109,0.074,0.8849,0.0411,6
110,0.0775,0.8824,0.0401,6
111,0.0703,0.8899,0.0398,6
112,0.0739,0.8855,0.0406,6
113,0.0756,0.8841,0.0403,6
114,0.0765,0.8837,0.0398,6
115,0.0699,0.8888,0.0413,6
116,0.0767,0.8831,0.0402,6
117,0.0735,0.8866,0.0399,6
118,0.0757,0.8843,0.04,6
119,0.0739,0.8861,0.04,6
120,0.0731,0.8871,0.0398,6
121,0.0719,0.8872,0.0409,6
122,0.078,0.8814,0.0406,6
123,0.0726,0.8873,0.0401,6
124,0.0754,0.8845,0.0401,6
125,0.0734,0.8867,0.0399,6
126,0.0743,0.8858,0.0399,6
127,0.0709,0.8875,0.0416,6
128,0.0784,0.8811,0.0405,6
129,0.0742,0.8859,0.0399,6
130,0.074,0.886,0.04,6
131,0.0727,0.8874,0.0399,6
132,0.0743,0.8858,0.0399,6
133,0.0732,0.8856,0.0412,6
134,0.0793,0.8806,0.0401,6
135,0.0706,0.8897,0.0397,6
136,0.0727,0.887,0.0403,6
137,0.0748,0.8849,0.0403,6
138,0.0767,0.8834,0.0399,6
139,0.072,0.8869,0.0411,6
140,0.0758,0.8838,0.0404,6
141,0.0723,0.8878,0.0399,6
142,0.0752,0.8844,0.0404,6
143,0.0737,0.8859,0.0404,6
144,0.0759,0.8843,0.0398,6
145,0.0721,0.887,0.0409,6
146,0.0769,0.8832,0.0399,6
147,0.0714,0.8885,0.0401,6
148,0.0749,0.8848,0.0403,6
149,0.0757,0.8845,0.0398,6
150,0.074,0.8861,0.0399,6
151,0.0704,0.8884,0.0412,6
152,0.0777,0.8818,0.0405,6
153,0.0737,0.8864,0.0399,6
154,0.0759,0.8839,0.0402,6
155,0.072,0.8878,0.0402,6
156,0.0736,0.8865,0.0399,6
157,0.0726,0.8859,0.0415,6
158,0.0794,0.8803,0.0403,6
159,0.073,0.8873,0.0397,6
160,0.0728,0.8873,0.0399,6
161,0.0735,0.8866,0.0399,6
162,0.0751,0.8849,0.04,6
163,0.0721,0.8867,0.0412,6
164,0.0782,0.8814,0.0404,6
165,0.0722,0.888,0.0398,6
166,0.0743,0.8857,0.04,6
167,0.0729,0.8868,0.0403,6
168,0.0752,0.8846,0.0402,6
169,0.0736,0.8852,0.0412,6
170,0.0773,0.8825,0.0402,6
171,0.0706,0.8894,0.04,6
172,0.0742,0.8854,0.0404,6
173,0.0761,0.8839,0.04,6
174,0.0763,0.8842,0.0395,6
175,0.0696,0.8893,0.0411,6
176,0.0764,0.8834,0.0402,6
177,0.0733,0.8868,0.0399,6
178,0.0754,0.8842,0.0404,6
179,0.0743,0.8856,0.0401,6
180,0.0738,0.8864,0.0398,6
181,0.0716,0.8874,0.041,6
182,0.0778,0.8816,0.0406,6
183,0.0725,0.8873,0.0402,6
184,0.0754,0.8844,0.0402,6
185,0.0733,0.8866,0.0401,6
186,0.0748,0.8855,0.0397,6
187,0.0716,0.8871,0.0413,6
188,0.0778,0.882,0.0402,6
189,0.0741,0.8862,0.0397,6
190,0.0738,0.8862,0.04,6
191,0.0721,0.888,0.0399,6
192,0.0742,0.8855,0.0403,6
193,0.0738,0.8849,0.0413,6
194,0.0797,0.8802,0.0401,6
195,0.0701,0.8901,0.0398,6
196,0.073,0.8867,0.0403,6
197,0.0747,0.8849,0.0404,6
198,0.0763,0.8837,0.04,6
199,0.0721,0.8866,0.0413,6
200,0.0765,0.8833,0.0402,6
0,0.337,0.3335,0.3295,7
1,0.5216,0.3644,0.114,7
2,0.2558,0.7196,0.0246,7
3,0.1084,0.8718,0.0198,7
4,0.0767,0.9022,0.0211,7
5,0.0753,0.903,0.0217,7
6,0.0761,0.9018,0.0221,7
7,0.0771,0.9001,0.0228,7
8,0.0759,0.9003,0.0238,7
9,0.0758,0.8996,0.0246,7
10,0.0756,0.8991,0.0253,7
11,0.0721,0.902,0.0259,7
12,0.0753,0.8972,0.0275,7
13,0.0748,0.8959,0.0293,7
14,0.0727,0.8981,0.0292,7
15,0.0726,0.8974,0.03,7
16,0.074,0.8947,0.0313,7
17,0.0703,0.8975,0.0322,7
18,0.0733,0.8927,0.034,7
19,0.0735,0.8917,0.0348,7
20,0.0732,0.8922,0.0346,7
21,0.0722,0.8923,0.0355,7
22,0.0757,0.8882,0.0361,7
23,0.0722,0.8905,0.0373,7
24,0.0725,0.8895,0.038,7
25,0.0739,0.8881,0.038,7
26,0.0744,0.888,0.0376,7
27,0.0741,0.8877,0.0382,7
28,0.0755,0.8855,0.039,7
29,0.0729,0.8884,0.0387,7
30,0.0761,0.885,0.0389,7
31,0.0764,0.8849,0.0387,7
32,0.0769,0.8856,0.0375,7
33,0.0767,0.8855,0.0378,7
34,0.0774,0.8848,0.0378,7
35,0.0737,0.8889,0.0374,7
36,0.0745,0.8873,0.0382,7
37,0.076,0.8854,0.0386,7
38,0.0753,0.8861,0.0386,7
39,0.0738,0.8876,0.0386,7
40,0.0758,0.8855,0.0387,7
41,0.0735,0.8879,0.0386,7
42,0.0763,0.8847,0.039,7
43,0.0771,0.8831,0.0398,7
44,0.0744,0.8865,0.0391,7
45,0.0737,0.8875,0.0388,7
46,0.0762,0.8851,0.0387,7
47,0.075,0.8864,0.0386,7
48,0.0753,0.8848,0.0399,7
49,0.0754,0.8849,0.0397,7
50,0.0757,0.8858,0.0385,7
51,0.075,0.8863,0.0387,7
52,0.076,0.8851,0.0389,7
53,0.0736,0.8871,0.0393,7
54,0.0751,0.8854,0.0395,7
55,0.0766,0.8841,0.0393,7
56,0.0749,0.8865,0.0386,7
57,0.075,0.8863,0.0387,7
58,0.0772,0.8834,0.0394,7
59,0.0732,0.8877,0.0391,7
60,0.0744,0.8864,0.0392,7
61,0.0759,0.8848,0.0393,7
62,0.0761,0.8853,0.0386,7
63,0.0755,0.8853,0.0392,7
64,0.0758,0.885,0.0392,7
65,0.0737,0.8875,0.0388,7
66,0.0747,0.8861,0.0392,7
67,0.0766,0.8842,0.0392,7
68,0.0755,0.8853,0.0392,7
69,0.0739,0.8869,0.0392,7
70,0.0768,0.8845,0.0387,7
71,0.0744,0.887,0.0386,7
72,0.0754,0.8853,0.0393,7
73,0.0756,0.8844,0.04,7
74,0.0746,0.8865,0.0389,7
75,0.0752,0.8862,0.0386,7
76,0.0761,0.885,0.0389,7
77,0.0742,0.8871,0.0387,7
78,0.076,0.8843,0.0397,7
79,0.0761,0.8842,0.0397,7
80,0.0743,0.887,0.0387,7
81,0.0738,0.8875,0.0387,7
82,0.0774,0.8839,0.0387,7
83,0.0748,0.8859,0.0393,7
84,0.0744,0.886,0.0396,7
85,0.076,0.8847,0.0393,7
86,0.0755,0.8859,0.0386,7
87,0.0749,0.8864,0.0387,7
88,0.0761,0.8845,0.0394,7
89,0.0733,0.8876,0.0391,7
90,0.0755,0.8853,0.0392,7
91,0.0765,0.8843,0.0392,7
92,0.0756,0.8858,0.0386,7
93,0.0748,0.8858,0.0394,7
94,0.0756,0.8852,0.0392,7
95,0.0739,0.8875,0.0386,7
96,0.0749,0.8859,0.0392,7
97,0.0764,0.8842,0.0394,7
98,0.076,0.8849,0.0391,7
99,0.0747,0.8863,0.039,7
100,0.0762,0.8849,0.0389,7
101,0.0729,0.8883,0.0388,7
102,0.0755,0.8854,0.0391,7
103,0.0771,0.8831,0.0398,7
104,0.0745,0.8864,0.0391,7
105,0.0744,0.8869,0.0387,7
106,0.0768,0.8845,0.0387,7
107,0.0749,0.8864,0.0387,7
108,0.0746,0.8855,0.0399,7
109,0.0749,0.8854,0.0397,7
110,0.0757,0.8858,0.0385,7
111,0.075,0.8863,0.0387,7
112,0.0767,0.8845,0.0388,7
113,0.0742,0.8865,0.0393,7
114,0.075,0.8854,0.0396,7
115,0.0759,0.8848,0.0393,7
116,0.0744,0.887,0.0386,7
117,0.075,0.8863,0.0387,7
118,0.0772,0.8834,0.0394,7
119,0.0739,0.8871,0.039,7
120,0.075,0.8858,0.0392,7
121,0.0758,0.8848,0.0394,7
122,0.0754,0.886,0.0386,7
123,0.075,0.8858,0.0392,7
124,0.0758,0.885,0.0392,7
125,0.0737,0.8875,0.0388,7
126,0.0754,0.8855,0.0391,7
127,0.0772,0.8836,0.0392,7
128,0.0754,0.8853,0.0393,7
129,0.0732,0.8876,0.0392,7
130,0.0763,0.885,0.0387,7
131,0.0744,0.887,0.0386,7
132,0.0754,0.8853,0.0393,7
133,0.0763,0.8838,0.0399,7
134,0.0752,0.8859,0.0389,7
135,0.0751,0.8862,0.0387,7
136,0.0754,0.8857,0.0389,7
137,0.0737,0.8876,0.0387,7
138,0.076,0.8843,0.0397,7
139,0.0761,0.8842,0.0397,7
140,0.075,0.8864,0.0386,7
141,0.0744,0.8869,0.0387,7
142,0.0773,0.8839,0.0388,7
143,0.0741,0.8866,0.0393,7
144,0.0739,0.8865,0.0396,7
145,0.076,0.8847,0.0393,7
146,0.0755,0.8859,0.0386,7
147,0.0756,0.8858,0.0386,7
148,0.0767,0.8839,0.0394,7
149,0.0732,0.8876,0.0392,7
150,0.0748,0.886,0.0392,7
151,0.076,0.8848,0.0392,7
152,0.0756,0.8858,0.0386,7
153,0.0748,0.8858,0.0394,7
154,0.0763,0.8846,0.0391,7
155,0.0745,0.8869,0.0386,7
156,0.0748,0.8859,0.0393,7
157,0.0757,0.8849,0.0394,7
158,0.0755,0.8854,0.0391,7
159,0.0747,0.8863,0.039,7
160,0.0762,0.8849,0.0389,7
161,0.0736,0.8877,0.0387,7
162,0.0761,0.8848,0.0391,7
163,0.077,0.8831,0.0399,7
164,0.0738,0.8871,0.0391,7
165,0.0739,0.8874,0.0387,7
166,0.0768,0.8845,0.0387,7
167,0.0749,0.8864,0.0387,7
168,0.0753,0.8849,0.0398,7
169,0.0755,0.8848,0.0397,7
170,0.0756,0.8858,0.0386,7
171,0.0743,0.887,0.0387,7
172,0.0762,0.885,0.0388,7
173,0.0742,0.8865,0.0393,7
174,0.075,0.8854,0.0396,7
175,0.0766,0.8842,0.0392,7
176,0.075,0.8864,0.0386,7
177,0.0749,0.8863,0.0388,7
178,0.0765,0.8841,0.0394,7
179,0.0734,0.8876,0.039,7
180,0.075,0.8858,0.0392,7
181,0.0758,0.8848,0.0394,7
182,0.0761,0.8854,0.0385,7
183,0.0756,0.8852,0.0392,7
184,0.0757,0.885,0.0393,7
185,0.073,0.8882,0.0388,7
186,0.0749,0.886,0.0391,7
187,0.0772,0.8836,0.0392,7
188,0.0754,0.8853,0.0393,7
189,0.0739,0.887,0.0391,7
190,0.0769,0.8844,0.0387,7
191,0.0743,0.887,0.0387,7
192,0.0747,0.886,0.0393,7
193,0.0758,0.8843,0.0399,7
194,0.0752,0.8859,0.0389,7
195,0.0751,0.8862,0.0387,7
196,0.0761,0.8851,0.0388,7
197,0.0743,0.887,0.0387,7
198,0.0759,0.8843,0.0398,7
199,0.0754,0.8849,0.0397,7
200,0.0745,0.8869,0.0386,7
0,0.3405,0.3206,0.3389,8
1,0.5303,0.3614,0.1083,8
2,0.237,0.7453,0.0177,8
3,0.0915,0.894,0.0145,8
4,0.065,0.9173,0.0177,8
5,0.0587,0.9219,0.0194,8
6,0.0648,0.9151,0.0201,8
7,0.0646,0.9148,0.0206,8
8,0.0668,0.912,0.0212,8
9,0.0649,0.9136,0.0215,8
10,0.0659,0.9115,0.0226,8
11,0.0624,0.9139,0.0237,8
12,0.0691,0.907,0.0239,8
13,0.0661,0.9098,0.0241,8
14,0.0654,0.9087,0.0259,8
15,0.0635,0.9095,0.027,8
16,0.0697,0.9025,0.0278,8
17,0.068,0.9044,0.0276,8
18,0.0688,0.9032,0.028,8
19,0.0643,0.9075,0.0282,8
20,0.0691,0.9016,0.0293,8
21,0.0696,0.9018,0.0286,8
22,0.0702,0.9007,0.0291,8
23,0.0653,0.9058,0.0289,8
24,0.0691,0.9012,0.0297,8
25,0.0675,0.9026,0.0299,8
26,0.0697,0.8998,0.0305,8
27,0.0673,0.9022,0.0305,8
28,0.0691,0.9002,0.0307,8
29,0.0667,0.9025,0.0308,8
30,0.0708,0.8981,0.0311,8
31,0.0679,0.9019,0.0302,8
32,0.0705,0.8992,0.0303,8
33,0.0672,0.9029,0.0299,8
34,0.0682,0.9007,0.0311,8
35,0.0654,0.903,0.0316,8
36,0.0718,0.8969,0.0313,8
37,0.0687,0.9005,0.0308,8
38,0.0683,0.9001,0.0316,8
39,0.0661,0.9022,0.0317,8
40,0.0708,0.8974,0.0318,8
41,0.0689,0.9002,0.0309,8
42,0.0714,0.8979,0.0307,8
43,0.066,0.9038,0.0302,8
44,0.068,0.9007,0.0313,8
45,0.0685,0.9002,0.0313,8
46,0.0707,0.8977,0.0316,8
47,0.0666,0.9019,0.0315,8
48,0.0701,0.8986,0.0313,8
49,0.0672,0.9017,0.0311,8
50,0.0694,0.8988,0.0318,8
51,0.0684,0.9006,0.031,8
52,0.0711,0.8982,0.0307,8
53,0.0667,0.903,0.0303,8
54,0.0691,0.8997,0.0312,8
55,0.0663,0.9024,0.0313,8
56,0.0707,0.8978,0.0315,8
57,0.0689,0.9,0.0311,8
58,0.0688,0.8997,0.0315,8
59,0.065,0.9032,0.0318,8
60,0.0713,0.8971,0.0316,8
61,0.0698,0.8997,0.0305,8
62,0.0701,0.8989,0.031,8
63,0.0665,0.903,0.0305,8
64,0.0689,0.8998,0.0313,8
65,0.0672,0.9014,0.0314,8
66,0.0713,0.8974,0.0313,8
67,0.0671,0.9018,0.0311,8
68,0.0685,0.9,0.0315,8
69,0.0679,0.9007,0.0314,8
70,0.0702,0.8979,0.0319,8
71,0.0675,0.9014,0.0311,8
72,0.072,0.8975,0.0305,8
73,0.067,0.9031,0.0299,8
74,0.0676,0.9011,0.0313,8
75,0.0666,0.9018,0.0316,8
76,0.0712,0.8973,0.0315,8
77,0.0682,0.9006,0.0312,8
78,0.0696,0.899,0.0314,8
79,0.0657,0.9029,0.0314,8
80,0.0701,0.8981,0.0318,8
81,0.0699,0.8993,0.0308,8
82,0.0707,0.8984,0.0309,8
83,0.0654,0.904,0.0306,8
84,0.0694,0.8995,0.0311,8
85,0.0681,0.9009,0.031,8
86,0.07,0.8984,0.0316,8
87,0.0676,0.901,0.0314,8
88,0.0694,0.8991,0.0315,8
89,0.0666,0.9019,0.0315,8
90,0.0708,0.8976,0.0316,8
91,0.068,0.9013,0.0307,8
92,0.0704,0.8989,0.0307,8
93,0.0677,0.9021,0.0302,8
94,0.0684,0.9002,0.0314,8
95,0.0657,0.9026,0.0317,8
96,0.0721,0.8966,0.0313,8
97,0.0685,0.9007,0.0308,8
98,0.0681,0.9004,0.0315,8
99,0.066,0.9023,0.0317,8
100,0.0706,0.8976,0.0318,8
101,0.0692,0.8999,0.0309,8
102,0.0715,0.8977,0.0308,8
103,0.0661,0.9037,0.0302,8
104,0.0682,0.9005,0.0313,8
105,0.0682,0.9005,0.0313,8
106,0.0706,0.8979,0.0315,8
107,0.0665,0.902,0.0315,8
108,0.0699,0.8988,0.0313,8
109,0.0675,0.9014,0.0311,8
110,0.0695,0.8986,0.0319,8
111,0.0685,0.9005,0.031,8
112,0.0713,0.898,0.0307,8
113,0.0664,0.9033,0.0303,8
114,0.069,0.8999,0.0311,8
115,0.0662,0.9025,0.0313,8
116,0.0705,0.898,0.0315,8
117,0.0692,0.8997,0.0311,8
118,0.0689,0.8995,0.0316,8
119,0.0651,0.9031,0.0318,8
120,0.0715,0.8969,0.0316,8
121,0.0695,0.9,0.0305,8
122,0.07,0.8991,0.0309,8
123,0.0664,0.9031,0.0305,8
124,0.0687,0.9,0.0313,8
